  4 20 62 71 69 87 96 25 98 41 99  1 94 91 36 71 28 50 11 14 76 20 78 70 43 59 88 68 48 48 39 36  2 51 91  4 32 62 46 55 73 97 71 50 54 73 44 95 53 18
 44 54  7 54 61 18 45 64 81 57 13 45 60 12 89 20 47 81 11 56 30 51 18 91 48 94 32 67 95 75 82 41  7 39 25 49 39 53 66 96 36 41  8 92 92 82 78 19 12 54
 15 80 61 37 72 73 55 19 80 48 10 17 67 21  9 79 89 20 94 47 90 44 49 28 46 82 96 91 28 93 30 64 41 53 86  6 68 25  8 62 17 49 92 20 77 24 53 71 88 88
 24 75 31 34 87 88 62 59 39  4 74 90 29 99 74  4 86 22 10 96 56 28 90 71 12  1  6 41 30 21 64 92  1 85 94 24 83  4 57  8 17 83 47 57 93 54 79  5 30 90
 58 55 34 66 67 70 16 25 34  1 18  2 86 34 82 55 59 21 31 53 25 69 71 85 80 39 71 66 74 57 54  2 27 55  7 94 85  3 46  7 26 95 21  4 98  9 52 48 59 17
 53 26 89 34 29 32 28 46 49 55  8 34 40 48 68 59 87  1 87 91 99 95 21 62 87 84 96 47 60 82 60 53 98 48 30 39 52 22 63 19 49 50 20 85 31 99 61 96 82 75
 80 35 39 85 45 13 81 78 25 81 21 87 40 30 11 76 79 75 77 17 51 29 11 73 50 86 56 93 79 57 85 17 88 89 39 41  8 21 33 36 75  2 65 57 22 41 89 62 43 30
 56  8  1 51 73  4 58 24 69 39 33 16 75 19  1 30 44  8 45 19 53 38 39 68 83 94 34  1 23 32 70 35 78 89 88 92 50 64 61 35 81 69 80 38 44 49 85 26 15 97
 11 64 32 10 37 86 35 41  7 56 10 15 25 15 54  3 43 10 27 10 39  2 24 50 64 44 34 97 93 81 15 42 34 87 53 82 64 96 60 20 78 12 15 63 81 98 97  2  2 44
 64 94 23 88 52 23 26  9 63 24  8 32 97 17 76 45 28 89 75 71 46 40 66 87 91 50 54 60 10 79 43 34 77 92  3 98 40 19 68 85  2 51 35 91 68  3 26 49 37 25
 50 83 82 78 44 23 66 24 56 92 30 31 88 85 50 34 91 55  7 49 38 73 47 95 48 54 94 21 41 30 42 44 28 82  4 64 38  9 37 87 37 26 80 83 50 50 50 42 88 55
 22  1 88 69 50 79 59 18 98 21 35 94 57 71 76 97  7 87 89 53 19 69 66 61 18 86 51 90 80 22  6 52 16 84 12 74 69 22 12 80 45 51 96 80 87 92 20 95 16 64
 50 62 28  4 11 13 46 23 41 74 15 67 39  4 13 43 84 41 33 41 82 99 63 29 86 28 80  7  1  5 64 17 81 48  9 77 92 15 49 41 17 32 25 89  9 29 38  2 91 57
 24  2 51 49 39 62 85 70 86 18 90 36 51 20 23 17 23 47 66  3 59 30 85 16 81 95 81 14 96 23 44  8 15 48 95 62 90 41 70 56 50 29 39 72 94 70 40 33 16 79
 56 43 63 60  3 89 52 42 24 53 77 12 71 14 62 75 97  3 54 41 71 11 12 54 21 14 82 35 21 38 52 82 40 47 91 60 61 21 67 29 46 74 11 72 56 81 80 87 44 41
 59 41 64 30 51 16 64 72 68 31 93 86 91 34  6 27 62 35 57 67 96 69  8 92  1 37 69 57 59 85 86 98 96 55  9  2 71 85  2 96  7 78 55  7 50  5 60 61 68 87
 72 81  8 73 93 38 85 94 88 69 90 26 23 44 97 67 53 75 69 44 13 47 98 41 46 25 56 50 35 59 78 44 57 21 59 60 52 62 14 58 24  8 22 72 37 90 96 26 23 91
 41 80 74 15 89 24 36 86 98 51 32 92 51 98 88  1 13 50 80 56 50 58 75  4 73 90  2 73 75 67 99 93  9 27 61 64 43 32 56 61 55 99 77 66 25 28 87 25 18 61
 18 39 96 18 16 48 22 53 71 24 17 47 44 62  4 85 74 59 41 13 82 26 39 28 59 49 87 32 65 24 48 72 15  5 68 36  7 52 45 87 42 68  9 53 59 65 81 12 39 62
 90 34 66 10 95 51 15  4 66 24 53 87 26 64 13 16 23 61 78 58 13 99 87 70 84  3 48 78 79 20 51 83 51  1  2 73 82 34 26 49 39 24 39 69  1  1 79 27 20 2279 14 58 57  3 80 74 73 35 13 49 80 86 60 50 21 91 79 65 26 23 56 96 35 16 28 21  4 89 89 75 95 86 39 44 68 16 39 71 57 33 55 74 21 94 26 15 98 18 62 44 12 59 49 37 86 91 23 53 27 69 94 15  6 55 94 89 63 87 74 42  6 45 41 55 88 94 54 76 30 44 90 50 47  8  8 88 42 88 64 67 93 67 33 38 63 42 83  3 41 59  9 79  4 85 88 56  4 17 27 82 96 61 56 65 37 47 75 98 29 86 34 99  4 78 81 74 52  3 66 81 55 78 80 88 32 39 11 38 93 52 28 15 59 33  6 35 27 24 25 56 86 34 84 78 81 91 38 94 28 55 14 51 52 66 11 52 73 78 79 81 47 83 62 48 34 83  9 14 52 10 60 75 44 14 52 65 80  2 90 88 93 81 16 89 87 36 63 57  5  2 58 28  9 69 54 64 62 17  1 82 44 19  1 60 82 10  4 83 82 29 76 18 44 65 16 70 46 65  2 42 53 88 56 66 79 56 15 25 61  8 38 24 26 17 20 95 20 46 94  2 14 52 90 62 80 52 55 83 51 83 20 72 64  2 21 34 96 24  8 49 86 13 70 37 23 52 26 72 29 38 38 73 37 93 37 53 51 76 33 87 47 65 71 90 25 25 91 15 49 47 57 86 35 20 63 18 92 62 70  2 24 23  8 97 25 66 71 90 31 92 45 27 73 82 95 38 82  5 17 32 19 52 39 77 52 74 76  1 51 74 37 23 23 15 44 96 56 19 67 32 22 23 95 68 89  3 76 40  6 79 43 19 98 77 76 57  1 27 19 81  3 90 16 20 36 93 80 12 98 26 41 55 23 64 64 93 25 71 48 98 48  4 29 83 56 43 89 28 26 65 86 54 97 69 70 20 60 55  4 48 78  9 39 72 69 27 74 64 17 51 61 78  9 23 19 34 43 26 15 32 46 65  8 44 70  4 62 26 26 41 85 17 90 75 18 22 32 26 39 12 39 97 14 39 30 33 84 23 60 64  1 30  9 93 40 31 55 94 21 32 46 55 15 30 85 96 59 89 81 90 20 43 95 59 77 83 71 33
