 66 46 25 30 17 40 17 20 73  5 60  3 91 34 81 58 48 71 57  5  8 19 78  2  1 78  8 14 46 98 50 88 28 66 43 23 93 52  1 77 54 45 56 54 57 23 18 88 38 72
 55 63 71 21 74 65 52 91 12 22 12 26 97 30 30 12 94 46 20 73 58 10 77 27 33 53 23  2 65 35  7 54 43 87 56  4 29 35 37 53 10 90 95 85  2 36 85  5  3 45
 65 35 49  2 95 14 67  8 62 25  2 40 68 75 72  5  5 10 33 56 89 54 31  1 61 25 11  7 88 65 74 16 87 57 89 85 46 54 23 23 96 79 70 33 50 18 65 87 18 15
 57 72 48  6 10 98 55 71 19 28 31 79 69 11  4 12 71 62  2 95 35 82 57  7 24 62 70 89 87 21 54 16 72 31 24 94 18 83 36 73 67 74 75 93 16 74 70 16 81 93
 58 66  5 69 38 93 59 56 26 96 60 18 74 93 12 56 36 71 38 96 84 84 65 17 78 45 83 53 60 60  9  7 51 85 66  6  3 93 88 40 85 92 15 51 55 19 58 84  4 23
 38 23 13  1 10 76 49  2 81 43 51 71 29 44 26 27 27 56 21 76 88  9 33  6 40 64  5  5  7  5 76 63 35 94 65 25  6 87 60 33 67 81 93 98  9 94 49 27 62 90
  5 13 36 54 76 40 67 31 35 48 85 41 82 95 15 24 77  6 79 36 18 21 34 42 74 46  1 88 29 95 67 41 98 31 25 70 62 45 59 68 22 81 44 80 88 25 93 61  1 97
 26 40 84 84 74 39 65 15 71 92 44 27 93  2 55 44 55 23 25  1 51 12 47 98 41 18 44 72 88 60 29 99  2 17 79  6 29 89  4 70 10 79 64 92 42 79 56 94 26 93
 66 41 74 62 70 30 66 11 51 43 32 23 20  1 54 55 65 22 99 97 21 63 45 70 41  6 70 33 97 32 28 54 63 16 12  2 50 48 34 75 45  2 39  4 46 11 66 59 28 74
 93 95 48 71 30 22  3 22 82 35 56 14 88 41  4 52 17 95 15 85 12 11 24 71 46 59 16 33 53 22 49 44 76 88 45 52 31 66 17 68 99 78 87 45 78 51 87  4 45  9
 39 12 45 34 11 71 53 28 93 61 61 78 13 49 15 31 93 83 20  1 13 36  6 22 44 65 87 50 96 51 48 89 69 83 22 26 29 67 70 59 34 18  4 65 58 35 86 34 49 88
 42 79 25 18 75 45 54 19 80 15 22 56 63 56 79 82 92 19 45 32 11 59 22 14 88 82 82 71  8 13 53 71 98 99 54 20 62 18 81 60  1 93  8 92 60 87 11 24 11 98
 40 62  8 13 87 40 27 44 41 70 10 94 25 10 36 87 37 86 76 70 17 92 90 58 19 97 80 28 67 59  9 92  7 19 82 60 60 58 74 70 72 33 71 68 94 82 46 78 37 69
  7 34 69 18 98  8 58 86 77 50 50 82 16 17 68 65 92 37 47 70 66 30  7 37  5 52 86 36 29  4 99 53 52  9  8 50 62 14 21 88  7 85 62 10 61 92 47 77 37 96
 50  4 20 19 58 22 56 92 59 34 17 39 59  7 59  2 70 72 90 56 26 50  4  8 60 60 80 38 51 25 97 73 46 82 92 42 65 12 34 23 99 48 41 40 76 89 42 90 61 25
 27 60 79 50 15 65 80 67 70 94 61 55  2 55 78 27 13 20 38 75 23 61 37 43 69  2 44 25 12 31  1 54 94 63 91 27 55 74 77 77 81 29 91 20 99 27 30 85  5  4
 64 44 58  7 69 12  5 69 46 23 95 24 58 88 46 65 31 84  4 73 43 97 49  2 54 12 31 52 29 98 46 83 78 52 63 66 45 49 21 13  9 87  3 15 55  5  8 94 60 18
 20 65 50 76 75  7 82 49  3 56 38 85 29 26 23 28 19 10 72 33 21 79 55 69 38 15 58 36 11 98  2 74 16 21 10 98 74 84 55 19 20 37 90 76 10 81 27 52 21  1
 79 18 99 75 47 96  6 22  3 29 12 53 42 61 49 56  9  6 54 57 16 95 26 25 71 50 38 15 85 20 25 67  7 12 50  8 82  5  9 41 85 77 74 17 38 42 20 68 93 15
 28 91 32 56 70 51  9 94 63 33 89  6 41 22 68 83 79 69 44 64 77 46 76 64 25 55 30 89 96 71 69 88 24 41 53  8 58 19 50 21 43 18 74 50 20 81 98 92 21 8379 14 58 57  3 80 74 73 35 13 49 80 86 60 50 21 91 79 65 26 23 56 96 35 16 28 21  4 89 89 75 95 86 39 44 68 16 39 71 57 33 55 74 21 94 26 15 98 18 62 44 12 59 49 37 86 91 23 53 27 69 94 15  6 55 94 89 63 87 74 42  6 45 41 55 88 94 54 76 30 44 90 50 47  8  8 88 42 88 64 67 93 67 33 38 63 42 83  3 41 59  9 79  4 85 88 56  4 17 27 82 96 61 56 65 37 47 75 98 29 86 34 99  4 78 81 74 52  3 66 81 55 78 80 88 32 39 11 38 93 52 28 15 59 33  6 35 27 24 25 56 86 34 84 78 81 91 38 94 28 55 14 51 52 66 11 52 73 78 79 81 47 83 62 48 34 83  9 14 52 10 60 75 44 14 52 65 80  2 90 88 93 81 16 89 87 36 63 57  5  2 58 28  9 69 54 64 62 17  1 82 44 19  1 60 82 10  4 83 82 29 76 18 44 65 16 70 46 65  2 42 53 88 56 66 79 56 15 25 61  8 38 24 26 17 20 95 20 46 94  2 14 52 90 62 80 52 55 83 51 83 20 72 64  2 21 34 96 24  8 49 86 13 70 37 23 52 26 72 29 38 38 73 37 93 37 53 51 76 33 87 47 65 71 90 25 25 91 15 49 47 57 86 35 20 63 18 92 62 70  2 24 23  8 97 25 66 71 90 31 92 45 27 73 82 95 38 82  5 17 32 19 52 39 77 52 74 76  1 51 74 37 23 23 15 44 96 56 19 67 32 22 23 95 68 89  3 76 40  6 79 43 19 98 77 76 57  1 27 19 81  3 90 16 20 36 93 80 12 98 26 41 55 23 64 64 93 25 71 48 98 48  4 29 83 56 43 89 28 26 65 86 54 97 69 70 20 60 55  4 48 78  9 39 72 69 27 74 64 17 51 61 78  9 23 19 34 43 26 15 32 46 65  8 44 70  4 62 26 26 41 85 17 90 75 18 22 32 26 39 12 39 97 14 39 30 33 84 23 60 64  1 30  9 93 40 31 55 94 21 32 46 55 15 30 85 96 59 89 81 90 20 43 95 59 77 83 71 33
