 82  3 55 23 36 62 51 80 13 86 56 69 42 86  6 58 61  5  9 27  6 37 41 11 47 99 28 53 75 81 11 22 42 36  7 71 96 85 20 17 71 23 80 52 89 84 80  3 30 36
 70 41 97 12 22 53 81 56 88 86 38 26 46 59 51 82 59 90 15 16 83 82 77 88 63 52 67 14 86 68  3 62  4 57 11 96 72 71 82 10  3 54 22 71  7 66  5 14 15 82
 18 12 86 18 84 67 81 92 61 69 31 76 12  3 97 18 87 96  5 11 98 37  7 15 68 97 85 10 97 85 17 63 30 77 72 22 73 87 68  2 99  2 20 47 10 14 50 53 27 78
 48  9 30 28 54  8 30 95 65 82 21 76 84 69 21 51 70  7 93  7 34 85 48  8 12 34 73 85 24 64 26 94 30 45 33  4 37 86 57 19 87 81 32 53 98 44  1 31 36 61
 49 73 71 34 98 80  5 30 32 70 49 35 11 52 87 58 71 85 12 56 82 11  5 99 32 17 75 23 44 29 98  1 82 64 38 24  3 61 60 12 33 42 15 10 68 68 34  2 81 45
 50 37 12 56 21 15 16 45 24 24 35 50 86 88 82 37  7 48 68 65 19 91 11 20 25 23 64  7 80 13 72 29 58 55 90 44 59 56  5 24 74 63 75 25 42 41 11 35 79 42
 85 35 70  6 84 40 26 52 85 36 97 39 39 42 12 22  9 63 68 84 54  9  1 13 25  5 51 15 94 19 33 15 95 10 55 22 10 60 79 75 87 95 45 79 20 44 52 86 88 62
 96 31 50 14  5 86 23 22 77 52  2 86 64 92 86 45  5 28 79 97 89 63 46 40 20  2 61 61 71 45 62 36 96 69 25 89  3 12 37 61 30 48 41 70 18 43 95 25 12 13
 95 95  6 43 77 81 38 76 85 88 27 86 82 22  6 88 40 83 27 58  1 44  3 74  6 13 41 10 66 64 32 50 45 40 82 75 97 18 45 39 44 55 71 49 35 13 45 26 13 97
 15 95 85 57 30 49 64 94 80  2 37 95 26 93 38  3 72 69 59 26 28 97 62 71 26 95 73 21 56 36 74 62  6 67 89 18 30 81 75 24 17 87 35 61 43 83 29 90 58 32
 11 89 88  3  7 93 88 23 92 26 50 68 29 92 44 56 38 59 43 33 49 62 24 83 35 98  8 82 16 79  2 38 50 97 26  2 20 69 42 52 83 51 23 61 74 31 91 77 54 29
 24 71 51 44 43 76 19 89 46 96 42 14 88 21 33 60 69 99 93 62  3 12  2 55 55 50 13 89 18 78  5 70 32 67 21  4 62 35 60 42 68 18 39 82 28 54  8  6  1 54
 94 80 61 79  5 71  4 45 29 34 59 81 24 79  8 59 80 76  3 33 86 49  8 29 26 17 34 31 18 48  4 78 90 48 21 74 30 96 79 97 37  1 46 68 67 27 74 58 65 29
 27  3 92 58 58 12 45 74  5 59 23 13 89 48 98 20 82 28 21 37 72 74 19 21 32  5 32 55 92 49  6 66 85 26 61 82 52 32 85 98 64 20 78 21 63 33 96 74 22 60
 12 73 37 55 12 37 69 89 17 54 22 39 70 29 93 51 41 89 26 31 61 99 50 73 46 57 33 22 37 46 81 86 14 11 18 21  3 45 71  5 37 79  1 36 65 22 77 48 58 71
 95 62 37 47  1 36  1 98 16 75 17 89 19 69 38  6 11 85 68 21 90 90 21 92 57  8 59 49 37 48 26 97 14 82 42 92 66 80 41 69 32 64 64 52 25 53 33 49 80 82
  6 53 68 81 33 54 64 12 24 87 30 97  3 41 40 63 52 48 97 71 40 43 78  6 18 27 60 26 41 50 27 11 78 51 56 25 30  2 56 24 95 33 12 65 72 70 10 69 21  7
 67 77 19 83 43 85 57 89 41 21 31 52  6 99 45 79 48 44 20 88 70 65 59 73 84 50 56 45 31 82 85 32 28 73 41 51 36 68 23 78 98 34 77 64 55 39 26 83 28 65
 88 15 30 64 25  5 81 38  8 99 15 12 72 97 27 22 48 56 89 88 66 89 75 47 14 47 97 58 25 11 81 53 74  9 25 28 16 66 81 95 22 99 62 58 80 18 27 14 41 42
  9 99 81 80 95 51  9 56 96  7  2 31 27  8 18 80 69 86 35  2 44  6 72 23 78 96 99 95 50 14 35  4 77 64  5 98 49 98 64 79 65  5 37 26 90 27 69 55 84 9079 14 58 57  3 80 74 73 35 13 49 80 86 60 50 21 91 79 65 26 23 56 96 35 16 28 21  4 89 89 75 95 86 39 44 68 16 39 71 57 33 55 74 21 94 26 15 98 18 62 44 12 59 49 37 86 91 23 53 27 69 94 15  6 55 94 89 63 87 74 42  6 45 41 55 88 94 54 76 30 44 90 50 47  8  8 88 42 88 64 67 93 67 33 38 63 42 83  3 41 59  9 79  4 85 88 56  4 17 27 82 96 61 56 65 37 47 75 98 29 86 34 99  4 78 81 74 52  3 66 81 55 78 80 88 32 39 11 38 93 52 28 15 59 33  6 35 27 24 25 56 86 34 84 78 81 91 38 94 28 55 14 51 52 66 11 52 73 78 79 81 47 83 62 48 34 83  9 14 52 10 60 75 44 14 52 65 80  2 90 88 93 81 16 89 87 36 63 57  5  2 58 28  9 69 54 64 62 17  1 82 44 19  1 60 82 10  4 83 82 29 76 18 44 65 16 70 46 65  2 42 53 88 56 66 79 56 15 25 61  8 38 24 26 17 20 95 20 46 94  2 14 52 90 62 80 52 55 83 51 83 20 72 64  2 21 34 96 24  8 49 86 13 70 37 23 52 26 72 29 38 38 73 37 93 37 53 51 76 33 87 47 65 71 90 25 25 91 15 49 47 57 86 35 20 63 18 92 62 70  2 24 23  8 97 25 66 71 90 31 92 45 27 73 82 95 38 82  5 17 32 19 52 39 77 52 74 76  1 51 74 37 23 23 15 44 96 56 19 67 32 22 23 95 68 89  3 76 40  6 79 43 19 98 77 76 57  1 27 19 81  3 90 16 20 36 93 80 12 98 26 41 55 23 64 64 93 25 71 48 98 48  4 29 83 56 43 89 28 26 65 86 54 97 69 70 20 60 55  4 48 78  9 39 72 69 27 74 64 17 51 61 78  9 23 19 34 43 26 15 32 46 65  8 44 70  4 62 26 26 41 85 17 90 75 18 22 32 26 39 12 39 97 14 39 30 33 84 23 60 64  1 30  9 93 40 31 55 94 21 32 46 55 15 30 85 96 59 89 81 90 20 43 95 59 77 83 71 33
