 43 50 51 88 95 52 15 25  2 21 74  1 89 78 14 48 91 33 46  1 39 51 62 77 77 29 82 39 62 27 47 17 60 15 94 97 65 35  5  1 66 49  3 33 98 45  3 25 74 61
 57 90 81 15 66  1 89 31 20 46 93 78 41 30 42 71  6 16 76 63 54 38 88 36 69 51 67 54 76 47 37 15  6 62 19  7 97 37 37 60 81 28 87 95 85 76 69 44 70 24
 31 19 14 10 78 15 91 35 79 78 45 79 47 33 75 81 66 78 41 38 55 75  5 57 67 12 21 88 47 42 12 25 32 89 11 34 10 95  9 88 79 60 59 81  4 58 40 95 81  1
 67 68 38 40 28  5 26 59 77 60 69 57 43 90 30 46 49 77 67 54  7 38 26 83 95 44 84 41  5 12 87 16  4 83 97 58 80 22  1 89 98 92 90 20 14 76 23 54 18 34
 67 37 74  4 15 93  4  9 33 97 79 75 91 79 23 60 97 55 76 14  2  3  3 64 94 63 48 67 32 15 45 31 10 70 75 71 50 25 74 94  7 79 25 74 14 95 54 74 44 44
 25 21 12  6 56 19 75 35 64 89 99 36 32 53 67 68 97  9 16 55 91  5 81 67 86 26 41 48 28 19 88 37 40 23 27 11  8  5 87 39 32 23 82 32 95 19 88 29 54 11
 26 49 42 15 66 67 40 97 13 54 23  1 74 95 45  3 80 78 31 76 52 79 71 58  9 61 20 53 62 45 25 59 71 96 34 50 25 36 18 34 39 39 81 62 25 82 91 26 63 78
 91 13 94 52  7 71  1 84 38 61 32 49 63 72 86 63 80 87 55 53 99  7 35 72 45 14 36 35 86 81 41 58 34 43 47 10 23 36 56 84 53 85 32  8 33 67 65 35 19 92
 20 64 97 82 36 99 41 30 80 70 61 42 51 15 16 60 47 15 26 96 82 98 59 19  1 50 16  2  6 68 86 62 58 23 12 89 19 31 70 68 29 47 43 47 45 92 81 44 84 64
 30 58 95 96 92 54 18 20 27 59 22 93  6 95 58 12 16 93 40 87  5 41 88 92 64 45 13 61 51 70 81 25 54 97 85  7 65 84 80 65 21  9 32 95 20 28 64 29 82 82
 22 39 64 56  9 17 55 40 87 60 92 11 51 78  3 73 48 38 92 81 85 90 46 72 58 60 94 85 94 63 23 92 45 97 14 80 59 30 24 44 99 33 90 25 54 91 61 29  1 59
 64 60 75 83 41 27 94 22 96 21 53 77 85 33 20  1 90 71 62 94 86 61 15 87 53 30 77  9 34  2 39 54  8 44 12 93 18 88 21 54 94  5 43 89 98 99 43 85 80  7
 77 26 69 97 76 37 50 99 80 68 24 47  7 70 91 87 73  7 20 70  3  7 12 76  2 66 45 13 33 66  8 54  4 50 98 38 52 58 57 13  8  9  8 95 27 28 17 38 72 89
 53 51 99 24 98 52 67 31 34 61 60 17 82 25 12 61 84 89 11 25 50 11 61 81 14 72 86 87  7 57 81 33 52  4 73 98  2 27 46 84  7 48 67 86  6 36 14 86 75 21
 94 51 39  5 19 71 76 23 92 81 88  8 71  9 68 16 87  3  7 38 69 23 17 27 60 75 65 33 47 60 23 30 73  4 82  8 36 20 70 42 62 49 21  3 18 96 41 94 41 58
 27 38  8 21 26  5  2 65 58 83 10 34 29 82 89 32 47 43 42 42 16  7 11 27 46 78 73 27 69 38 41 38 50 28 76 39 51 57 39 46 69 15 22  7 67 16 50 76 13 11
 11 54 39 65 70 17 17 99 97 45 35 50  5 48 75 71 44 60 59 24 39 64 39  1 65 65  1 12 97 31 21 71  1 37 89 24 15 94 22 94 33 84 45 19 48 89 33 63 38 26
  3 64  6 65 89 13 71 22  2 33 99 71 51 61 33 57 56 33 32 52 86  6  9 88 87 57 98 92 39 38 78 54 31 53 92 69 52 87 11 34 67 52 30  9 78 34 14 24 64  6
 23  2 29 60  1 88 17 54  8  9 10 20 12  7  5 68 16 79 54 55 41 26  6 78 35 74 68 72  6 73 12 18 85  3 66 72 72 61 22 77 86 46 72 31 27  8 67  5 88 31
 55 36 65 96 96 96 91 82  3 47  4 93 74 12 95 82 42 99 57 44 79 48 23 31 57 55 52  4 83 88 67 67 20 34 41 59 74 35  8 26 90 25 23 23 71  1 72 49 73 1879 14 58 57  3 80 74 73 35 13 49 80 86 60 50 21 91 79 65 26 23 56 96 35 16 28 21  4 89 89 75 95 86 39 44 68 16 39 71 57 33 55 74 21 94 26 15 98 18 62 44 12 59 49 37 86 91 23 53 27 69 94 15  6 55 94 89 63 87 74 42  6 45 41 55 88 94 54 76 30 44 90 50 47  8  8 88 42 88 64 67 93 67 33 38 63 42 83  3 41 59  9 79  4 85 88 56  4 17 27 82 96 61 56 65 37 47 75 98 29 86 34 99  4 78 81 74 52  3 66 81 55 78 80 88 32 39 11 38 93 52 28 15 59 33  6 35 27 24 25 56 86 34 84 78 81 91 38 94 28 55 14 51 52 66 11 52 73 78 79 81 47 83 62 48 34 83  9 14 52 10 60 75 44 14 52 65 80  2 90 88 93 81 16 89 87 36 63 57  5  2 58 28  9 69 54 64 62 17  1 82 44 19  1 60 82 10  4 83 82 29 76 18 44 65 16 70 46 65  2 42 53 88 56 66 79 56 15 25 61  8 38 24 26 17 20 95 20 46 94  2 14 52 90 62 80 52 55 83 51 83 20 72 64  2 21 34 96 24  8 49 86 13 70 37 23 52 26 72 29 38 38 73 37 93 37 53 51 76 33 87 47 65 71 90 25 25 91 15 49 47 57 86 35 20 63 18 92 62 70  2 24 23  8 97 25 66 71 90 31 92 45 27 73 82 95 38 82  5 17 32 19 52 39 77 52 74 76  1 51 74 37 23 23 15 44 96 56 19 67 32 22 23 95 68 89  3 76 40  6 79 43 19 98 77 76 57  1 27 19 81  3 90 16 20 36 93 80 12 98 26 41 55 23 64 64 93 25 71 48 98 48  4 29 83 56 43 89 28 26 65 86 54 97 69 70 20 60 55  4 48 78  9 39 72 69 27 74 64 17 51 61 78  9 23 19 34 43 26 15 32 46 65  8 44 70  4 62 26 26 41 85 17 90 75 18 22 32 26 39 12 39 97 14 39 30 33 84 23 60 64  1 30  9 93 40 31 55 94 21 32 46 55 15 30 85 96 59 89 81 90 20 43 95 59 77 83 71 33
