p cnf 696 3122
-1 -4 2 3 0
-4 -3 1 2 0
-59 1 101 3 0
-1 -59 -3 101 0
-1 -101 59 3 0
-101 -3 1 59 0
-101 -59 7 4 2 0
7 101 59 0
-4 -2 7 0
-7 -4 2 0
-7 -2 4 0
-7 -101 59 0
-7 -59 101 0
-19 14 696 89 0
-14 -89 -19 696 0
-14 696 89 19 0
-89 14 696 19 0
-696 -16 14 695 87 0
-14 -696 -87 -16 695 0
-14 -696 695 87 16 0
-696 -87 14 695 16 0
-695 -52 14 694 83 0
-14 -695 -83 -52 694 0
-14 -695 694 83 52 0
-695 -83 14 694 52 0
-14 -18 0
-694 18 0
-18 694 0
696 89 47 0
-89 -47 696 0
-696 -89 47 0
-696 -47 89 0
-696 695 87 41 0
-696 -87 -41 695 0
-695 -87 41 0
-695 -41 87 0
-695 696 0
-695 694 83 37 0
-695 -83 -37 694 0
-694 -83 37 0
-694 -37 83 0
-694 695 0
-10 -79 -30 0
-79 -30 15 0
-10 -74 -30 29 0
-74 -30 -29 10 0
-15 -74 -30 0
-10 -79 -23 25 0
-79 -23 -25 10 0
-15 -79 -23 0
-10 -74 -23 0
-74 -23 15 0
-246 -55 -13 283 0
-251 -55 -12 284 0
-244 -45 -9 281 0
-248 -45 -8 282 0
-245 -32 -6 279 0
-279 -690 -685 693 692 0
-279 -685 691 690 0
-279 686 685 0
-692 -690 -685 279 0
-693 -690 -685 279 0
-691 -685 279 0
-686 279 0
-693 -692 0
-531 693 529 410 0
-693 -531 -410 529 0
-693 -529 531 410 0
-529 -410 693 531 0
-530 693 528 410 0
-693 -530 -410 528 0
-693 -528 530 410 0
-528 -410 693 530 0
-530 -528 692 531 529 0
692 530 528 0
-531 -529 692 0
-692 -529 531 0
-692 -531 529 0
-692 -528 530 0
-692 -530 528 0
-19 691 689 510 0
-691 -510 -19 689 0
-691 689 510 19 0
-510 691 689 19 0
-689 -16 691 688 509 0
-691 -689 -509 -16 688 0
-691 -689 688 509 16 0
-689 -509 691 688 16 0
-688 -52 691 687 508 0
-691 -688 -508 -52 687 0
-691 -688 687 508 52 0
-688 -508 691 687 52 0
-691 -690 0
-687 690 0
-690 687 0
689 513 510 0
-513 -510 689 0
-689 -510 513 0
-689 -513 510 0
-689 688 512 509 0
-689 -512 -509 688 0
-688 -509 512 0
-688 -512 509 0
-688 689 0
-688 687 511 508 0
-688 -511 -508 687 0
-687 -508 511 0
-687 -511 508 0
-687 688 0
-686 -317 -314 0
-317 -314 685 0
-686 -317 -311 29 0
-317 -311 -29 686 0
-685 -317 -311 0
-686 -315 -314 25 0
-315 -314 -25 686 0
-685 -315 -314 0
-686 -315 -311 0
-315 -311 685 0
-281 -681 -676 684 683 0
-281 -676 682 681 0
-281 677 676 0
-683 -681 -676 281 0
-684 -681 -676 281 0
-682 -676 281 0
-677 281 0
-684 -683 0
-531 684 527 410 0
-684 -531 -410 527 0
-684 -527 531 410 0
-527 -410 684 531 0
-530 684 526 410 0
-684 -530 -410 526 0
-684 -526 530 410 0
-526 -410 684 530 0
-530 -526 683 531 527 0
683 530 526 0
-531 -527 683 0
-683 -527 531 0
-683 -531 527 0
-683 -526 530 0
-683 -530 526 0
-19 682 680 507 0
-682 -507 -19 680 0
-682 680 507 19 0
-507 682 680 19 0
-680 -16 682 679 505 0
-682 -680 -505 -16 679 0
-682 -680 679 505 16 0
-680 -505 682 679 16 0
-679 -52 682 678 506 0
-682 -679 -506 -52 678 0
-682 -679 678 506 52 0
-679 -506 682 678 52 0
-682 -681 0
-678 681 0
-681 678 0
680 513 507 0
-513 -507 680 0
-680 -507 513 0
-680 -513 507 0
-680 679 512 505 0
-680 -512 -505 679 0
-679 -505 512 0
-679 -512 505 0
-679 680 0
-679 678 511 506 0
-679 -511 -506 678 0
-678 -506 511 0
-678 -511 506 0
-678 679 0
-677 -317 -310 0
-317 -310 676 0
-677 -317 -307 29 0
-317 -307 -29 677 0
-676 -317 -307 0
-677 -315 -310 25 0
-315 -310 -25 677 0
-676 -315 -310 0
-677 -315 -307 0
-315 -307 676 0
-241 -32 -5 280 0
-280 -672 -667 675 674 0
-280 -667 673 672 0
-280 668 667 0
-674 -672 -667 280 0
-675 -672 -667 280 0
-673 -667 280 0
-668 280 0
-675 -674 0
-529 675 531 409 0
-675 -529 -409 531 0
-675 -531 529 409 0
-531 -409 675 529 0
-528 675 530 409 0
-675 -528 -409 530 0
-675 -530 528 409 0
-530 -409 675 528 0
-530 -528 674 531 529 0
674 530 528 0
-531 -529 674 0
-674 -531 529 0
-674 -529 531 0
-674 -530 528 0
-674 -528 530 0
-19 673 671 513 0
-673 -513 -19 671 0
-673 671 513 19 0
-513 673 671 19 0
-671 -16 673 670 512 0
-673 -671 -512 -16 670 0
-673 -671 670 512 16 0
-671 -512 673 670 16 0
-670 -52 673 669 511 0
-673 -670 -511 -52 669 0
-673 -670 669 511 52 0
-670 -511 673 669 52 0
-673 -672 0
-669 672 0
-672 669 0
671 513 510 0
-513 -510 671 0
-671 -513 510 0
-671 -510 513 0
-671 670 512 509 0
-671 -512 -509 670 0
-670 -512 509 0
-670 -509 512 0
-670 671 0
-670 669 511 508 0
-670 -511 -508 669 0
-669 -511 508 0
-669 -508 511 0
-669 670 0
-668 -317 -314 0
-317 -314 667 0
-668 -315 -314 29 0
-315 -314 -29 668 0
-667 -315 -314 0
-668 -317 -311 25 0
-317 -311 -25 668 0
-667 -317 -311 0
-668 -315 -311 0
-315 -311 667 0
-283 -663 -658 666 665 0
-283 -658 664 663 0
-283 659 658 0
-665 -663 -658 283 0
-666 -663 -658 283 0
-664 -658 283 0
-659 283 0
-666 -665 0
-529 666 527 409 0
-666 -529 -409 527 0
-666 -527 529 409 0
-527 -409 666 529 0
-528 666 526 409 0
-666 -528 -409 526 0
-666 -526 528 409 0
-526 -409 666 528 0
-528 -526 665 529 527 0
665 528 526 0
-529 -527 665 0
-665 -527 529 0
-665 -529 527 0
-665 -526 528 0
-665 -528 526 0
-19 664 662 507 0
-664 -507 -19 662 0
-664 662 507 19 0
-507 664 662 19 0
-662 -16 664 661 505 0
-664 -662 -505 -16 661 0
-664 -662 661 505 16 0
-662 -505 664 661 16 0
-661 -52 664 660 506 0
-664 -661 -506 -52 660 0
-664 -661 660 506 52 0
-661 -506 664 660 52 0
-664 -663 0
-660 663 0
-663 660 0
662 510 507 0
-510 -507 662 0
-662 -507 510 0
-662 -510 507 0
-662 661 509 505 0
-662 -509 -505 661 0
-661 -505 509 0
-661 -509 505 0
-661 662 0
-661 660 508 506 0
-661 -508 -506 660 0
-660 -506 508 0
-660 -508 506 0
-660 661 0
-659 -314 -310 0
-314 -310 658 0
-659 -314 -307 29 0
-314 -307 -29 659 0
-658 -314 -307 0
-659 -311 -310 25 0
-311 -310 -25 659 0
-658 -311 -310 0
-659 -311 -307 0
-311 -307 658 0
-282 -654 -649 657 656 0
-282 -649 655 654 0
-282 650 649 0
-656 -654 -649 282 0
-657 -654 -649 282 0
-655 -649 282 0
-650 282 0
-657 -656 0
-527 657 531 408 0
-657 -527 -408 531 0
-657 -531 527 408 0
-531 -408 657 527 0
-526 657 530 408 0
-657 -526 -408 530 0
-657 -530 526 408 0
-530 -408 657 526 0
-530 -526 656 531 527 0
656 530 526 0
-531 -527 656 0
-656 -531 527 0
-656 -527 531 0
-656 -530 526 0
-656 -526 530 0
-19 655 653 513 0
-655 -513 -19 653 0
-655 653 513 19 0
-513 655 653 19 0
-653 -16 655 652 512 0
-655 -653 -512 -16 652 0
-655 -653 652 512 16 0
-653 -512 655 652 16 0
-652 -52 655 651 511 0
-655 -652 -511 -52 651 0
-655 -652 651 511 52 0
-652 -511 655 651 52 0
-655 -654 0
-651 654 0
-654 651 0
653 513 507 0
-513 -507 653 0
-653 -513 507 0
-653 -507 513 0
-653 652 512 505 0
-653 -512 -505 652 0
-652 -512 505 0
-652 -505 512 0
-652 653 0
-652 651 511 506 0
-652 -511 -506 651 0
-651 -511 506 0
-651 -506 511 0
-651 652 0
-650 -317 -310 0
-317 -310 649 0
-650 -315 -310 29 0
-315 -310 -29 650 0
-649 -315 -310 0
-650 -317 -307 25 0
-317 -307 -25 650 0
-649 -317 -307 0
-650 -315 -307 0
-315 -307 649 0
-284 -645 -640 648 647 0
-284 -640 646 645 0
-284 641 640 0
-647 -645 -640 284 0
-648 -645 -640 284 0
-646 -640 284 0
-641 284 0
-648 -647 0
-527 648 529 408 0
-648 -527 -408 529 0
-648 -529 527 408 0
-529 -408 648 527 0
-526 648 528 408 0
-648 -526 -408 528 0
-648 -528 526 408 0
-528 -408 648 526 0
-528 -526 647 529 527 0
647 528 526 0
-529 -527 647 0
-647 -529 527 0
-647 -527 529 0
-647 -528 526 0
-647 -526 528 0
-19 646 644 510 0
-646 -510 -19 644 0
-646 644 510 19 0
-510 646 644 19 0
-644 -16 646 643 509 0
-646 -644 -509 -16 643 0
-646 -644 643 509 16 0
-644 -509 646 643 16 0
-643 -52 646 642 508 0
-646 -643 -508 -52 642 0
-646 -643 642 508 52 0
-643 -508 646 642 52 0
-646 -645 0
-642 645 0
-645 642 0
644 510 507 0
-510 -507 644 0
-644 -510 507 0
-644 -507 510 0
-644 643 509 505 0
-644 -509 -505 643 0
-643 -509 505 0
-643 -505 509 0
-643 644 0
-643 642 508 506 0
-643 -508 -506 642 0
-642 -508 506 0
-642 -506 508 0
-642 643 0
-641 -314 -310 0
-314 -310 640 0
-641 -311 -310 29 0
-311 -310 -29 641 0
-640 -311 -310 0
-641 -314 -307 25 0
-314 -307 -25 641 0
-640 -314 -307 0
-641 -311 -307 0
-311 -307 640 0
-231 -55 -13 276 0
-237 -55 -12 277 0
-228 -45 -9 274 0
-233 -45 -8 275 0
-230 -32 -6 271 0
-271 -636 -631 639 638 0
-271 -631 637 636 0
-271 632 631 0
-638 -636 -631 271 0
-639 -636 -631 271 0
-637 -631 271 0
-632 271 0
-639 -638 0
-525 639 523 407 0
-639 -525 -407 523 0
-639 -523 525 407 0
-523 -407 639 525 0
-524 639 522 407 0
-639 -524 -407 522 0
-639 -522 524 407 0
-522 -407 639 524 0
-524 -522 638 525 523 0
638 524 522 0
-525 -523 638 0
-638 -523 525 0
-638 -525 523 0
-638 -522 524 0
-638 -524 522 0
-19 637 635 501 0
-637 -501 -19 635 0
-637 635 501 19 0
-501 637 635 19 0
-635 -16 637 634 500 0
-637 -635 -500 -16 634 0
-637 -635 634 500 16 0
-635 -500 637 634 16 0
-634 -52 637 633 499 0
-637 -634 -499 -52 633 0
-637 -634 633 499 52 0
-634 -499 637 633 52 0
-637 -636 0
-633 636 0
-636 633 0
635 504 501 0
-504 -501 635 0
-635 -501 504 0
-635 -504 501 0
-635 634 503 500 0
-635 -503 -500 634 0
-634 -500 503 0
-634 -503 500 0
-634 635 0
-634 633 502 499 0
-634 -502 -499 633 0
-633 -499 502 0
-633 -502 499 0
-633 634 0
-632 -306 -301 0
-306 -301 631 0
-632 -306 -298 29 0
-306 -298 -29 632 0
-631 -306 -298 0
-632 -304 -301 25 0
-304 -301 -25 632 0
-631 -304 -301 0
-632 -304 -298 0
-304 -298 631 0
-274 -627 -622 630 629 0
-274 -622 628 627 0
-274 623 622 0
-629 -627 -622 274 0
-630 -627 -622 274 0
-628 -622 274 0
-623 274 0
-630 -629 0
-525 630 521 407 0
-630 -525 -407 521 0
-630 -521 525 407 0
-521 -407 630 525 0
-524 630 520 407 0
-630 -524 -407 520 0
-630 -520 524 407 0
-520 -407 630 524 0
-524 -520 629 525 521 0
629 524 520 0
-525 -521 629 0
-629 -521 525 0
-629 -525 521 0
-629 -520 524 0
-629 -524 520 0
-19 628 626 498 0
-628 -498 -19 626 0
-628 626 498 19 0
-498 628 626 19 0
-626 -16 628 625 496 0
-628 -626 -496 -16 625 0
-628 -626 625 496 16 0
-626 -496 628 625 16 0
-625 -52 628 624 497 0
-628 -625 -497 -52 624 0
-628 -625 624 497 52 0
-625 -497 628 624 52 0
-628 -627 0
-624 627 0
-627 624 0
626 504 498 0
-504 -498 626 0
-626 -498 504 0
-626 -504 498 0
-626 625 503 496 0
-626 -503 -496 625 0
-625 -496 503 0
-625 -503 496 0
-625 626 0
-625 624 502 497 0
-625 -502 -497 624 0
-624 -497 502 0
-624 -502 497 0
-624 625 0
-623 -306 -294 0
-306 -294 622 0
-623 -306 -289 29 0
-306 -289 -29 623 0
-622 -306 -289 0
-623 -304 -294 25 0
-304 -294 -25 623 0
-622 -304 -294 0
-623 -304 -289 0
-304 -289 622 0
-226 -32 -5 272 0
-272 -618 -613 621 620 0
-272 -613 619 618 0
-272 614 613 0
-620 -618 -613 272 0
-621 -618 -613 272 0
-619 -613 272 0
-614 272 0
-621 -620 0
-523 621 525 406 0
-621 -523 -406 525 0
-621 -525 523 406 0
-525 -406 621 523 0
-522 621 524 406 0
-621 -522 -406 524 0
-621 -524 522 406 0
-524 -406 621 522 0
-524 -522 620 525 523 0
620 524 522 0
-525 -523 620 0
-620 -525 523 0
-620 -523 525 0
-620 -524 522 0
-620 -522 524 0
-19 619 617 504 0
-619 -504 -19 617 0
-619 617 504 19 0
-504 619 617 19 0
-617 -16 619 616 503 0
-619 -617 -503 -16 616 0
-619 -617 616 503 16 0
-617 -503 619 616 16 0
-616 -52 619 615 502 0
-619 -616 -502 -52 615 0
-619 -616 615 502 52 0
-616 -502 619 615 52 0
-619 -618 0
-615 618 0
-618 615 0
617 504 501 0
-504 -501 617 0
-617 -504 501 0
-617 -501 504 0
-617 616 503 500 0
-617 -503 -500 616 0
-616 -503 500 0
-616 -500 503 0
-616 617 0
-616 615 502 499 0
-616 -502 -499 615 0
-615 -502 499 0
-615 -499 502 0
-615 616 0
-614 -306 -301 0
-306 -301 613 0
-614 -304 -301 29 0
-304 -301 -29 614 0
-613 -304 -301 0
-614 -306 -298 25 0
-306 -298 -25 614 0
-613 -306 -298 0
-614 -304 -298 0
-304 -298 613 0
-276 -609 -604 612 611 0
-276 -604 610 609 0
-276 605 604 0
-611 -609 -604 276 0
-612 -609 -604 276 0
-610 -604 276 0
-605 276 0
-612 -611 0
-523 612 521 406 0
-612 -523 -406 521 0
-612 -521 523 406 0
-521 -406 612 523 0
-522 612 520 406 0
-612 -522 -406 520 0
-612 -520 522 406 0
-520 -406 612 522 0
-522 -520 611 523 521 0
611 522 520 0
-523 -521 611 0
-611 -521 523 0
-611 -523 521 0
-611 -520 522 0
-611 -522 520 0
-19 610 608 498 0
-610 -498 -19 608 0
-610 608 498 19 0
-498 610 608 19 0
-608 -16 610 607 496 0
-610 -608 -496 -16 607 0
-610 -608 607 496 16 0
-608 -496 610 607 16 0
-607 -52 610 606 497 0
-610 -607 -497 -52 606 0
-610 -607 606 497 52 0
-607 -497 610 606 52 0
-610 -609 0
-606 609 0
-609 606 0
608 501 498 0
-501 -498 608 0
-608 -498 501 0
-608 -501 498 0
-608 607 500 496 0
-608 -500 -496 607 0
-607 -496 500 0
-607 -500 496 0
-607 608 0
-607 606 499 497 0
-607 -499 -497 606 0
-606 -497 499 0
-606 -499 497 0
-606 607 0
-605 -301 -294 0
-301 -294 604 0
-605 -301 -289 29 0
-301 -289 -29 605 0
-604 -301 -289 0
-605 -298 -294 25 0
-298 -294 -25 605 0
-604 -298 -294 0
-605 -298 -289 0
-298 -289 604 0
-275 -600 -595 603 602 0
-275 -595 601 600 0
-275 596 595 0
-602 -600 -595 275 0
-603 -600 -595 275 0
-601 -595 275 0
-596 275 0
-603 -602 0
-521 603 525 405 0
-603 -521 -405 525 0
-603 -525 521 405 0
-525 -405 603 521 0
-520 603 524 405 0
-603 -520 -405 524 0
-603 -524 520 405 0
-524 -405 603 520 0
-524 -520 602 525 521 0
602 524 520 0
-525 -521 602 0
-602 -525 521 0
-602 -521 525 0
-602 -524 520 0
-602 -520 524 0
-19 601 599 504 0
-601 -504 -19 599 0
-601 599 504 19 0
-504 601 599 19 0
-599 -16 601 598 503 0
-601 -599 -503 -16 598 0
-601 -599 598 503 16 0
-599 -503 601 598 16 0
-598 -52 601 597 502 0
-601 -598 -502 -52 597 0
-601 -598 597 502 52 0
-598 -502 601 597 52 0
-601 -600 0
-597 600 0
-600 597 0
599 504 498 0
-504 -498 599 0
-599 -504 498 0
-599 -498 504 0
-599 598 503 496 0
-599 -503 -496 598 0
-598 -503 496 0
-598 -496 503 0
-598 599 0
-598 597 502 497 0
-598 -502 -497 597 0
-597 -502 497 0
-597 -497 502 0
-597 598 0
-596 -306 -294 0
-306 -294 595 0
-596 -304 -294 29 0
-304 -294 -29 596 0
-595 -304 -294 0
-596 -306 -289 25 0
-306 -289 -25 596 0
-595 -306 -289 0
-596 -304 -289 0
-304 -289 595 0
-277 -591 -586 594 593 0
-277 -586 592 591 0
-277 587 586 0
-593 -591 -586 277 0
-594 -591 -586 277 0
-592 -586 277 0
-587 277 0
-594 -593 0
-521 594 523 405 0
-594 -521 -405 523 0
-594 -523 521 405 0
-523 -405 594 521 0
-520 594 522 405 0
-594 -520 -405 522 0
-594 -522 520 405 0
-522 -405 594 520 0
-522 -520 593 523 521 0
593 522 520 0
-523 -521 593 0
-593 -523 521 0
-593 -521 523 0
-593 -522 520 0
-593 -520 522 0
-19 592 590 501 0
-592 -501 -19 590 0
-592 590 501 19 0
-501 592 590 19 0
-590 -16 592 589 500 0
-592 -590 -500 -16 589 0
-592 -590 589 500 16 0
-590 -500 592 589 16 0
-589 -52 592 588 499 0
-592 -589 -499 -52 588 0
-592 -589 588 499 52 0
-589 -499 592 588 52 0
-592 -591 0
-588 591 0
-591 588 0
590 501 498 0
-501 -498 590 0
-590 -501 498 0
-590 -498 501 0
-590 589 500 496 0
-590 -500 -496 589 0
-589 -500 496 0
-589 -496 500 0
-589 590 0
-589 588 499 497 0
-589 -499 -497 588 0
-588 -499 497 0
-588 -497 499 0
-588 589 0
-587 -301 -294 0
-301 -294 586 0
-587 -298 -294 29 0
-298 -294 -29 587 0
-586 -298 -294 0
-587 -301 -289 25 0
-301 -289 -25 587 0
-586 -301 -289 0
-587 -298 -289 0
-298 -289 586 0
-215 -55 -13 269 0
-221 -55 -12 270 0
-212 -45 -9 266 0
-217 -45 -8 267 0
-214 -32 -6 263 0
-263 -582 -577 585 584 0
-263 -577 583 582 0
-263 578 577 0
-584 -582 -577 263 0
-585 -582 -577 263 0
-583 -577 263 0
-578 263 0
-585 -584 0
-519 585 517 404 0
-585 -519 -404 517 0
-585 -517 519 404 0
-517 -404 585 519 0
-518 585 516 404 0
-585 -518 -404 516 0
-585 -516 518 404 0
-516 -404 585 518 0
-518 -516 584 519 517 0
584 518 516 0
-519 -517 584 0
-584 -517 519 0
-584 -519 517 0
-584 -516 518 0
-584 -518 516 0
-19 583 581 492 0
-583 -492 -19 581 0
-583 581 492 19 0
-492 583 581 19 0
-581 -16 583 580 491 0
-583 -581 -491 -16 580 0
-583 -581 580 491 16 0
-581 -491 583 580 16 0
-580 -52 583 579 490 0
-583 -580 -490 -52 579 0
-583 -580 579 490 52 0
-580 -490 583 579 52 0
-583 -582 0
-579 582 0
-582 579 0
581 495 492 0
-495 -492 581 0
-581 -492 495 0
-581 -495 492 0
-581 580 494 491 0
-581 -494 -491 580 0
-580 -491 494 0
-580 -494 491 0
-580 581 0
-580 579 493 490 0
-580 -493 -490 579 0
-579 -490 493 0
-579 -493 490 0
-579 580 0
-578 -305 -300 0
-305 -300 577 0
-578 -305 -297 29 0
-305 -297 -29 578 0
-577 -305 -297 0
-578 -303 -300 25 0
-303 -300 -25 578 0
-577 -303 -300 0
-578 -303 -297 0
-303 -297 577 0
-266 -573 -568 576 575 0
-266 -568 574 573 0
-266 569 568 0
-575 -573 -568 266 0
-576 -573 -568 266 0
-574 -568 266 0
-569 266 0
-576 -575 0
-519 576 515 404 0
-576 -519 -404 515 0
-576 -515 519 404 0
-515 -404 576 519 0
-518 576 514 404 0
-576 -518 -404 514 0
-576 -514 518 404 0
-514 -404 576 518 0
-518 -514 575 519 515 0
575 518 514 0
-519 -515 575 0
-575 -515 519 0
-575 -519 515 0
-575 -514 518 0
-575 -518 514 0
-19 574 572 489 0
-574 -489 -19 572 0
-574 572 489 19 0
-489 574 572 19 0
-572 -16 574 571 487 0
-574 -572 -487 -16 571 0
-574 -572 571 487 16 0
-572 -487 574 571 16 0
-571 -52 574 570 488 0
-574 -571 -488 -52 570 0
-574 -571 570 488 52 0
-571 -488 574 570 52 0
-574 -573 0
-570 573 0
-573 570 0
572 495 489 0
-495 -489 572 0
-572 -489 495 0
-572 -495 489 0
-572 571 494 487 0
-572 -494 -487 571 0
-571 -487 494 0
-571 -494 487 0
-571 572 0
-571 570 493 488 0
-571 -493 -488 570 0
-570 -488 493 0
-570 -493 488 0
-570 571 0
-569 -305 -293 0
-305 -293 568 0
-569 -305 -288 29 0
-305 -288 -29 569 0
-568 -305 -288 0
-569 -303 -293 25 0
-303 -293 -25 569 0
-568 -303 -293 0
-569 -303 -288 0
-303 -288 568 0
-210 -32 -5 265 0
-265 -564 -559 567 566 0
-265 -559 565 564 0
-265 560 559 0
-566 -564 -559 265 0
-567 -564 -559 265 0
-565 -559 265 0
-560 265 0
-567 -566 0
-517 567 519 403 0
-567 -517 -403 519 0
-567 -519 517 403 0
-519 -403 567 517 0
-516 567 518 403 0
-567 -516 -403 518 0
-567 -518 516 403 0
-518 -403 567 516 0
-518 -516 566 519 517 0
566 518 516 0
-519 -517 566 0
-566 -519 517 0
-566 -517 519 0
-566 -518 516 0
-566 -516 518 0
-19 565 563 495 0
-565 -495 -19 563 0
-565 563 495 19 0
-495 565 563 19 0
-563 -16 565 562 494 0
-565 -563 -494 -16 562 0
-565 -563 562 494 16 0
-563 -494 565 562 16 0
-562 -52 565 561 493 0
-565 -562 -493 -52 561 0
-565 -562 561 493 52 0
-562 -493 565 561 52 0
-565 -564 0
-561 564 0
-564 561 0
563 495 492 0
-495 -492 563 0
-563 -495 492 0
-563 -492 495 0
-563 562 494 491 0
-563 -494 -491 562 0
-562 -494 491 0
-562 -491 494 0
-562 563 0
-562 561 493 490 0
-562 -493 -490 561 0
-561 -493 490 0
-561 -490 493 0
-561 562 0
-560 -305 -300 0
-305 -300 559 0
-560 -303 -300 29 0
-303 -300 -29 560 0
-559 -303 -300 0
-560 -305 -297 25 0
-305 -297 -25 560 0
-559 -305 -297 0
-560 -303 -297 0
-303 -297 559 0
-269 -555 -550 558 557 0
-269 -550 556 555 0
-269 551 550 0
-557 -555 -550 269 0
-558 -555 -550 269 0
-556 -550 269 0
-551 269 0
-558 -557 0
-517 558 515 403 0
-558 -517 -403 515 0
-558 -515 517 403 0
-515 -403 558 517 0
-516 558 514 403 0
-558 -516 -403 514 0
-558 -514 516 403 0
-514 -403 558 516 0
-516 -514 557 517 515 0
557 516 514 0
-517 -515 557 0
-557 -515 517 0
-557 -517 515 0
-557 -514 516 0
-557 -516 514 0
-19 556 554 489 0
-556 -489 -19 554 0
-556 554 489 19 0
-489 556 554 19 0
-554 -16 556 553 487 0
-556 -554 -487 -16 553 0
-556 -554 553 487 16 0
-554 -487 556 553 16 0
-553 -52 556 552 488 0
-556 -553 -488 -52 552 0
-556 -553 552 488 52 0
-553 -488 556 552 52 0
-556 -555 0
-552 555 0
-555 552 0
554 492 489 0
-492 -489 554 0
-554 -489 492 0
-554 -492 489 0
-554 553 491 487 0
-554 -491 -487 553 0
-553 -487 491 0
-553 -491 487 0
-553 554 0
-553 552 490 488 0
-553 -490 -488 552 0
-552 -488 490 0
-552 -490 488 0
-552 553 0
-551 -300 -293 0
-300 -293 550 0
-551 -300 -288 29 0
-300 -288 -29 551 0
-550 -300 -288 0
-551 -297 -293 25 0
-297 -293 -25 551 0
-550 -297 -293 0
-551 -297 -288 0
-297 -288 550 0
-267 -546 -541 549 548 0
-267 -541 547 546 0
-267 542 541 0
-548 -546 -541 267 0
-549 -546 -541 267 0
-547 -541 267 0
-542 267 0
-549 -548 0
-515 549 519 402 0
-549 -515 -402 519 0
-549 -519 515 402 0
-519 -402 549 515 0
-514 549 518 402 0
-549 -514 -402 518 0
-549 -518 514 402 0
-518 -402 549 514 0
-518 -514 548 519 515 0
548 518 514 0
-519 -515 548 0
-548 -519 515 0
-548 -515 519 0
-548 -518 514 0
-548 -514 518 0
-19 547 545 495 0
-547 -495 -19 545 0
-547 545 495 19 0
-495 547 545 19 0
-545 -16 547 544 494 0
-547 -545 -494 -16 544 0
-547 -545 544 494 16 0
-545 -494 547 544 16 0
-544 -52 547 543 493 0
-547 -544 -493 -52 543 0
-547 -544 543 493 52 0
-544 -493 547 543 52 0
-547 -546 0
-543 546 0
-546 543 0
545 495 489 0
-495 -489 545 0
-545 -495 489 0
-545 -489 495 0
-545 544 494 487 0
-545 -494 -487 544 0
-544 -494 487 0
-544 -487 494 0
-544 545 0
-544 543 493 488 0
-544 -493 -488 543 0
-543 -493 488 0
-543 -488 493 0
-543 544 0
-542 -305 -293 0
-305 -293 541 0
-542 -303 -293 29 0
-303 -293 -29 542 0
-541 -303 -293 0
-542 -305 -288 25 0
-305 -288 -25 542 0
-541 -305 -288 0
-542 -303 -288 0
-303 -288 541 0
-270 -537 -532 540 539 0
-270 -532 538 537 0
-270 533 532 0
-539 -537 -532 270 0
-540 -537 -532 270 0
-538 -532 270 0
-533 270 0
-540 -539 0
-515 540 517 402 0
-540 -515 -402 517 0
-540 -517 515 402 0
-517 -402 540 515 0
-514 540 516 402 0
-540 -514 -402 516 0
-540 -516 514 402 0
-516 -402 540 514 0
-516 -514 539 517 515 0
539 516 514 0
-517 -515 539 0
-539 -517 515 0
-539 -515 517 0
-539 -516 514 0
-539 -514 516 0
-19 538 536 492 0
-538 -492 -19 536 0
-538 536 492 19 0
-492 538 536 19 0
-536 -16 538 535 491 0
-538 -536 -491 -16 535 0
-538 -536 535 491 16 0
-536 -491 538 535 16 0
-535 -52 538 534 490 0
-538 -535 -490 -52 534 0
-538 -535 534 490 52 0
-535 -490 538 534 52 0
-538 -537 0
-534 537 0
-537 534 0
536 492 489 0
-492 -489 536 0
-536 -492 489 0
-536 -489 492 0
-536 535 491 487 0
-536 -491 -487 535 0
-535 -491 487 0
-535 -487 491 0
-535 536 0
-535 534 490 488 0
-535 -490 -488 534 0
-534 -490 488 0
-534 -488 490 0
-534 535 0
-533 -300 -293 0
-300 -293 532 0
-533 -297 -293 29 0
-297 -293 -29 533 0
-532 -297 -293 0
-533 -300 -288 25 0
-300 -288 -25 533 0
-532 -300 -288 0
-533 -297 -288 0
-297 -288 532 0
-62 261 260 0
-261 62 0
-260 62 0
-60 208 207 0
-208 60 0
-207 60 0
-4 258 257 0
-258 4 0
-257 4 0
-101 205 204 0
-205 101 0
-204 101 0
-2 256 255 0
-256 2 0
-255 2 0
-59 202 142 0
-202 59 0
-142 59 0
-531 254 252 0
-254 531 0
-252 531 0
-530 246 251 0
-246 530 0
-251 530 0
-529 250 247 0
-250 529 0
-247 529 0
-528 244 248 0
-244 528 0
-248 528 0
-527 243 240 0
-243 527 0
-240 527 0
-526 245 241 0
-245 526 0
-241 526 0
-525 239 238 0
-239 525 0
-238 525 0
-524 231 237 0
-231 524 0
-237 524 0
-523 234 232 0
-234 523 0
-232 523 0
-522 228 233 0
-228 522 0
-233 522 0
-521 227 225 0
-227 521 0
-225 521 0
-520 230 226 0
-230 520 0
-226 520 0
-519 224 222 0
-224 519 0
-222 519 0
-518 215 221 0
-215 518 0
-221 518 0
-517 219 216 0
-219 517 0
-216 517 0
-516 212 217 0
-212 516 0
-217 516 0
-515 211 209 0
-211 515 0
-209 515 0
-514 214 210 0
-214 514 0
-210 514 0
-48 -27 0
-42 -27 0
-38 -27 0
-22 48 0
-42 -22 0
-38 -22 0
-42 261 208 480 0
-38 260 207 479 0
-89 -79 0
-87 -79 0
-83 -79 0
-258 -74 89 0
-205 -74 89 0
-89 258 205 0
-87 -74 0
-83 -74 0
-83 257 204 0
-47 -30 0
-41 -30 0
-37 -30 0
-256 -23 47 0
-202 -23 47 0
-47 256 202 0
-41 -23 0
-37 -23 0
-41 255 142 0
-513 -317 0
-512 -317 0
-511 -317 0
-315 513 0
-512 -315 0
-511 -315 0
-512 254 246 461 0
-511 252 251 460 0
-510 -314 0
-509 -314 0
-508 -314 0
-250 -311 510 0
-244 -311 510 0
-510 250 244 0
-509 -311 0
-508 -311 0
-508 247 248 0
-507 -310 0
-505 -310 0
-506 -310 0
-243 -307 507 0
-245 -307 507 0
-507 243 245 0
-505 -307 0
-506 -307 0
-505 240 241 0
-504 -306 0
-503 -306 0
-502 -306 0
-304 504 0
-503 -304 0
-502 -304 0
-503 239 231 442 0
-502 238 237 441 0
-501 -301 0
-500 -301 0
-499 -301 0
-234 -298 501 0
-228 -298 501 0
-501 234 228 0
-500 -298 0
-499 -298 0
-499 232 233 0
-498 -294 0
-496 -294 0
-497 -294 0
-227 -289 498 0
-230 -289 498 0
-498 227 230 0
-496 -289 0
-497 -289 0
-496 225 226 0
-495 -305 0
-494 -305 0
-493 -305 0
-303 495 0
-494 -303 0
-493 -303 0
-494 224 215 423 0
-493 222 221 422 0
-492 -300 0
-491 -300 0
-490 -300 0
-219 -297 492 0
-212 -297 492 0
-492 219 212 0
-491 -297 0
-490 -297 0
-490 216 217 0
-489 -293 0
-487 -293 0
-488 -293 0
-211 -288 489 0
-214 -288 489 0
-489 211 214 0
-487 -288 0
-488 -288 0
-487 209 210 0
-261 -208 -22 0
-261 -208 0
-261 -207 180 0
-261 208 207 0
-261 -208 0
-261 -480 0
-208 -27 0
-208 187 0
-208 -480 -22 0
-208 -480 0
-208 -479 180 0
-208 -480 0
-22 261 208 480 0
-260 -208 -22 0
-260 -208 184 0
-260 -207 0
-260 208 207 0
-260 -207 0
-260 -479 0
-207 -27 0
-207 186 0
-207 -480 -22 0
-207 -480 184 0
-207 -479 0
-207 -479 0
-485 486 0
-486 485 0
-261 -484 0
-261 485 484 0
-484 261 485 0
-485 261 484 0
-260 484 0
-484 260 0
-482 483 0
-483 482 0
-208 -481 0
-208 482 481 0
-481 208 482 0
-482 208 481 0
-207 481 0
-481 207 0
-480 -478 0
-480 478 0
-478 480 0
-479 478 0
-478 479 0
-258 -205 -79 0
-258 -205 0
-258 -204 181 0
-258 205 204 0
-258 -205 0
-205 -74 0
-205 185 0
-79 258 205 0
-257 -205 -79 0
-257 -205 186 0
-257 -204 0
-257 205 204 0
-257 -204 0
-204 -74 0
-204 184 0
-258 -476 0
-258 477 476 0
-476 258 477 0
-477 258 476 0
-475 476 0
-476 475 0
-257 475 0
-475 257 0
-205 -473 0
-205 474 473 0
-473 205 474 0
-474 205 473 0
-472 473 0
-473 472 0
-204 472 0
-472 204 0
-256 -202 -30 0
-256 -202 0
-256 -142 -23 0
-256 -142 185 0
-256 202 142 0
-256 -202 0
-202 181 0
-30 256 202 0
-255 -202 -30 0
-255 -202 187 0
-255 -142 -23 0
-255 -142 0
-255 202 142 0
-255 -142 0
-142 180 0
-23 255 142 0
-256 -470 0
-256 471 470 0
-470 256 471 0
-471 256 470 0
-255 470 0
-470 255 0
-202 -468 0
-202 469 468 0
-468 202 469 0
-469 202 468 0
-142 468 0
-468 142 0
-254 -246 -315 0
-254 -246 0
-254 -251 169 0
-254 246 251 0
-254 -246 0
-254 -461 0
-246 -317 0
-246 178 0
-246 -461 -315 0
-246 -461 0
-246 -460 169 0
-246 -461 0
-315 254 246 461 0
-252 -246 -315 0
-252 -246 173 0
-252 -251 0
-252 246 251 0
-252 -251 0
-252 -460 0
-251 -317 0
-251 177 0
-251 -461 -315 0
-251 -461 173 0
-251 -460 0
-251 -460 0
-466 467 0
-467 466 0
-254 -465 0
-254 466 465 0
-465 254 466 0
-466 254 465 0
-252 465 0
-465 252 0
-463 464 0
-464 463 0
-246 -462 0
-246 463 462 0
-462 246 463 0
-463 246 462 0
-251 462 0
-462 251 0
-461 -459 0
-461 459 0
-459 461 0
-460 459 0
-459 460 0
-250 -244 -314 0
-250 -244 0
-250 -248 170 0
-250 244 248 0
-250 -244 0
-244 -311 0
-244 174 0
-314 250 244 0
-247 -244 -314 0
-247 -244 177 0
-247 -248 0
-247 244 248 0
-247 -248 0
-248 -311 0
-248 173 0
-250 -457 0
-250 458 457 0
-457 250 458 0
-458 250 457 0
-456 457 0
-457 456 0
-247 456 0
-456 247 0
-244 -454 0
-244 455 454 0
-454 244 455 0
-455 244 454 0
-453 454 0
-454 453 0
-248 453 0
-453 248 0
-243 -245 -310 0
-243 -245 0
-243 -241 -307 0
-243 -241 174 0
-243 245 241 0
-243 -245 0
-245 170 0
-310 243 245 0
-240 -245 -310 0
-240 -245 178 0
-240 -241 -307 0
-240 -241 0
-240 245 241 0
-240 -241 0
-241 169 0
-307 240 241 0
-243 -451 0
-243 452 451 0
-451 243 452 0
-452 243 451 0
-240 451 0
-451 240 0
-245 -449 0
-245 450 449 0
-449 245 450 0
-450 245 449 0
-241 449 0
-449 241 0
-239 -231 -304 0
-239 -231 0
-239 -237 159 0
-239 231 237 0
-239 -231 0
-239 -442 0
-231 -306 0
-231 167 0
-231 -442 -304 0
-231 -442 0
-231 -441 159 0
-231 -442 0
-304 239 231 442 0
-238 -231 -304 0
-238 -231 162 0
-238 -237 0
-238 231 237 0
-238 -237 0
-238 -441 0
-237 -306 0
-237 166 0
-237 -442 -304 0
-237 -442 162 0
-237 -441 0
-237 -441 0
-447 448 0
-448 447 0
-239 -446 0
-239 447 446 0
-446 239 447 0
-447 239 446 0
-238 446 0
-446 238 0
-444 445 0
-445 444 0
-231 -443 0
-231 444 443 0
-443 231 444 0
-444 231 443 0
-237 443 0
-443 237 0
-442 -440 0
-442 440 0
-440 442 0
-441 440 0
-440 441 0
-234 -228 -301 0
-234 -228 0
-234 -233 160 0
-234 228 233 0
-234 -228 0
-228 -298 0
-228 163 0
-301 234 228 0
-232 -228 -301 0
-232 -228 166 0
-232 -233 0
-232 228 233 0
-232 -233 0
-233 -298 0
-233 162 0
-234 -438 0
-234 439 438 0
-438 234 439 0
-439 234 438 0
-437 438 0
-438 437 0
-232 437 0
-437 232 0
-228 -435 0
-228 436 435 0
-435 228 436 0
-436 228 435 0
-434 435 0
-435 434 0
-233 434 0
-434 233 0
-227 -230 -294 0
-227 -230 0
-227 -226 -289 0
-227 -226 163 0
-227 230 226 0
-227 -230 0
-230 160 0
-294 227 230 0
-225 -230 -294 0
-225 -230 167 0
-225 -226 -289 0
-225 -226 0
-225 230 226 0
-225 -226 0
-226 159 0
-289 225 226 0
-227 -432 0
-227 433 432 0
-432 227 433 0
-433 227 432 0
-225 432 0
-432 225 0
-230 -430 0
-230 431 430 0
-430 230 431 0
-431 230 430 0
-226 430 0
-430 226 0
-224 -215 -303 0
-224 -215 0
-224 -221 148 0
-224 215 221 0
-224 -215 0
-224 -423 0
-215 -305 0
-215 158 0
-215 -423 -303 0
-215 -423 0
-215 -422 148 0
-215 -423 0
-303 224 215 423 0
-222 -215 -303 0
-222 -215 153 0
-222 -221 0
-222 215 221 0
-222 -221 0
-222 -422 0
-221 -305 0
-221 156 0
-221 -423 -303 0
-221 -423 153 0
-221 -422 0
-221 -422 0
-428 429 0
-429 428 0
-224 -427 0
-224 428 427 0
-427 224 428 0
-428 224 427 0
-222 427 0
-427 222 0
-425 426 0
-426 425 0
-215 -424 0
-215 425 424 0
-424 215 425 0
-425 215 424 0
-221 424 0
-424 221 0
-423 -421 0
-423 421 0
-421 423 0
-422 421 0
-421 422 0
-219 -212 -300 0
-219 -212 0
-219 -217 151 0
-219 212 217 0
-219 -212 0
-212 -297 0
-212 154 0
-300 219 212 0
-216 -212 -300 0
-216 -212 156 0
-216 -217 0
-216 212 217 0
-216 -217 0
-217 -297 0
-217 153 0
-219 -419 0
-219 420 419 0
-419 219 420 0
-420 219 419 0
-418 419 0
-419 418 0
-216 418 0
-418 216 0
-212 -416 0
-212 417 416 0
-416 212 417 0
-417 212 416 0
-415 416 0
-416 415 0
-217 415 0
-415 217 0
-211 -214 -293 0
-211 -214 0
-211 -210 -288 0
-211 -210 154 0
-211 214 210 0
-211 -214 0
-214 151 0
-293 211 214 0
-209 -214 -293 0
-209 -214 158 0
-209 -210 -288 0
-209 -210 0
-209 214 210 0
-209 -210 0
-210 148 0
-288 209 210 0
-211 -413 0
-211 414 413 0
-413 211 414 0
-414 211 413 0
-209 413 0
-413 209 0
-214 -411 0
-214 412 411 0
-411 214 412 0
-412 214 411 0
-210 411 0
-411 210 0
-164 -27 19 0
-27 -19 164 0
-164 -22 16 0
-22 -16 164 0
-105 -79 19 0
-79 -19 105 0
-105 -74 16 0
-74 -16 105 0
-3 -30 19 0
-30 -19 3 0
-3 -23 16 0
-23 -16 3 0
-410 -317 19 0
-317 -19 410 0
-410 -315 16 0
-315 -16 410 0
-409 -314 19 0
-314 -19 409 0
-409 -311 16 0
-311 -16 409 0
-408 -310 19 0
-310 -19 408 0
-408 -307 16 0
-307 -16 408 0
-407 -306 19 0
-306 -19 407 0
-407 -304 16 0
-304 -16 407 0
-406 -301 19 0
-301 -19 406 0
-406 -298 16 0
-298 -16 406 0
-405 -294 19 0
-294 -19 405 0
-405 -289 16 0
-289 -16 405 0
-404 -305 19 0
-305 -19 404 0
-404 -303 16 0
-303 -16 404 0
-403 -300 19 0
-300 -19 403 0
-403 -297 16 0
-297 -16 403 0
-402 -293 19 0
-293 -19 402 0
-402 -288 16 0
-288 -16 402 0
-27 -399 -390 -25 0
27 22 0
-27 401 0
-27 401 0
-79 -391 -390 -25 0
79 74 0
-79 401 0
-79 393 0
-30 -390 -379 -25 0
30 23 0
-30 401 0
-30 384 0
-22 -401 -29 0
27 22 0
-22 390 0
-22 399 0
-74 -401 -393 -29 0
79 74 0
-74 390 0
-74 391 0
-23 -401 -384 -29 0
30 23 0
-23 390 0
-23 379 0
27 22 0
79 74 0
30 23 0
-317 -367 -358 -25 0
317 315 0
-317 369 0
-317 369 0
-314 -359 -358 -25 0
314 311 0
-314 369 0
-314 361 0
-310 -358 -347 -25 0
310 307 0
-310 369 0
-310 352 0
-315 -369 -29 0
317 315 0
-315 358 0
-315 367 0
-311 -369 -361 -29 0
314 311 0
-311 358 0
-311 359 0
-307 -369 -352 -29 0
310 307 0
-307 358 0
-307 347 0
317 315 0
314 311 0
310 307 0
-306 -335 -326 -25 0
306 304 0
-306 337 0
-306 337 0
-301 -327 -326 -25 0
301 298 0
-301 337 0
-301 329 0
-294 -326 -312 -25 0
294 289 0
-294 337 0
-294 320 0
-304 -337 -29 0
306 304 0
-304 326 0
-304 335 0
-298 -337 -329 -29 0
301 298 0
-298 326 0
-298 327 0
-289 -337 -320 -29 0
294 289 0
-289 326 0
-289 312 0
306 304 0
301 298 0
294 289 0
-305 -285 -242 -25 0
305 303 0
-305 287 0
-305 287 0
-300 -249 -242 -25 0
300 297 0
-300 287 0
-300 259 0
-293 -242 -200 -25 0
293 288 0
-293 287 0
-293 218 0
-303 -287 -29 0
305 303 0
-303 242 0
-303 285 0
-297 -287 -259 -29 0
300 297 0
-297 242 0
-297 249 0
-288 -287 -218 -29 0
293 288 0
-288 242 0
-288 200 0
305 303 0
300 297 0
293 288 0
-385 401 0
-385 401 0
-401 385 0
-401 385 0
-396 -383 385 0
-400 385 0
-385 400 383 0
-385 400 396 0
-394 -381 400 0
-400 381 0
-400 394 0
-385 -380 399 0
-380 399 0
-399 380 0
-399 385 380 0
-396 -378 380 0
-396 380 0
-380 396 378 0
-380 396 0
-394 -376 396 0
-398 396 0
-396 398 376 0
-396 398 394 0
-187 398 0
-398 187 0
-385 -375 397 0
-375 397 0
-397 375 0
-397 385 375 0
-396 -372 375 0
-395 375 0
-375 395 372 0
-375 396 395 0
-394 395 0
-395 394 0
-395 394 0
-186 394 0
-394 186 0
-389 -385 393 0
-389 393 0
-393 389 385 0
-393 389 0
-383 -378 389 0
-383 389 0
-389 383 0
-389 383 378 0
-386 -381 383 0
-392 383 0
-383 392 381 0
-383 392 386 0
-185 392 0
-392 185 0
-389 -380 391 0
-390 391 0
-391 390 380 0
-391 390 389 0
-378 390 0
-378 390 0
-390 378 0
-390 378 0
-386 -376 378 0
-378 376 0
-378 386 0
-389 -375 388 0
-387 388 0
-388 387 375 0
-388 389 387 0
-378 -372 387 0
-372 387 0
-387 372 0
-387 378 372 0
-386 372 0
-372 386 0
-372 386 0
-184 386 0
-386 184 0
-385 -374 384 0
-374 384 0
-384 385 374 0
-384 374 0
-383 -371 374 0
-382 374 0
-374 383 382 0
-374 382 371 0
-381 382 0
-382 381 0
-382 381 0
-181 381 0
-381 181 0
-380 -374 379 0
-377 379 0
-379 380 377 0
-379 377 374 0
-378 -371 377 0
-371 377 0
-377 378 371 0
-377 371 0
-376 371 0
-371 376 0
-371 376 0
-180 376 0
-376 180 0
-375 -374 373 0
-370 373 0
-373 375 370 0
-373 374 370 0
-372 -371 370 0
-370 372 0
-370 371 0
-353 369 0
-353 369 0
-369 353 0
-369 353 0
-364 -351 353 0
-368 353 0
-353 368 351 0
-353 368 364 0
-362 -349 368 0
-368 349 0
-368 362 0
-353 -348 367 0
-348 367 0
-367 348 0
-367 353 348 0
-364 -346 348 0
-364 348 0
-348 364 346 0
-348 364 0
-362 -344 364 0
-366 364 0
-364 366 344 0
-364 366 362 0
-178 366 0
-366 178 0
-353 -343 365 0
-343 365 0
-365 343 0
-365 353 343 0
-364 -340 343 0
-363 343 0
-343 363 340 0
-343 364 363 0
-362 363 0
-363 362 0
-363 362 0
-177 362 0
-362 177 0
-357 -353 361 0
-357 361 0
-361 357 353 0
-361 357 0
-351 -346 357 0
-351 357 0
-357 351 0
-357 351 346 0
-354 -349 351 0
-360 351 0
-351 360 349 0
-351 360 354 0
-174 360 0
-360 174 0
-357 -348 359 0
-358 359 0
-359 358 348 0
-359 358 357 0
-346 358 0
-346 358 0
-358 346 0
-358 346 0
-354 -344 346 0
-346 344 0
-346 354 0
-357 -343 356 0
-355 356 0
-356 355 343 0
-356 357 355 0
-346 -340 355 0
-340 355 0
-355 340 0
-355 346 340 0
-354 340 0
-340 354 0
-340 354 0
-173 354 0
-354 173 0
-353 -342 352 0
-342 352 0
-352 353 342 0
-352 342 0
-351 -339 342 0
-350 342 0
-342 351 350 0
-342 350 339 0
-349 350 0
-350 349 0
-350 349 0
-170 349 0
-349 170 0
-348 -342 347 0
-345 347 0
-347 348 345 0
-347 345 342 0
-346 -339 345 0
-339 345 0
-345 346 339 0
-345 339 0
-344 339 0
-339 344 0
-339 344 0
-169 344 0
-344 169 0
-343 -342 341 0
-338 341 0
-341 343 338 0
-341 342 338 0
-340 -339 338 0
-338 340 0
-338 339 0
-321 337 0
-321 337 0
-337 321 0
-337 321 0
-332 -319 321 0
-336 321 0
-321 336 319 0
-321 336 332 0
-330 -316 336 0
-336 316 0
-336 330 0
-321 -313 335 0
-313 335 0
-335 313 0
-335 321 313 0
-332 -309 313 0
-332 313 0
-313 332 309 0
-313 332 0
-330 -302 332 0
-334 332 0
-332 334 302 0
-332 334 330 0
-167 334 0
-334 167 0
-321 -299 333 0
-30 27 0
-299 333 0
-27 30 0
-333 299 0
-23 22 0
-333 321 299 0
-22 23 0
-332 -292 299 0
-27 79 0
-331 299 0
-79 27 0
-299 331 292 0
-22 74 0
-299 332 331 0
-74 22 0
-330 331 0
-79 30 0
-331 330 0
-30 79 0
-331 330 0
-74 23 0
-166 330 0
-23 74 0
-330 166 0
-310 317 0
-325 -321 329 0
-317 310 0
-325 329 0
-307 315 0
-329 325 321 0
-315 307 0
-329 325 0
-317 314 0
-319 -309 325 0
-314 317 0
-319 325 0
-315 311 0
-325 319 0
-311 315 0
-325 319 309 0
-314 310 0
-322 -316 319 0
-310 314 0
-328 319 0
-311 307 0
-319 328 316 0
-307 311 0
-319 328 322 0
-294 306 0
-163 328 0
-306 294 0
-328 163 0
-289 304 0
-325 -313 327 0
-304 289 0
-326 327 0
-306 301 0
-327 326 313 0
-301 306 0
-327 326 325 0
-304 298 0
-309 326 0
-298 304 0
-309 326 0
-301 294 0
-326 309 0
-294 301 0
-326 309 0
-298 289 0
-322 -302 309 0
-289 298 0
-309 302 0
-293 305 0
-309 322 0
-305 293 0
-325 -299 324 0
-288 303 0
-323 324 0
-303 288 0
-324 323 299 0
-305 300 0
-324 325 323 0
-300 305 0
-309 -292 323 0
-303 297 0
-292 323 0
-297 303 0
-323 292 0
-300 293 0
-323 309 292 0
-293 300 0
-322 292 0
-297 288 0
-292 322 0
-288 297 0
-292 322 0
-27 317 0
-162 322 0
-317 27 0
-322 162 0
-22 315 0
-321 -296 320 0
-315 22 0
-296 320 0
-79 314 0
-320 321 296 0
-314 79 0
-320 296 0
-74 311 0
-319 -291 296 0
-311 74 0
-318 296 0
-30 310 0
-296 319 318 0
-310 30 0
-296 318 291 0
-23 307 0
-316 318 0
-307 23 0
-318 316 0
-317 306 0
-318 316 0
-306 317 0
-160 316 0
-315 304 0
-316 160 0
-304 315 0
-313 -296 312 0
-314 301 0
-308 312 0
-301 314 0
-312 313 308 0
-311 298 0
-312 308 296 0
-298 311 0
-309 -291 308 0
-310 294 0
-291 308 0
-294 310 0
-308 309 291 0
-307 289 0
-308 291 0
-289 307 0
-302 291 0
-306 305 0
-291 302 0
-305 306 0
-291 302 0
-304 303 0
-159 302 0
-303 304 0
-302 159 0
-301 300 0
-299 -296 295 0
-300 301 0
-290 295 0
-298 297 0
-295 299 290 0
-297 298 0
-295 296 290 0
-294 293 0
-292 -291 290 0
-293 294 0
-290 292 0
-289 288 0
-290 291 0
-288 289 0
-220 287 0
-284 -116 -99 0
-220 287 0
-283 -118 -97 0
-287 220 0
-282 -109 -95 0
-287 220 0
-281 -112 -91 0
-268 -213 220 0
-280 -104 -88 0
-286 220 0
-279 -107 -85 0
-220 286 213 0
-277 -97 -78 0
-220 286 268 0
-276 -99 -73 0
-262 -203 286 0
-275 -91 -71 0
-286 203 0
-274 -95 -68 0
-286 262 0
-272 -85 -65 0
-220 -201 285 0
-271 -88 -64 0
-201 285 0
-270 -73 -57 0
-285 201 0
-269 -78 -54 0
-285 220 201 0
-267 -68 -49 0
-268 -199 201 0
-266 -71 -44 0
-268 201 0
-265 -64 -39 0
-201 268 199 0
-263 -65 -34 0
-201 268 0
-118 -13 284 55 0
-262 -196 268 0
-116 -12 283 55 0
-278 268 0
-112 -9 282 45 0
-268 278 196 0
-109 -8 281 45 0
-268 278 262 0
-107 -6 280 32 0
-158 278 0
-104 -5 279 32 0
-278 158 0
-99 -13 277 55 0
-220 -195 273 0
-97 -12 276 55 0
-195 273 0
-95 -9 275 45 0
-273 195 0
-91 -8 274 45 0
-273 220 195 0
-88 -6 272 32 0
-268 -191 195 0
-85 -5 271 32 0
-264 195 0
-78 -13 270 55 0
-195 264 191 0
-73 -12 269 55 0
-195 268 264 0
-71 -9 267 45 0
-262 264 0
-68 -8 266 45 0
-264 262 0
-65 -6 265 32 0
-264 262 0
-64 -5 263 32 0
-156 262 0
-261 -208 0
-262 156 0
-260 -208 204 0
-236 -220 259 0
-261 -207 142 0
-236 259 0
-260 -207 0
-259 236 220 0
-258 -205 0
-259 236 0
-257 -205 207 0
-213 -199 236 0
-258 -204 202 0
-213 236 0
-257 -204 0
-236 213 0
-256 -202 0
-236 213 199 0
-255 -202 208 0
-223 -203 213 0
-256 -142 205 0
-253 213 0
-255 -142 0
-213 253 203 0
-254 -246 0
-213 253 223 0
-252 -246 248 0
-154 253 0
-254 -251 241 0
-253 154 0
-252 -251 0
-236 -201 249 0
-250 -244 0
-242 249 0
-247 -244 251 0
-249 242 201 0
-250 -248 245 0
-249 242 236 0
-247 -248 0
-199 242 0
-243 -245 0
-199 242 0
-240 -245 246 0
-242 199 0
-243 -241 244 0
-242 199 0
-240 -241 0
-223 -196 199 0
-239 -231 0
-199 196 0
-238 -231 233 0
-199 223 0
-239 -237 226 0
-236 -195 235 0
-238 -237 0
-229 235 0
-234 -228 0
-235 229 195 0
-232 -228 237 0
-235 236 229 0
-234 -233 230 0
-199 -191 229 0
-232 -233 0
-191 229 0
-227 -230 0
-229 191 0
-225 -230 231 0
-229 199 191 0
-227 -226 228 0
-223 191 0
-225 -226 0
-191 223 0
-224 -215 0
-191 223 0
-222 -215 217 0
-153 223 0
-224 -221 210 0
-223 153 0
-222 -221 0
-220 -193 218 0
-219 -212 0
-193 218 0
-216 -212 221 0
-218 220 193 0
-219 -217 214 0
-218 193 0
-216 -217 0
-213 -190 193 0
-211 -214 0
-206 193 0
-209 -214 215 0
-193 213 206 0
-211 -210 212 0
-193 206 190 0
-209 -210 0
-203 206 0
-208 -55 -13 110 0
-206 203 0
-207 -55 -12 11 0
-206 203 0
-205 -45 -9 168 0
-151 203 0
-204 -45 -8 70 0
-203 151 0
-202 -32 -6 198 0
-201 -193 200 0
-198 -182 -171 194 188 0
-197 200 0
-198 -171 183 182 0
-200 201 197 0
-198 172 171 0
-200 197 193 0
-188 -182 -171 198 0
-199 -190 197 0
-194 -182 -171 198 0
-190 197 0
-183 -171 198 0
-197 199 190 0
-172 198 0
-197 190 0
-194 -188 0
-196 190 0
-62 194 4 164 0
-190 196 0
-194 -62 -164 4 0
-190 196 0
-194 -4 62 164 0
-148 196 0
-4 -164 194 62 0
-196 148 0
-60 194 101 164 0
-195 -193 192 0
-194 -60 -164 101 0
-189 192 0
-194 -101 60 164 0
-192 195 189 0
-101 -164 194 60 0
-192 193 189 0
-60 -101 188 62 4 0
-191 -190 189 0
188 60 101 0
-189 191 0
-62 -4 188 0
-189 190 0
-188 -4 62 0
-55 -12 187 0
-188 -62 4 0
-118 187 0
-188 -101 60 0
-187 118 55 0
-188 -60 101 0
-187 12 0
-19 183 179 89 0
-55 -13 186 0
-183 -89 -19 179 0
-116 186 0
-183 179 89 19 0
-186 116 55 0
-89 183 179 19 0
-186 13 0
-179 -16 183 176 87 0
-45 -8 185 0
-183 -179 -87 -16 176 0
-112 185 0
-183 -179 176 87 16 0
-185 112 45 0
-179 -87 183 176 16 0
-185 8 0
-176 -52 183 175 83 0
-45 -9 184 0
-183 -176 -83 -52 175 0
-109 184 0
-183 -176 175 83 52 0
-184 109 45 0
-176 -83 183 175 52 0
-184 9 0
-183 -182 0
-32 -5 181 0
-175 182 0
-107 181 0
-182 175 0
-181 107 32 0
179 48 89 0
-181 5 0
-48 -89 179 0
-32 -6 180 0
-179 -89 48 0
-104 180 0
-179 -48 89 0
-180 104 32 0
-179 176 42 87 0
-180 6 0
-179 -42 -87 176 0
-55 -12 178 0
-176 -87 42 0
-99 178 0
-176 -42 87 0
-178 99 55 0
-176 179 0
-178 12 0
-176 175 38 83 0
-55 -13 177 0
-176 -38 -83 175 0
-97 177 0
-175 -83 38 0
-177 97 55 0
-175 -38 83 0
-177 13 0
-175 176 0
-45 -8 174 0
-172 -27 -79 0
-95 174 0
-27 -79 171 0
-174 95 45 0
-172 -27 -74 29 0
-174 8 0
-27 -74 -29 172 0
-45 -9 173 0
-171 -27 -74 0
-91 173 0
-172 -22 -79 25 0
-173 91 45 0
-22 -79 -25 172 0
-173 9 0
-171 -22 -79 0
-32 -5 170 0
-172 -22 -74 0
-88 170 0
-22 -74 171 0
-170 88 32 0
-168 -155 -144 165 161 0
-170 5 0
-168 -144 157 155 0
-32 -6 169 0
-168 145 144 0
-85 169 0
-161 -155 -144 168 0
-169 85 32 0
-165 -155 -144 168 0
-169 6 0
-157 -144 168 0
-55 -12 167 0
-145 168 0
-78 167 0
-165 -161 0
-167 78 55 0
-62 165 2 164 0
-167 12 0
-165 -62 -164 2 0
-55 -13 166 0
-165 -2 62 164 0
-73 166 0
-2 -164 165 62 0
-166 73 55 0
-60 165 59 164 0
-166 13 0
-165 -60 -164 59 0
-45 -8 163 0
-165 -59 60 164 0
-71 163 0
-59 -164 165 60 0
-163 71 45 0
-60 -59 161 62 2 0
-163 8 0
161 60 59 0
-45 -9 162 0
-62 -2 161 0
-68 162 0
-161 -2 62 0
-162 68 45 0
-161 -62 2 0
-162 9 0
-161 -59 60 0
-32 -5 160 0
-161 -60 59 0
-65 160 0
-19 157 152 47 0
-160 65 32 0
-157 -47 -19 152 0
-160 5 0
-157 152 47 19 0
-32 -6 159 0
-47 157 152 19 0
-64 159 0
-152 -16 157 150 41 0
-159 64 32 0
-157 -152 -41 -16 150 0
-159 6 0
-157 -152 150 41 16 0
-55 -12 158 0
-152 -41 157 150 16 0
-57 158 0
-150 -52 157 149 37 0
-158 57 55 0
-157 -150 -37 -52 149 0
-158 12 0
-157 -150 149 37 52 0
-55 -13 156 0
-150 -37 157 149 52 0
-54 156 0
-157 -155 0
-156 54 55 0
-149 155 0
-156 13 0
-155 149 0
-45 -8 154 0
152 48 47 0
-49 154 0
-48 -47 152 0
-154 49 45 0
-152 -47 48 0
-154 8 0
-152 -48 47 0
-45 -9 153 0
-152 150 42 41 0
-44 153 0
-152 -42 -41 150 0
-153 44 45 0
-150 -41 42 0
-153 9 0
-150 -42 41 0
-32 -5 151 0
-150 152 0
-39 151 0
-150 149 38 37 0
-151 39 32 0
-150 -38 -37 149 0
-151 5 0
-149 -37 38 0
-32 -6 148 0
-149 -38 37 0
-34 148 0
-149 150 0
-148 34 32 0
-145 -27 -30 0
-148 6 0
-27 -30 144 0
147 146 143 141 140 138 0
-145 -27 -23 29 0
-27 -23 -29 145 0
-144 -27 -23 0
-147 118 0
-145 -22 -30 25 0
-147 -99 0
-22 -30 -25 145 0
-146 116 0
-144 -22 -30 0
-146 -97 0
-145 -22 -23 0
-143 112 0
-22 -23 144 0
-143 -95 0
-142 -32 -5 139 0
-139 -125 -113 136 132 0
-139 -113 127 125 0
-141 109 0
-139 114 113 0
-141 -91 0
-132 -125 -113 139 0
-140 107 0
-136 -125 -113 139 0
-140 -88 0
-127 -113 139 0
-138 104 0
-114 139 0
-138 -85 0
-136 -132 0
-4 136 62 105 0
-136 -4 -105 62 0
137 135 134 133 131 130 0
-136 -62 4 105 0
-62 -105 136 4 0
-101 136 60 105 0
-137 99 0
-136 -101 -105 60 0
-137 -78 0
-136 -60 101 105 0
-135 97 0
-60 -105 136 101 0
-135 -73 0
-60 -101 132 62 4 0
-134 95 0
132 60 101 0
-134 -71 0
-62 -4 132 0
-132 -62 4 0
-132 -4 62 0
-133 91 0
-132 -60 101 0
-133 -68 0
-132 -101 60 0
-131 88 0
-19 127 121 48 0
-131 -65 0
-127 -48 -19 121 0
-130 85 0
-127 121 48 19 0
-130 -64 0
-48 127 121 19 0
-121 -16 127 120 42 0
-127 -121 -42 -16 120 0
129 128 126 124 123 122 0
-127 -121 120 42 16 0
-121 -42 127 120 16 0
-120 -52 127 119 38 0
-129 78 0
-127 -120 -38 -52 119 0
-129 -57 0
-127 -120 119 38 52 0
-128 73 0
-120 -38 127 119 52 0
-128 -54 0
-127 -125 0
-126 71 0
-119 125 0
-126 -49 0
-125 119 0
121 48 89 0
-48 -89 121 0
-124 68 0
-121 -48 89 0
-124 -44 0
-121 -89 48 0
-123 65 0
-121 120 42 87 0
-123 -39 0
-121 -42 -87 120 0
-122 64 0
-120 -42 87 0
-122 -34 0
-120 -87 42 0
-120 121 0
-120 119 38 83 0
-120 -38 -83 119 0
-118 -55 0
-119 -38 83 0
-116 -55 0
-119 -83 38 0
-119 120 0
117 55 0
-114 -27 -79 0
-118 -115 55 0
-27 -79 113 0
-118 117 115 55 0
-114 -22 -79 29 0
-115 118 117 55 0
-22 -79 -29 114 0
-117 118 115 55 0
-113 -22 -79 0
-116 115 55 0
-114 -27 -74 25 0
-115 116 55 0
-27 -74 -25 114 0
-112 -45 0
-113 -27 -74 0
-114 -22 -74 0
-109 -45 0
-22 -74 113 0
-112 -111 45 0
-110 -93 -75 106 100 0
112 111 45 0
-110 -75 94 93 0
-110 76 75 0
-100 -93 -75 110 0
-108 111 45 0
-106 -93 -75 110 0
-111 108 45 0
-94 -75 110 0
-109 108 45 0
-76 110 0
-108 109 45 0
-106 -100 0
-107 -32 0
-4 106 2 105 0
-104 -32 0
-106 -4 -105 2 0
-106 -2 4 105 0
-107 -103 32 0
-2 -105 106 4 0
107 103 32 0
-101 106 59 105 0
-104 -102 32 0
-106 -101 -105 59 0
-104 103 102 32 0
-106 -59 101 105 0
-102 104 103 32 0
-59 -105 106 101 0
-103 104 102 32 0
-101 -59 100 4 2 0
100 101 59 0
-102 32 0
-4 -2 100 0
-100 -2 4 0
-99 -55 0
-100 -4 2 0
-97 -55 0
-100 -59 101 0
-100 -101 59 0
98 55 0
-19 94 86 47 0
-99 -96 55 0
-94 -47 -19 86 0
-99 98 96 55 0
-94 86 47 19 0
-96 99 98 55 0
-47 94 86 19 0
-98 99 96 55 0
-86 -16 94 81 41 0
-97 96 55 0
-94 -86 -41 -16 81 0
-96 97 55 0
-94 -86 81 41 16 0
-95 -45 0
-86 -41 94 81 16 0
-81 -52 94 80 37 0
-91 -45 0
-94 -81 -37 -52 80 0
-95 -92 45 0
-94 -81 80 37 52 0
95 92 45 0
-81 -37 94 80 52 0
-94 -93 0
-80 93 0
-90 92 45 0
-93 80 0
-92 90 45 0
86 89 47 0
-91 90 45 0
-89 -47 86 0
-90 91 45 0
-86 -47 89 0
-88 -32 0
-86 -89 47 0
-85 -32 0
-86 81 87 41 0
-86 -87 -41 81 0
-88 -84 32 0
-81 -41 87 0
88 84 32 0
-81 -87 41 0
-85 -82 32 0
-81 86 0
-85 84 82 32 0
-81 80 83 37 0
-82 85 84 32 0
-81 -83 -37 80 0
-84 85 82 32 0
-80 -37 83 0
-80 -83 37 0
-82 32 0
-80 81 0
-76 -79 -30 0
-78 -55 0
-79 -30 75 0
-73 -55 0
-76 -79 -23 29 0
-79 -23 -29 76 0
77 55 0
-75 -79 -23 0
-78 -72 55 0
-76 -74 -30 25 0
-78 77 72 55 0
-74 -30 -25 76 0
-72 78 77 55 0
-75 -74 -30 0
-77 78 72 55 0
-76 -74 -23 0
-73 72 55 0
-74 -23 75 0
-72 73 55 0
-70 -50 -24 66 58 0
-71 -45 0
-70 -24 51 50 0
-70 26 24 0
-68 -45 0
-58 -50 -24 70 0
-71 -69 45 0
-66 -50 -24 70 0
71 69 45 0
-51 -24 70 0
-26 70 0
-66 -58 0
-67 69 45 0
-2 66 62 3 0
-69 67 45 0
-66 -2 -3 62 0
-68 67 45 0
-66 -62 2 3 0
-67 68 45 0
-62 -3 66 2 0
-65 -32 0
-59 66 60 3 0
-64 -32 0
-66 -59 -3 60 0
-66 -60 59 3 0
-65 -63 32 0
-60 -3 66 59 0
65 63 32 0
-60 -59 58 62 2 0
-64 -61 32 0
58 60 59 0
-64 63 61 32 0
-62 -2 58 0
-61 64 63 32 0
-58 -62 2 0
-63 64 61 32 0
-58 -2 62 0
-58 -60 59 0
-61 32 0
-58 -59 60 0
-19 51 40 48 0
-57 -55 0
-51 -48 -19 40 0
-54 -55 0
-51 40 48 19 0
-48 51 40 19 0
55 56 0
-40 -16 51 36 42 0
-57 -53 55 0
-51 -40 -42 -16 36 0
-57 55 56 53 0
-51 -40 36 42 16 0
-53 57 55 56 0
-40 -42 51 36 16 0
-56 57 55 53 0
-36 -52 51 35 38 0
-54 55 53 0
-51 -36 -38 -52 35 0
-53 54 55 0
-51 -36 35 38 52 0
-49 -45 0
-36 -38 51 35 52 0
-51 -50 0
-44 -45 0
-35 50 0
-49 -46 45 0
-50 35 0
49 45 46 0
40 48 47 0
-48 -47 40 0
-40 -48 47 0
-43 45 46 0
-40 -47 48 0
-46 45 43 0
-40 36 42 41 0
-44 45 43 0
-40 -42 -41 36 0
-43 44 45 0
-36 -42 41 0
-39 -32 0
-36 -41 42 0
-34 -32 0
-36 40 0
-36 35 38 37 0
-39 -33 32 0
-36 -38 -37 35 0
39 32 33 0
-35 -38 37 0
-34 -31 32 0
-35 -37 38 0
-34 32 33 31 0
-35 36 0
-31 34 32 33 0
-26 -27 -30 0
-33 34 32 31 0
-27 -30 24 0
-26 -22 -30 29 0
-31 32 0
-22 -30 -29 26 0
-19 29 0
-24 -22 -30 0
-29 19 0
-26 -27 -23 25 0
-19 28 0
-27 -23 -25 26 0
-28 19 0
-24 -27 -23 0
25 19 0
-26 -22 -23 0
-25 -19 0
-22 -23 24 0
-16 21 0
-11 -18 -15 1 7 0
-21 16 0
-11 -15 14 18 0
19 20 0
-11 10 15 0
-19 -20 0
-7 -18 -15 11 0
16 17 0
-1 -18 -15 11 0
-16 -17 0
-14 -15 11 0
12 13 0
-10 11 0
8 9 0
-1 -7 0
5 6 0
-2 1 4 3 0
-1 -2 -3 4 0
