20 486 15 100 390 314 496 154
183 130 198 13 357 74 370 214
467 158 63 431 252 186 152 40
129 73 414 284 280 373 7 266
172 150 58 22 360 255 450 382
320 170 201 283 383 257 343 296
309 222 423 475 308 312 426 210
280 284 129 3 379 373 348 266
103 471 12 401 281 125 194 474
32 422 45 142 51 203 10 235
32 422 142 203 235 45 9 310
134 466 307 378 305 122 79 107
103 401 402 194 8 125 295 484
357 1 74 497 53 319 130 214
402 463 181 16 514 263 207 484
342 67 121 361 17 100 395 112
484 402 514 14 463 263 207 367
112 361 395 121 100 342 67 15
307 338 305 107 466 122 134 79
367 225 263 387 530 509 294 207
0 225 46 206 509 19 387 367
56 23 144 260 481 347 175 26
151 58 172 143 4 495 150 360
56 260 101 481 347 21 144 30
27 90 418 171 166 331 269 371
443 221 525 515 433 523 180 438
231 260 347 21 408 175 230 39
24 171 418 371 90 269 272 331
185 503 397 432 447 108 60 392
492 192 117 411 188 396 528 412
56 23 101 347 291 144 260 481
205 370 198 197 458 319 13 351
232 249 51 235 142 10 9 422
417 44 409 179 95 335 228 487
30 157 249 291 306 232 101 23
408 231 114 449 478 216 453 448
140 499 229 302 137 366 65 138
375 136 43 298 432 133 108 254
78 152 467 167 303 440 40 158
231 26 408 216 230 56 260 175
152 252 2 467 158 419 38 167
186 21 2 477 252 431 467 63
177 380 267 512 223 381 356 148
136 37 81 398 247 298 393 133
91 410 487 425 33 200 507 228
422 203 142 235 310 10 9 32
261 473 323 387 509 225 206 480
356 380 85 267 48 234 516 177
177 522 381 234 85 267 356 239
114 135 460 469 87 146 478 190
478 454 453 449 529 94 146 444
168 203 341 142 249 235 9 32
216 316 114 460 479 132 135 35
319 394 264 465 265 497 476 161
178 82 490 139 413 233 89 353
187 253 99 483 290 104 131 259
30 21 260 347 101 144 481 23
365 296 170 283 165 383 452 201
172 151 150 360 4 22 143 495
483 345 99 156 240 379 259 187
503 421 392 185 397 28 254 108
183 1 74 357 198 5 461 370
517 516 519 85 48 239 267 522
144 21 2 477 431 252 186 347
313 204 304 532 336 491 511 274
138 36 456 137 332 229 499 140
490 89 257 110 283 195 296 173
304 188 121 361 204 395 17 15
226 255 525 524 4 150 515 450
80 473 261 113 480 399 530 128
73 189 441 414 349 155 118 281
341 531 238 243 168 350 182 299
406 442 251 502 109 389 534 141
414 118 189 3 349 155 70 373
319 1 214 13 130 86 213 357
395 412 493 511 506 188 192 400
123 83 109 149 317 250 293 245
145 290 350 193 287 182 196 427
152 167 467 440 158 303 38 40
134 466 305 391 11 122 307 107
113 261 480 384 399 69 128 473
298 501 120 398 43 393 133 212
279 89 233 209 271 285 270 490
303 245 149 123 420 293 76 317
198 458 31 351 183 205 13 370
356 522 234 62 48 177 267 239
74 214 166 213 191 115 171 357
146 460 469 135 454 49 339 190
532 318 336 126 344 92 491 211
82 66 110 178 173 139 283 490
24 171 331 27 269 418 407 272
425 44 487 200 228 507 410 455
211 459 464 174 532 126 318 88
278 508 394 208 300 529 276 94
208 50 93 529 444 248 508 300
335 417 228 487 33 429 409 179
385 42 223 518 224 512 119 527
230 372 448 358 449 127 505 453
368 258 371 407 376 272 159 111
483 156 253 259 59 379 104 187
0 496 67 121 489 17 361 15
30 23 39 260 144 291 56 481
439 218 389 488 244 359 217 321
181 125 12 295 402 401 484 514
187 253 287 99 350 196 290 182
185 60 297 503 421 108 397 392
279 271 270 209 436 457 285 533
122 18 466 134 11 79 305 307
136 37 254 185 503 392 60 298
141 149 406 293 534 72 76 250
195 285 283 106 173 296 257 66
407 368 272 371 376 98 159 258
326 121 304 504 344 204 491 342
128 384 261 353 399 473 494 80
448 460 478 146 135 449 49 469
171 331 191 289 269 337 166 464
163 229 137 124 456 138 164 364
188 412 184 29 396 415 339 500
70 349 189 3 441 155 73 414
385 163 164 137 520 96 124 527
298 501 81 398 43 212 133 393
342 204 361 67 395 304 17 15
107 307 466 134 11 79 305 391
406 141 83 293 76 109 250 317
163 164 385 520 229 138 119 137
181 103 12 295 401 402 484 514
92 464 88 318 532 337 174 289
358 453 26 230 372 97 505 231
113 384 261 353 399 473 494 80
348 266 280 3 373 379 284 7
497 476 319 13 214 465 53 357
286 333 290 147 193 324 196 237
316 460 135 404 489 388 339 277
120 37 81 298 398 393 136 43
107 307 122 305 11 79 466 391
114 49 469 87 460 132 404 190
133 37 254 108 43 432 298 447
163 499 138 520 229 164 119 124
163 499 137 520 229 164 119 124
66 82 490 178 89 110 296 283
340 302 311 36 499 366 65 332
149 293 109 534 502 72 406 250
45 32 422 203 232 10 9 235
360 222 151 22 495 315 426 58
30 21 260 347 56 481 101 23
238 386 243 168 77 341 299 531
454 190 469 49 478 50 444 87
333 324 196 193 286 427 131 237
177 223 381 385 267 380 512 42
176 141 245 83 250 420 241 109
362 360 68 22 4 58 450 172
332 222 426 22 495 360 143 58
419 467 2 252 158 167 38 40
202 174 169 211 292 318 344 337
0 277 390 479 496 314 316 486
70 73 281 349 414 118 189 441
280 129 240 266 284 483 259 379
32 306 34 232 51 101 249 291
467 419 440 78 167 152 38 40
279 413 98 209 271 82 494 270
442 325 251 162 288 378 389 236
497 264 476 265 394 465 53 354
391 134 122 160 11 288 378 325
385 520 164 229 138 137 119 124
124 385 163 229 138 137 119 520
139 283 201 365 383 170 452 57
27 269 337 191 115 171 289 331
303 467 440 78 158 152 38 40
71 243 299 341 531 238 386 51
326 292 323 504 153 202 211 344
201 283 343 296 320 5 383 257
27 115 166 24 331 418 269 90
150 143 58 426 4 22 360 382
110 285 283 106 296 195 257 66
464 126 211 318 92 337 289 153
408 26 347 230 39 231 21 260
250 470 109 241 420 141 534 149
234 42 85 356 48 267 381 148
139 233 82 66 89 283 54 490
95 417 487 429 33 335 409 228
438 25 523 525 433 515 443 268
484 125 402 103 514 275 463 14
287 104 350 427 196 77 290 71
370 1 357 13 130 74 198 319
500 415 188 29 396 412 339 117
28 447 108 503 397 254 392 60
152 467 2 252 63 41 477 431
483 253 104 156 59 259 99 379
412 75 511 29 395 400 192 506
73 349 155 3 373 118 70 414
339 49 469 396 454 528 500 87
459 213 126 464 166 115 337 289
400 29 412 493 506 75 188 492
237 196 324 427 290 333 287 286
125 401 12 103 8 471 281 474
257 320 296 106 110 173 283 66
287 77 324 193 290 350 427 286
513 205 458 31 465 319 351 248
357 1 370 13 183 74 130 319
479 482 277 486 154 219 434 314
228 487 507 410 425 44 91 455
57 165 343 296 170 5 383 283
292 491 344 169 504 211 153 326
51 142 45 235 310 10 9 32
336 313 342 395 64 274 304 491
351 319 130 197 458 31 13 513
473 326 261 323 387 46 399 480
294 484 514 14 463 19 16 263
468 278 93 411 529 508 300 276
271 285 279 533 436 270 457 106
308 475 309 312 423 445 6 446
202 491 153 344 88 318 292 92
273 81 445 393 446 398 501 120
357 166 265 214 264 86 115 191
213 357 74 264 265 497 86 130
458 197 262 513 31 330 351 205
39 52 231 114 408 448 230 35
488 102 218 435 439 346 244 359
217 102 244 488 389 439 359 321
0 479 154 496 20 314 277 486
217 439 498 352 346 359 369 435
438 433 443 25 424 268 523 256
143 495 58 426 360 22 151 332
177 381 96 380 512 148 385 42
520 42 385 518 119 527 512 96
206 387 530 509 20 19 46 367
68 315 329 495 150 362 301 524
372 462 358 127 330 505 322 97
33 487 409 417 507 44 335 425
138 164 137 456 124 116 163 364
231 26 127 505 372 408 97 39
216 230 448 408 505 35 26 39
422 32 291 34 249 306 142 419
490 178 353 413 89 82 159 54
381 42 85 267 48 356 148 177
32 203 51 142 422 10 9 45
442 72 288 325 160 502 389 251
286 196 290 147 427 193 333 324
531 386 71 145 299 168 341 243
517 267 48 85 522 234 519 518
129 266 345 280 284 348 156 379
149 83 420 470 78 176 303 245
201 165 452 57 383 428 405 365
299 386 182 341 531 168 238 71
439 346 218 359 321 217 488 102
149 167 420 303 83 78 241 440
134 416 122 338 466 391 79 162
43 37 298 432 375 340 311 133
394 93 508 300 513 94 208 197
32 142 291 51 34 232 9 157
420 83 109 141 149 176 534 293
442 389 160 288 406 502 236 72
186 467 2 431 40 152 63 419
59 259 104 156 99 379 187 483
298 37 185 108 503 392 60 136
256 268 443 438 4 424 450 382
443 268 438 424 4 255 450 382
110 296 195 283 343 173 320 66
494 98 368 111 272 407 376 159
379 156 187 253 483 99 129 280
144 21 56 101 39 347 481 23
530 473 80 480 69 113 128 399
322 513 205 330 215 462 227 31
484 207 509 14 367 19 16 463
354 161 53 265 476 394 497 465
394 161 53 264 476 354 497 465
129 348 379 3 280 373 284 7
381 42 85 356 48 234 148 177
443 256 438 424 4 255 450 382
27 418 171 337 90 166 331 289
271 285 279 533 436 209 457 106
270 285 106 457 209 436 533 279
407 418 258 27 98 90 371 111
501 393 212 81 398 282 120 297
64 304 313 511 491 336 395 204
514 463 402 181 484 363 430 14
411 506 529 208 468 492 278 300
479 316 390 496 489 388 154 314
208 300 508 276 334 394 93 468
270 285 106 457 209 436 533 271
266 156 129 3 284 379 483 7
471 474 12 401 8 349 194 125
297 33 429 228 273 44 417 487
89 195 296 110 257 173 320 66
129 348 379 3 266 373 280 7
209 436 106 457 271 533 270 279
333 77 193 147 427 324 237 196
427 193 350 196 104 77 182 290
389 502 236 251 442 160 321 72
174 126 337 166 331 115 269 464
193 427 182 287 104 350 237 196
30 306 232 157 23 34 101 481
211 326 169 323 153 344 202 504
250 149 83 141 109 123 76 317
374 509 530 510 463 19 207 69
103 125 484 401 402 514 14 16
257 195 89 110 283 173 320 66
108 105 254 282 392 44 421 81
136 37 133 108 43 254 81 393
238 168 386 145 531 243 310 341
411 208 492 276 528 529 93 508
456 143 315 362 151 495 329 360
340 140 311 36 499 366 65 332
158 467 440 78 167 152 40 38
336 313 342 395 64 204 274 491
134 391 466 307 11 79 122 107
30 34 481 32 232 419 291 23
134 391 466 305 11 79 122 107
475 423 143 426 222 210 6 312
423 446 210 445 312 475 398 393
235 386 531 45 299 341 9 203
36 247 302 366 140 312 65 340
210 423 222 311 332 309 475 308
64 274 304 511 491 336 395 204
0 154 486 489 390 496 277 388
456 143 329 362 301 495 151 360
460 479 404 489 390 277 388 132
245 303 437 109 293 123 83 76
211 532 126 92 464 337 174 88
476 497 214 13 357 130 53 465
343 173 257 296 110 283 195 66
389 288 218 244 217 488 359 102
358 262 330 462 127 227 505 215
504 480 169 46 202 206 326 292
286 77 193 147 333 427 237 196
236 160 391 378 162 321 442 288
342 292 112 344 169 323 504 202
485 77 145 386 437 531 310 299
436 270 106 457 209 355 371 533
116 315 362 456 524 226 364 301
358 227 513 197 372 248 215 262
27 418 289 337 166 90 171 269
65 36 222 426 456 143 495 151
286 427 193 147 290 324 237 196
511 468 400 459 354 278 506 493
95 417 179 487 33 409 228 429
64 532 313 304 204 88 274 491
174 464 115 331 318 289 269 126
134 246 122 466 107 391 79 18
184 388 396 415 190 87 117 500
36 302 311 366 247 375 432 140
71 386 145 168 238 243 531 299
326 112 121 336 491 304 17 204
170 320 296 257 195 5 110 283
169 211 504 88 491 202 153 292
59 199 240 348 156 379 280 259
359 439 217 220 352 498 369 435
26 21 144 30 56 260 481 23
280 284 373 482 129 240 266 7
70 73 281 155 441 118 189 471
196 104 290 182 193 77 287 427
130 205 31 458 197 198 13 319
217 220 359 439 498 346 369 435
128 494 80 113 159 384 413 233
394 334 264 191 161 265 459 468
285 457 436 271 279 106 533 328
381 42 85 267 48 234 148 177
74 1 86 13 319 130 214 213
26 372 127 175 505 227 97 230
217 321 435 346 244 488 369 439
301 151 426 58 315 22 143 495
121 184 100 67 415 395 17 15
456 226 315 495 360 58 301 329
275 181 294 463 430 510 374 514
138 164 124 456 116 137 163 229
452 54 139 201 57 165 383 178
332 140 302 36 499 340 65 311
263 509 225 14 20 19 16 207
258 111 376 98 159 407 272 494
435 217 220 498 346 352 359 439
357 1 319 13 183 74 130 198
418 98 272 27 90 328 355 436
127 358 97 230 449 453 505 448
129 73 266 3 280 348 284 7
80 363 530 430 294 69 54 510
43 37 340 136 447 298 247 432
258 111 494 98 159 407 272 368
218 359 102 346 435 488 217 439
236 162 307 325 11 305 160 122
129 483 266 284 156 259 280 7
177 148 223 381 356 512 234 42
148 42 234 356 512 267 223 177
150 256 268 450 4 424 172 255
57 165 201 283 170 5 296 343
113 80 413 159 353 128 494 376
224 119 520 223 124 527 512 96
238 299 310 145 341 168 243 531
530 19 206 323 509 20 46 225
489 404 339 316 500 132 277 390
72 406 102 442 251 288 502 218
489 132 388 154 496 277 316 314
134 325 122 162 466 416 79 246
108 421 254 503 397 28 185 60
445 398 446 120 81 309 133 43
497 465 476 53 265 264 278 161
192 304 67 188 121 75 511 204
339 415 117 500 184 29 190 528
28 447 108 185 392 503 254 60
445 393 446 120 81 309 133 43
473 261 69 128 113 530 480 80
511 188 192 75 492 412 506 493
125 103 12 181 484 295 402 514
125 181 401 16 514 484 103 14
105 44 425 410 507 200 455 91
132 339 316 469 489 460 135 388
452 242 383 57 165 428 365 201
534 250 109 389 502 141 251 72
258 269 111 27 376 90 368 272
230 175 216 231 39 35 260 26
33 95 335 425 417 179 487 228
200 487 455 507 425 44 91 228
276 208 528 492 29 506 300 529
492 29 192 506 493 75 188 400
233 494 353 82 159 384 128 54
373 70 155 3 189 118 73 7
339 188 184 29 412 396 500 117
352 321 391 498 220 369 359 246
95 409 429 179 33 228 335 487
24 90 171 27 272 371 269 331
306 467 2 152 158 40 38 252
303 176 245 83 470 149 241 250
185 254 392 297 60 503 105 108
45 32 235 203 142 10 9 232
210 445 446 393 309 398 475 312
443 256 255 438 4 382 450 268
487 507 200 91 409 44 410 228
332 151 58 222 360 22 495 143
287 290 196 193 77 182 350 324
472 405 365 451 430 452 242 363
95 33 282 417 228 409 335 179
181 294 463 510 363 275 514 374
63 21 2 477 347 186 252 144
298 37 397 447 136 28 247 375
68 523 525 450 438 515 443 255
316 199 314 277 52 154 486 479
220 369 217 359 439 498 377 346
271 285 533 328 270 209 457 279
531 299 145 45 327 386 310 485
450 255 424 382 443 256 433 268
488 435 217 346 244 377 102 359
467 167 303 78 158 152 38 40
70 471 281 474 349 118 155 189
72 288 502 389 251 160 236 406
438 255 424 382 450 256 433 268
529 478 528 146 454 49 50 87
475 309 423 133 398 210 393 446
475 309 133 445 398 210 393 423
432 37 503 375 136 28 397 185
478 449 114 453 35 231 146 50
50 453 114 146 444 478 448 49
424 255 68 382 4 256 150 268
194 428 474 472 8 471 281 275
383 54 139 178 57 165 201 365
114 449 97 448 505 478 372 50
146 529 87 190 444 528 411 396
200 91 425 487 44 507 410 403
362 315 116 301 229 138 364 495
271 285 209 533 106 270 436 279
319 205 197 370 31 198 13 351
464 354 334 191 126 92 318 532
339 135 87 404 190 49 132 469
183 1 86 357 61 198 74 370
330 262 322 505 127 227 358 215
402 484 207 181 263 514 16 14
92 459 532 337 318 126 174 289
264 394 497 319 265 161 53 476
134 18 307 107 11 79 122 305
78 152 2 167 252 158 40 440
400 493 334 506 278 208 492 276
478 49 190 87 460 135 146 114
420 149 241 176 41 477 245 78
281 103 12 401 8 194 474 125
474 275 281 428 8 194 451 471
530 261 80 480 69 113 128 399
281 103 12 401 8 194 471 125
309 210 398 393 445 446 423 312
264 394 161 319 265 497 53 465
467 252 2 431 41 186 40 63
146 449 87 49 114 444 448 469
489 277 154 496 390 486 314 316
473 206 261 399 80 46 323 113
30 23 56 260 101 21 144 347
348 154 434 199 373 219 486 240
156 129 280 266 284 379 259 7
181 207 463 514 103 402 16 14
437 386 327 145 427 531 299 77
0 277 496 314 479 154 219 390
33 409 335 507 44 410 425 228
439 321 217 346 359 218 244 102
314 404 132 277 388 496 390 316
66 82 283 173 139 110 178 89
344 336 88 274 342 304 204 211
412 493 468 411 506 400 276 192
400 188 192 75 506 511 412 492
113 159 368 384 376 413 128 353
301 151 315 58 362 456 143 360
0 100 154 277 314 390 489 388
476 394 161 319 265 465 53 264
217 220 352 435 439 346 359 369
229 36 385 137 65 138 119 124
415 388 117 29 190 396 339 184
446 81 212 393 43 398 120 133
72 141 534 251 442 288 389 406
447 397 254 60 108 392 185 28
169 344 112 323 326 292 202 211
231 230 453 448 127 358 372 97
400 188 511 75 493 492 192 412
425 487 200 91 409 44 410 228
278 208 394 93 300 94 276 529
206 294 387 530 263 19 46 225
463 363 207 530 294 374 69 430
64 400 188 493 274 75 506 313
177 380 96 223 381 148 385 42
205 508 394 248 94 330 197 93
207 181 402 484 103 463 16 14
433 68 524 523 450 150 226 525
85 517 62 239 48 521 522 519
177 239 48 85 519 522 518 267
527 522 48 517 224 519 239 96
518 62 85 517 48 267 522 239
124 164 163 385 138 137 119 527
522 516 85 62 519 239 47 526
519 239 48 85 267 234 518 517
68 450 443 525 433 515 255 438
68 329 301 315 364 362 226 116
255 150 450 443 433 523 515 68
521 62 519 47 239 85 516 48
385 518 163 164 119 520 224 96
300 396 411 529 492 276 454 29
508 528 300 208 454 93 276 411
261 69 294 399 480 473 46 509
238 310 299 145 386 168 243 341
126 459 88 64 464 318 336 92
271 285 209 457 106 270 436 279
502 250 109 406 293 72 149 141