1 2 3 4 5 6 7 28
27 2 3 4 5 6 7 28
27 1 3 4 5 6 7 8
9 1 2 4 5 6 7 8
9 1 2 3 5 6 7 8
9 1 2 3 4 6 7 8
9 10 2 3 4 5 7 8
9 10 11 3 4 5 6 8
9 10 11 12 4 5 6 7
8 10 11 12 13 5 6 7
8 9 11 12 13 14 6 7
8 9 10 12 13 14 6 7
8 9 10 11 13 14 6 7
8 9 10 11 12 14 16 7
8 9 10 11 12 13 15 298
17 18 19 42 41 40 39 16
17 18 19 42 40 41 39 15
16 18 19 40 39 41 20 15
16 19 21 39 38 20 17 15
20 22 37 21 18 16 38 17
21 23 22 19 38 37 17 18
23 20 18 35 24 36 19 22
21 19 35 25 34 20 23 24
20 34 25 33 21 22 26 24
33 27 32 21 23 26 25 22
28 32 22 24 27 26 23 33
30 24 25 28 27 23 31 32
32 26 29 28 25 24 31 30
31 30 29 27 26 24 32 25
28 27 26 25 32 31 30 33
31 33 26 25 32 29 28 27
27 30 32 25 33 29 34 26
33 25 30 31 24 34 29 35
36 34 24 30 31 23 35 32
31 37 23 35 33 32 22 36
36 34 37 38 32 33 21 22
22 39 33 34 37 35 38 21
20 38 40 19 36 34 35 39
19 20 36 40 41 35 37 39
40 18 41 38 36 42 17 37
16 17 18 38 37 39 41 42
16 17 18 40 39 38 42 15
16 17 18 40 39 41 38 15
67 68 70 47 45 46 69 44
67 68 47 46 45 43 70 69
67 69 68 43 44 48 46 47
43 49 44 47 48 66 67 45
49 65 44 45 50 46 48 66
50 66 49 51 65 47 45 46
52 50 46 63 51 64 47 48
63 47 48 49 62 52 53 51
53 54 48 49 62 61 50 52
61 51 50 53 54 55 49 60
54 61 51 50 52 60 55 56
60 56 51 55 52 58 59 53
58 59 54 56 60 57 52 53
52 55 57 59 58 53 60 54
53 54 55 56 60 58 59 61
61 56 54 53 57 55 59 60
53 55 57 61 58 62 54 60
62 57 61 58 59 53 52 63
62 59 60 63 52 64 58 53
51 65 59 61 52 63 60 64
65 62 60 64 61 66 50 49
61 49 65 62 66 67 63 50
66 64 62 63 67 68 47 48
67 47 69 65 64 48 68 63
68 66 64 70 69 46 65 47
45 65 46 69 66 67 70 44
66 46 45 44 43 67 70 68
67 68 46 45 43 69 44 66
97 98 95 72 74 75 96 73
74 95 96 73 71 98 75 97
74 96 97 75 95 71 76 72
71 77 94 72 75 95 73 76
76 74 72 78 77 93 73 94
78 74 75 94 93 77 79 73
74 76 79 91 92 78 75 80
76 75 91 90 81 77 79 80
76 81 82 90 78 77 89 80
89 83 88 77 79 82 78 81
80 83 79 89 78 84 88 82
81 84 79 80 87 88 83 86
87 80 82 84 85 81 86 88
86 85 82 80 83 88 81 87
84 83 82 81 88 87 86 89
84 87 82 89 81 88 83 85
89 81 90 85 86 88 82 83
87 85 80 91 86 89 81 90
90 80 92 86 87 79 88 91
87 93 79 80 88 89 91 92
88 90 93 89 94 92 77 78
89 93 94 90 91 78 95 77
94 92 96 75 90 95 76 91
96 95 97 76 92 75 93 91
96 92 94 98 97 74 75 93
73 95 72 97 98 74 94 93
73 74 71 95 72 96 98 94
74 95 94 72 96 97 71 73
126 101 102 123 100 124 103 125
102 124 101 104 103 126 125 99
99 103 125 100 105 102 124 104
100 105 106 103 104 101 99 123
107 100 104 122 105 102 106 101
106 100 105 107 121 103 101 102
107 102 120 109 108 103 104 106
104 103 119 109 105 102 108 107
109 110 104 106 118 103 105 108
107 111 117 106 105 110 112 109
107 111 105 108 106 110 112 116
107 109 108 112 115 114 106 111
108 115 113 114 110 107 109 112
108 111 113 114 115 109 116 110
117 109 110 114 111 112 115 116
113 112 118 110 116 111 115 117
118 114 113 111 117 119 110 116
117 118 119 114 113 115 120 109
119 113 120 116 108 118 115 114
107 120 115 116 121 117 122 119
115 116 120 121 118 117 106 122
117 119 121 118 122 116 105 123
104 125 118 122 120 123 124 119
121 125 119 124 123 120 103 118
122 124 120 125 121 102 119 126
125 100 122 126 101 121 120 123
126 122 100 101 99 124 121 123
102 101 100 99 125 123 122 124
153 128 154 151 129 152 130 131
130 127 152 131 151 154 153 129
127 130 128 152 131 132 153 151
128 127 151 129 133 150 131 132
129 134 130 133 132 128 149 150
135 133 134 131 150 129 149 130
130 135 147 132 131 148 136 134
131 147 146 133 132 137 135 136
132 137 138 146 134 133 145 136
135 139 145 134 133 137 138 144
135 136 134 139 144 145 138 140
142 137 143 140 139 144 135 136
143 136 141 137 142 138 144 140
142 141 139 137 138 136 144 143
140 139 138 137 144 143 142 145
140 143 138 144 139 145 141 137
146 141 142 137 145 138 144 139
141 136 142 143 137 147 146 145
143 136 146 148 147 135 144 142
143 149 135 136 144 145 147 148
144 146 149 148 145 150 133 134
145 149 146 151 150 147 134 133
132 150 152 131 148 146 151 147
149 151 148 152 131 132 153 147
130 152 154 148 150 153 129 149
153 151 130 149 154 128 129 150
129 151 130 150 128 154 127 152
130 152 151 153 150 127 128 129
180 182 159 157 181 158 156 179
181 158 179 155 157 159 180 182
179 158 155 156 160 181 159 180
156 161 159 178 160 179 157 155
177 156 160 178 161 158 157 162
162 178 161 163 177 159 157 158
158 176 175 160 159 163 164 162
175 159 160 174 165 161 164 163
165 166 160 162 174 173 161 164
163 167 161 173 172 162 166 165
167 163 162 164 172 173 168 166
170 168 172 165 163 171 164 167
164 171 169 172 165 170 166 168
164 167 169 170 171 165 172 166
165 166 167 168 173 170 171 172
169 168 166 171 172 167 173 165
172 174 165 173 170 167 166 169
169 170 175 164 171 173 165 174
176 171 174 172 175 164 163 170
163 177 171 172 164 175 173 176
177 174 172 173 178 176 162 161
173 177 174 178 175 179 161 162
178 176 179 174 175 160 159 180
179 160 159 180 175 181 176 177
180 178 176 158 181 177 182 157
158 177 178 181 157 179 182 156
179 157 156 178 155 182 158 180
180 179 158 157 155 156 178 181
187 209 207 184 186 210 208 185
186 185 209 207 208 210 187 183
208 187 207 183 186 209 184 188
183 189 206 187 184 185 188 207
186 184 205 188 190 185 206 189
190 186 187 206 205 189 191 185
186 191 204 203 187 190 188 192
203 187 188 192 189 202 191 193
188 194 193 202 190 189 201 192
191 194 189 201 190 193 195 200
196 192 190 191 200 201 195 194
198 200 195 191 196 199 193 192
199 192 198 194 200 193 197 196
199 197 195 192 194 200 193 198
196 195 194 193 201 199 198 200
196 199 194 201 197 200 195 193
200 193 201 198 195 202 197 194
197 198 201 192 199 202 193 203
202 192 199 200 203 204 191 198
199 205 191 192 200 201 203 204
205 202 200 206 204 201 189 190
201 205 202 203 207 206 190 189
206 188 208 187 204 202 203 207
207 187 188 208 203 209 204 205
208 204 206 210 209 186 205 187
186 210 209 206 185 205 207 184
185 206 186 208 184 183 210 207
211 208 206 184 209 207 183 185
208 1002 210 183 209 184 185 1056
216 213 1056 215 217 210 214 218
215 214 212 218 217 1056 228 216
215 216 218 219 1056 212 217 213
212 218 219 213 216 217 220 214
213 219 217 215 214 218 220 212
219 221 218 220 215 216 213 214
215 220 222 216 217 214 221 219
217 216 223 218 215 222 221 220
222 223 217 219 224 216 218 221
220 224 218 217 219 225 223 222
224 220 221 219 217 218 223 225
220 222 221 219 225 217 218 224
221 219 223 218 198 220 222 225
221 223 198 197 219 222 220 224
242 236 232 233 243 234 227 235
236 226 228 245 232 241 235 233
237 238 230 240 229 231 227 246
237 239 1153 228 238 231 1154 230
239 238 1154 237 231 229 1153 247
239 238 246 237 228 230 240 229
236 226 227 241 245 233 242 235
242 235 244 234 236 243 226 232
233 232 244 251 243 242 226 235
236 233 243 242 234 244 226 251
233 245 227 241 250 242 235 232
249 228 231 240 239 230 246 238
1154 237 230 229 247 239 248 231
255 237 248 238 230 247 240 229
254 228 231 246 249 239 238 237
250 242 227 253 236 245 232 235
235 233 243 251 234 241 252 244
233 244 242 235 226 251 252 234
235 233 242 251 259 252 245 243
244 251 250 258 236 241 253 232
249 248 231 247 254 240 237 257
256 248 239 238 230 246 255 249
239 256 255 238 254 246 249 247
254 247 255 246 257 248 237 240
244 251 258 236 245 241 252 253
245 244 242 250 252 235 243 259
250 253 242 251 244 259 243 258
244 250 252 258 245 241 251 259
255 256 247 249 248 257 246 240
239 254 247 257 256 246 249 248
257 246 247 254 239 255 249 248
256 255 240 249 254 248 258 246
257 250 252 251 245 241 253 259
250 253 242 251 244 245 258 252
261 262 264 380 381 298 299 263
260 262 264 380 381 299 298 263
261 260 264 380 300 299 298 263
261 379 262 265 380 299 300 264
301 299 262 265 266 379 300 263
378 301 300 264 266 267 379 263
300 302 301 264 265 267 268 378
302 269 377 301 265 266 268 378
303 269 270 301 377 266 267 302
271 268 270 376 303 377 267 302
271 268 269 272 302 303 304 376
270 375 269 272 376 304 303 273
271 303 305 270 274 375 304 273
271 305 304 374 272 275 375 274
306 374 304 305 272 275 276 273
306 277 373 305 374 274 276 273
305 277 278 307 306 274 275 373
372 276 279 278 307 373 275 306
280 276 279 277 308 306 372 307
280 371 278 277 281 308 307 372
279 307 278 309 281 371 308 282
279 309 370 308 280 283 371 282
310 370 308 309 280 283 284 281
310 285 309 369 370 282 284 281
309 285 311 286 310 282 283 369
368 284 287 286 311 369 283 310
288 284 287 285 312 310 368 311
288 286 367 285 289 311 312 368
286 287 311 313 289 367 312 290
366 287 313 312 288 291 367 290
313 288 312 367 366 291 292 289
314 293 367 366 313 290 292 289
313 293 294 314 315 290 291 365
364 292 294 315 295 314 291 365
296 292 293 315 295 314 364 316
296 365 293 297 294 364 316 315
295 364 293 297 294 317 316 315
295 318 363 296 382 317 316 364
261 260 263 381 380 299 300 262
261 381 262 264 380 300 298 263
380 299 301 264 265 266 379 263
300 379 302 378 265 266 267 264
378 269 268 303 377 266 267 301
271 377 269 270 272 302 304 376
271 303 305 376 272 274 375 273
306 375 304 374 272 274 275 273
307 276 374 277 305 274 275 373
279 373 278 277 280 306 308 372
279 307 372 309 280 282 371 281
310 371 308 370 280 282 283 281
311 370 285 284 309 282 283 369
287 369 285 288 286 310 312 368
287 311 313 288 368 289 367 290
366 367 314 288 312 289 291 290
315 292 293 313 366 365 291 290
295 365 293 296 294 316 364 314
295 317 293 296 294 297 315 364
295 316 364 296 363 297 382 318
362 383 319 363 320 297 382 317
361 362 318 363 320 382 383 384
384 360 385 362 319 361 321 383
322 361 385 1227 319 360 320 384
321 1228 359 323 360 1227 1229 385
1229 324 358 322 1227 1230 359 1228
358 323 359 1229 1231 325 1228 1230
1231 1232 1230 357 358 324 1233 326
1233 356 1234 1232 327 1235 357 325
355 1235 356 328 326 1236 1237 1234
1237 1238 1239 327 1236 354 329 355
330 353 1239 1240 354 1238 328 1241
329 1241 352 353 1242 331 1240 1243
1243 332 1242 1244 1245 330 351 352
350 331 333 1245 351 1246 1247 1244
1247 1248 332 349 1246 350 1249 334
1249 335 1250 1248 348 1251 349 333
347 334 348 336 1251 1252 1253 1250
1253 1252 1254 335 1255 346 337 347
338 345 1255 1256 346 1254 336 1257
337 1257 344 345 1258 339 1256 1259
1259 344 1258 343 340 338 1260 1261
1260 1262 341 343 339 1261 1263 342
1264 1262 340 343 339 1261 1263 342
1264 1263 340 343 339 1261 1262 341
1260 344 340 342 339 1261 1259 1262
1259 343 1260 1258 339 338 345 1257
337 346 1256 344 1257 338 1258 1255
337 1255 345 347 1254 1256 336 1253
1253 1254 346 335 1252 348 336 1251
349 334 1250 335 347 1249 1251 1252
348 334 1249 1250 350 1248 1247 333
349 1247 332 351 1248 1246 1245 333
352 1244 332 350 331 1245 1243 1246
1243 351 1244 1242 331 330 353 1241
329 352 354 1240 1241 330 1242 1239
329 355 353 1239 1238 1240 328 1237
1237 354 1236 327 1238 356 328 1235
357 355 1234 327 326 1233 1235 1236
356 358 1232 1233 326 1234 1231 325
357 1231 324 359 1232 1229 1230 325
1228 323 324 358 1230 1231 1229 325
321 384 322 361 385 362 320 1227
321 362 383 384 319 360 320 385
382 384 318 361 319 363 320 383
361 382 318 362 319 297 383 317
295 316 293 296 294 365 315 387
366 292 293 314 294 364 291 315
365 292 367 314 313 289 291 290
368 313 366 288 312 289 291 290
287 311 369 288 286 289 367 312
370 284 285 310 286 368 283 311
369 284 371 309 310 281 283 282
280 308 370 372 309 281 283 282
279 373 278 307 280 308 371 281
374 276 278 277 306 307 275 372
373 276 305 375 306 274 275 273
376 304 305 374 272 274 275 273
271 303 270 377 272 304 375 273
378 268 269 270 302 303 267 376
377 379 268 301 302 266 267 265
300 378 301 380 265 266 267 264
262 299 381 263 265 300 379 264
262 260 261 380 300 299 298 263
384 363 297 319 318 362 383 317
363 384 362 319 318 361 320 382
321 361 360 319 383 385 320 362
321 383 360 384 361 322 320 1227
355 326 1233 327 357 356 358 325
382 316 365 364 317 394 315 363
412 407 391 408 411 406 435 390
436 390 411 438 410 409 437 408
410 388 408 409 436 411 389 407
413 407 406 435 388 392 405 412
391 412 413 404 434 406 441 405
418 399 446 429 419 401 394 400
395 419 400 399 418 393 428 447
398 420 427 397 396 448 421 394
427 395 420 398 421 449 397 426
420 421 449 396 427 398 395 426
426 421 448 395 396 420 397 427
429 400 393 418 419 394 428 447
429 419 428 418 394 446 393 399
454 417 430 416 402 445 431 400
431 444 455 417 403 416 401 430
433 432 443 404 414 402 415 456
433 457 432 442 414 403 405 415
435 392 434 391 412 406 413 441
392 405 388 391 440 412 407 435
412 391 390 388 408 435 411 406
436 388 407 390 409 439 389 411
408 389 438 390 436 410 437 411
437 411 409 438 436 389 461 408
408 407 460 410 436 409 390 439
391 459 407 405 435 406 413 440
434 412 441 435 458 392 405 406
404 457 433 442 443 403 432 415
432 456 404 442 443 414 403 433
431 402 455 401 417 444 445 430
431 402 454 416 430 444 445 401
419 393 400 428 399 429 446 453
394 447 452 418 428 400 399 429
398 395 427 426 448 451 397 421
397 449 398 450 427 426 396 420
493 492 490 494 491 424 423 425
493 425 491 495 424 422 490 492
496 425 491 423 422 492 490 493
423 491 424 422 496 492 490 497
421 450 449 397 473 448 396 427
449 395 426 398 448 472 451 420
429 394 471 419 447 399 446 452
400 393 470 428 446 453 418 447
454 417 469 445 431 416 401 444
468 402 417 444 455 416 445 430
443 415 467 456 442 433 414 403
457 442 415 432 443 414 466 404
441 405 413 465 435 440 392 458
464 412 440 391 459 407 434 406
437 460 407 439 411 408 390 463
439 436 389 462 438 410 409 461
410 436 462 439 461 409 437 487
408 436 486 463 438 411 460 437
441 485 459 412 406 464 434 435
440 458 413 435 405 484 434 465
433 483 414 466 432 457 443 404
432 442 456 467 433 482 415 403
468 481 416 431 445 455 430 402
430 401 454 469 431 444 417 480
479 447 470 428 400 418 453 429
471 446 429 399 452 428 478 419
477 451 472 398 427 426 449 420
397 426 448 473 427 421 476 450
472 473 476 474 449 451 421 426
472 450 477 473 420 448 427 449
478 419 428 471 446 470 447 453
447 479 452 429 470 471 446 418
430 444 468 469 480 455 445 417
454 431 468 481 445 444 416 469
466 482 432 443 457 467 415 442
466 414 433 483 443 442 456 467
441 413 484 459 434 464 440 465
435 464 441 485 412 440 458 465
439 436 463 438 461 462 486 411
460 487 439 437 463 438 410 462
438 463 461 439 460 437 486 487
438 439 462 486 487 460 461 436
459 465 441 435 458 484 440 485
434 464 440 485 458 459 441 484
443 456 483 467 482 433 457 442
456 466 483 457 482 432 442 443
445 455 444 481 469 431 480 454
480 444 468 430 455 454 445 481
446 478 452 453 471 429 479 447
446 479 470 478 452 428 447 453
427 451 476 449 473 450 477 448
476 449 450 477 472 426 451 474
473 426 476 489 488 449 475 450
450 449 476 489 519 473 474 488
473 450 449 477 472 488 474 451
427 472 450 451 473 476 448 478
477 471 470 428 452 453 479 447
471 470 452 429 446 480 478 453
454 468 479 469 481 430 455 445
455 444 454 431 468 469 480 482
456 457 432 483 467 443 466 498
466 457 499 433 467 456 482 442
465 459 502 458 464 441 485 434
465 486 435 440 484 458 464 459
485 462 463 460 439 461 487 436
505 437 461 462 486 438 460 463
517 489 475 518 474 473 476 450
475 521 488 518 520 474 519 547
491 496 492 425 497 424 493 495
493 497 424 495 496 492 490 494
494 491 495 423 490 493 422 496
496 495 491 492 494 490 423 422
491 549 493 492 490 495 496 548
492 491 494 497 493 496 549 490
490 495 497 494 550 493 491 492
551 491 494 550 492 496 490 495
528 499 512 511 539 482 500 501
483 500 538 510 498 501 466 529
560 511 527 512 501 528 498 539
500 561 538 510 529 502 499 483
531 501 537 509 508 503 484 530
530 502 531 485 508 504 536 509
533 503 532 506 507 535 486 505
504 507 506 534 487 533 532 565
532 534 504 565 535 505 507 533
505 533 504 534 564 532 506 535
563 536 531 503 530 502 537 509
536 531 530 502 508 503 562 537
529 499 538 561 528 511 509 501
498 539 512 540 500 527 560 528
511 527 540 513 526 528 500 559
512 558 571 527 541 514 526 540
572 543 542 525 513 515 557 524
516 524 525 542 556 514 543 573
555 523 517 545 515 544 522 574
544 575 545 522 523 554 516 518
520 519 517 546 521 547 553 576
518 489 552 577 521 546 520 547
553 519 577 552 518 547 546 521
553 518 552 519 546 547 520 576
545 555 544 575 516 517 554 523
555 554 544 545 516 574 522 517
557 556 514 515 525 573 543 542
572 524 556 542 515 543 514 557
571 527 513 540 541 559 512 558
541 559 539 540 528 512 526 570
500 540 539 498 512 527 560 511
538 539 501 499 530 561 528 510
502 508 537 569 562 509 536 531
508 563 568 509 530 536 503 537
533 535 506 564 534 504 507 567
535 566 534 507 532 565 505 506
535 506 533 589 566 565 505 532
507 588 534 532 567 564 533 504
531 563 508 587 537 503 530 568
502 562 531 586 569 509 536 530
537 529 499 539 501 528 510 561
500 512 559 560 540 527 528 511
570 559 585 527 526 539 512 541
540 571 559 584 527 526 558 513
524 557 525 572 583 543 514 556
573 525 524 557 582 542 556 515
581 523 554 574 545 555 522 516
544 554 555 575 522 580 523 517
547 579 521 553 520 518 552 576
521 552 519 577 546 520 578 553
550 495 551 492 496 549 494 493
550 548 496 493 495 492 551 494
551 494 496 497 491 495 549 548
491 497 495 496 549 548 550 490
520 601 519 547 578 553 576 577
546 521 577 600 518 552 579 576
555 574 522 517 575 545 580 599
523 516 574 544 598 554 581 575
543 515 573 572 597 557 524 582
514 572 542 583 556 573 596 525
595 571 513 559 526 570 541 584
560 512 594 570 585 527 558 540
570 540 511 528 585 539 527 559
562 539 501 529 560 538 510 569
509 530 586 593 563 568 569 537
569 587 568 536 531 592 508 562
532 591 588 565 535 567 507 566
567 564 506 590 534 533 589 566
589 588 590 565 534 564 533 567
532 591 535 566 588 564 565 589
569 592 586 531 563 536 562 587
563 593 568 530 587 586 562 537
540 594 585 558 559 571 560 527
558 570 526 584 585 559 595 541
582 573 542 556 596 525 583 557
557 524 597 583 543 556 582 572
575 555 544 523 598 581 580 554
522 545 574 580 555 599 554 581
577 578 521 579 546 552 600 553
578 552 579 601 547 576 520 553
601 553 576 579 577 600 547 552
600 578 552 576 601 577 553 546
554 598 575 574 545 581 555 599
555 554 580 599 598 544 574 575
556 583 557 596 597 543 573 572
596 557 582 542 572 556 597 573
559 570 558 571 585 541 594 595
595 559 570 571 584 540 558 594
537 593 592 563 568 569 562 587
586 569 592 562 568 593 536 563
535 564 590 565 589 591 566 567
564 565 591 567 534 588 590 566
566 588 534 567 564 565 589 591
567 588 564 566 592 535 590 589
568 587 593 591 569 536 586 563
592 562 563 569 568 537 586 587
571 559 584 595 558 570 540 585
541 571 584 558 585 596 594 570
542 597 583 572 595 557 573 582
573 598 572 596 583 582 543 556
580 597 581 575 574 555 544 599
554 575 598 581 574 545 600 580
577 546 599 576 579 601 578 553
579 552 576 577 547 553 600 578
622 688 621 643 603 620 644 666
644 689 643 665 620 619 621 602
616 662 647 605 692 618 648 617
617 616 693 648 615 661 604 647
607 657 696 658 612 651 613 652
657 697 612 652 651 613 608 606
610 607 611 653 656 609 698 654
699 656 611 654 608 610 655 653
699 608 656 654 611 609 653 655
656 655 608 610 654 653 698 609
613 606 652 658 651 697 657 607
658 652 696 657 607 651 612 606
660 695 694 650 615 659 704 649
650 705 659 649 660 616 694 614
647 617 648 605 661 693 604 662
648 604 647 616 661 605 692 662
619 646 617 691 645 664 708 663
618 620 664 690 663 646 645 709
602 621 689 643 603 665 644 666
666 644 603 665 643 688 620 602
687 712 668 667 621 642 623 641
713 686 641 667 642 687 622 668
717 715 671 669 626 625 716 670
624 715 671 669 670 717 716 626
717 718 671 716 670 627 672 625
672 626 673 671 628 718 719 717
674 672 629 673 627 718 719 720
675 720 628 673 719 630 721 674
721 631 629 675 720 676 674 722
722 723 676 630 675 677 721 632
676 678 677 633 722 631 723 724
634 724 677 678 632 723 725 679
725 680 678 633 635 726 679 724
726 680 634 679 725 727 681 636
727 726 681 682 728 637 680 635
682 728 683 636 638 727 729 681
730 684 639 729 637 728 683 682
684 640 714 685 729 638 730 683
730 714 731 760 685 684 639 638
667 622 668 623 642 687 713 686
686 667 641 622 623 668 687 712
602 644 711 621 688 666 665 620
689 603 643 710 665 621 666 620
709 618 690 619 663 664 646 691
690 663 664 618 708 691 645 619
616 617 662 648 604 661 707 692
605 693 647 706 617 661 616 662
650 694 614 695 659 705 615 660
615 649 694 660 659 695 614 704
652 613 606 703 658 657 612 696
697 612 613 607 651 658 702 657
656 610 698 611 654 608 701 655
656 655 699 611 700 653 609 610
610 656 700 609 653 745 654 699
698 701 654 608 611 744 653 655
658 702 697 743 607 652 612 651
703 651 606 696 613 657 742 652
694 649 614 695 650 741 704 660
740 705 650 694 695 659 649 615
693 739 648 647 605 616 662 706
707 648 647 692 617 738 604 661
646 645 618 708 664 737 690 691
690 663 645 691 736 709 619 646
689 620 666 710 644 603 735 643
711 644 602 734 688 621 665 643
642 622 641 712 687 668 686 733
642 686 732 623 641 667 687 713
671 624 778 626 625 670 715 716
716 625 671 717 624 669 715 626
627 626 670 672 717 718 716 625
718 627 673 628 626 671 717 719
674 672 719 627 720 629 718 628
720 675 721 719 630 628 629 673
674 721 722 631 629 676 720 630
722 630 631 632 723 677 675 721
633 676 631 723 724 678 632 722
679 634 724 723 633 632 725 677
725 633 678 635 680 726 634 724
635 726 681 727 634 679 725 636
727 680 728 682 637 636 635 726
681 638 728 683 727 729 637 636
682 730 639 638 637 729 684 728
640 714 685 730 639 683 729 638
640 761 730 731 760 639 714 684
732 713 759 668 641 623 667 687
642 712 667 758 668 733 686 622
689 757 710 734 666 621 711 643
710 735 665 688 644 756 711 620
645 619 691 755 664 736 709 708
646 690 663 754 709 737 708 618
753 707 693 661 617 662 647 738
661 739 752 692 706 648 616 707
751 705 659 740 695 615 660 649
741 750 704 659 614 660 694 650
658 749 742 703 651 702 613 697
702 696 612 748 658 743 652 657
747 744 611 655 656 653 701 699
654 698 746 700 745 701 655 610
654 746 699 745 701 698 655 744
747 656 745 699 700 653 698 744
652 696 703 742 657 697 748 743
651 697 696 658 743 749 702 742
741 694 650 705 659 750 695 740
741 694 740 704 695 649 751 660
752 707 739 661 648 692 738 693
693 753 738 647 739 706 662 692
646 736 663 690 754 737 691 709
755 736 737 691 690 645 664 708
688 756 711 689 665 735 644 734
757 666 710 643 689 735 734 688
642 758 713 733 687 686 667 732
668 686 641 712 759 732 733 687
760 685 640 763 730 639 684 762
670 625 716 777 778 624 717 669
625 715 670 777 671 776 669 717
718 626 670 776 671 672 716 777
673 671 775 719 672 774 627 717
775 628 674 720 718 672 774 673
674 673 675 629 772 721 719 773
676 722 674 772 720 675 630 773
677 723 675 631 770 721 771 676
678 677 770 724 771 676 722 632
769 678 725 768 679 677 723 633
680 768 678 679 769 726 634 724
767 680 681 635 727 725 766 679
767 766 728 680 682 681 636 726
765 764 681 683 729 682 727 637
683 765 684 728 764 638 730 682
764 762 729 684 639 763 714 683
686 685 760 713 780 732 759 761
686 758 712 668 733 713 687 759
667 758 712 732 713 687 686 759
689 735 756 711 666 757 710 688
711 734 756 688 710 689 757 665
737 754 708 691 755 690 709 664
709 754 708 663 755 690 736 691
693 752 692 707 753 739 706 662
706 752 692 753 707 738 693 661
704 694 750 695 705 751 660 741
694 750 740 704 751 705 659 695
703 697 743 658 702 696 749 748
748 703 749 702 657 742 697 696
656 700 698 746 699 701 747 745
698 746 700 744 655 699 701 747
744 745 698 701 700 747 655 699
701 700 745 656 744 746 748 698
742 747 749 697 657 743 702 703
743 703 748 697 696 702 742 658
704 694 741 751 740 705 695 659
704 752 705 741 750 660 740 694
707 753 706 751 738 693 739 661
662 752 754 692 706 739 707 738
663 753 691 736 737 709 708 755
754 737 664 736 756 708 709 690
755 711 710 734 757 735 689 665
735 756 710 711 758 782 688 734
712 733 713 687 757 783 732 759
686 732 712 668 758 713 784 733
762 780 779 763 788 731 789 761
760 762 779 788 811 789 780 731
788 763 760 761 730 779 714 787
762 764 787 760 779 730 729 781
787 781 763 730 728 729 786 765
781 764 786 682 727 728 729 766
786 764 767 681 726 727 728 765
786 765 726 766 768 727 725 680
769 770 766 724 725 767 726 679
723 767 771 724 768 770 678 725
772 768 677 771 723 769 722 724
676 769 722 770 773 772 721 723
773 721 770 771 722 675 774 720
775 774 719 720 721 771 674 772
719 785 772 773 673 718 775 720
785 718 774 777 776 717 672 719
785 777 774 717 671 775 716 718
778 785 776 716 775 717 670 715
717 670 776 716 669 715 777 624
760 812 789 788 761 762 763 780
760 784 731 789 779 816 761 811
787 765 729 764 814 813 786 763
757 808 791 809 783 818 756 734
790 791 758 818 782 784 809 810
790 817 780 759 809 791 810 783
774 773 835 719 777 775 718 776
781 766 767 813 860 765 764 836
763 788 814 781 764 815 812 762
762 815 789 814 787 812 779 811
788 811 816 815 761 779 780 812
780 810 783 791 784 809 817 818
817 810 790 818 808 784 783 809
819 807 755 839 854 868 834 754
820 794 833 805 821 840 806 853
841 832 820 805 852 821 793 806
796 803 842 831 822 823 804 851
823 843 802 824 829 803 830 797
824 796 844 830 802 803 829 823
801 845 748 802 797 848 825 828
747 847 800 827 846 826 746 875
746 827 801 875 799 847 846 826
828 798 797 874 802 845 848 825
829 823 803 824 797 830 844 796
797 843 824 829 802 796 830 823
823 831 796 822 803 842 795 851
793 820 806 832 821 841 794 852
833 805 840 794 821 853 793 820
854 792 839 868 806 819 754 834
837 791 838 856 809 782 783 818
817 818 810 783 808 790 791 784
817 858 809 784 790 818 783 791
812 780 789 816 815 779 761 788
814 779 787 789 811 816 815 788
860 786 781 765 764 766 859 836
812 836 763 815 859 781 787 788
788 812 787 814 789 779 811 816
789 780 815 812 811 788 779 817
809 791 784 858 810 864 818 790
865 817 790 857 791 783 810 809
868 807 792 839 834 881 820 854
869 821 805 793 840 853 833 806
841 832 805 870 852 833 820 794
823 871 830 795 831 851 804 842
850 802 796 830 824 803 829 843
829 797 830 802 803 844 823 849
801 824 828 874 877 845 798 848
827 847 846 800 799 875 876 825
895 799 846 875 826 847 876 800
848 894 825 874 877 845 801 798
844 849 873 824 843 830 797 802
843 850 872 803 823 796 844 829
871 842 795 822 851 878 830 804
841 833 794 805 821 852 870 879
869 820 853 793 880 806 832 840
890 868 881 854 839 792 819 807
775 862 774 785 861 863 776 906
786 814 787 815 859 813 860 781
856 855 888 866 808 838 883 867
883 866 867 855 889 882 856 837
819 890 868 834 881 807 854 792
833 869 853 891 820 793 806 880
805 832 821 892 852 794 879 870
893 851 878 795 822 871 831 804
850 803 830 829 844 872 823 849
824 849 873 830 850 802 829 843
828 848 874 894 825 798 801 877
827 876 895 799 875 826 800 847
896 826 895 846 876 827 875 800
897 801 877 845 894 828 874 825
843 844 850 824 872 829 873 830
830 849 823 843 873 872 829 844
831 804 898 871 842 893 878 822
870 853 832 841 805 892 821 879
880 840 869 852 806 833 891 820
901 834 807 819 839 868 881 890
889 837 882 838 866 856 867 883
866 838 837 867 882 855 883 888
865 887 864 885 818 858 809 884
884 857 810 865 817 864 885 886
860 786 836 813 787 907 908 814
859 813 781 908 907 786 836 814
863 835 862 906 775 785 929 930
861 906 835 863 930 929 785 955
835 785 773 862 861 930 929 906
858 886 905 887 885 884 857 865
884 858 887 904 864 857 885 886
883 882 856 903 855 888 867 837
882 866 889 883 856 855 838 902
839 834 901 854 913 881 890 819
833 853 880 820 840 914 891 900
841 892 915 899 821 879 852 832
898 878 831 822 916 893 851 842
873 823 849 843 829 830 850 844
843 824 872 844 850 849 830 829
848 877 825 828 917 845 894 897
827 896 895 847 876 918 826 846
919 846 896 827 875 918 895 847
828 874 920 845 894 848 897 917
898 871 893 916 831 921 842 851
899 922 915 832 852 892 870 841
923 840 853 891 833 900 914 869
890 924 839 834 901 913 868 854
867 902 889 883 855 912 838 888
882 911 866 888 837 889 856 903
885 857 887 864 865 910 904 886
886 887 905 858 884 864 909 865
909 928 885 887 864 884 905 858
927 910 904 865 884 885 857 886
926 903 889 856 911 866 882 883
912 855 902 925 867 903 888 882
881 868 839 935 913 901 924 854
936 880 840 914 923 900 869 853
870 899 915 937 841 852 922 879
916 938 878 921 871 851 842 898
874 920 897 877 917 941 845 848
876 847 846 918 896 875 942 919
919 875 942 918 943 876 847 895
877 917 894 920 848 941 944 874
878 871 921 938 947 893 916 851
879 892 937 948 915 922 900 870
880 899 914 869 923 936 891 949
913 924 950 935 854 868 890 881
911 934 867 912 903 925 882 889
926 866 912 911 902 933 883 888
910 932 865 927 909 887 905 884
910 886 885 864 928 909 904 931
991 862 861 929 930 955 863 835
787 836 813 860 786 859 908 814
860 813 787 859 836 907 815 814
931 954 928 904 885 905 910 886
927 884 953 904 887 909 905 932
952 926 902 888 883 912 903 933
934 882 925 911 902 951 889 903
881 901 935 890 924 956 868 950
915 900 880 891 869 923 936 949
937 914 948 922 899 892 879 870
938 878 893 921 871 959 898 947
920 962 877 894 874 941 897 944
963 943 942 875 919 895 896 876
895 942 876 943 963 964 918 896
894 877 917 965 941 897 944 962
968 947 938 898 878 916 959 893
892 915 899 937 948 969 958 879
880 949 970 900 891 914 957 936
971 901 913 881 890 950 935 956
926 889 902 934 933 911 951 912
952 933 934 911 903 888 912 925
953 928 909 910 887 904 931 932
886 927 954 931 909 910 932 905
863 906 861 930 991 955 862 835
861 955 835 929 991 863 862 906
910 954 953 928 909 905 927 932
931 909 910 904 953 928 954 927
926 934 911 912 951 925 952 903
925 926 912 933 952 951 911 902
901 913 956 924 950 890 971 972
891 923 973 949 957 970 900 914
958 974 948 969 892 899 915 922
898 916 968 921 975 947 959 893
960 961 945 966 940 946 976 967
961 939 960 977 966 967 945 946
894 917 920 944 965 962 978 897
963 895 979 918 943 964 896 919
964 942 919 896 918 981 963 979
978 897 941 962 982 917 965 920
960 977 966 967 961 940 939 946
966 939 976 940 967 960 961 945
975 959 921 968 985 898 938 916
958 922 969 899 986 937 915 974
923 957 970 987 936 914 973 900
924 935 913 971 988 901 972 956
902 912 952 933 934 911 926 925
951 925 911 903 934 933 926 953
928 927 931 952 910 954 932 904
928 905 932 909 990 953 931 927
929 930 1015 906 862 863 861 991
972 988 924 950 994 913 935 971
987 923 949 970 995 958 973 936
974 937 957 986 922 969 948 996
921 938 985 947 997 968 916 975
984 939 946 961 967 976 966 945
977 960 945 966 940 983 967 946
978 941 944 917 920 965 982 1000
981 919 942 1001 943 979 980 964
943 942 963 980 1001 979 981 919
962 944 978 982 1000 920 941 1004
961 977 983 967 999 960 940 945
946 961 998 966 976 960 984 939
975 997 947 921 1007 959 985 938
970 922 974 986 958 948 937 996
969 973 936 987 957 923 995 949
972 950 1010 994 956 935 924 988
950 994 988 924 956 971 935 1010
970 995 974 936 987 1009 957 949
937 969 948 958 973 986 996 1008
959 947 985 997 1007 921 968 938
1006 983 960 946 998 967 984 977
945 961 966 983 976 1005 984 999
982 965 941 1004 962 944 1000 977
981 1002 964 980 1003 943 1001 963
1002 979 1003 1001 964 981 963 943
943 980 1001 1003 963 964 979 1002
941 983 1000 944 978 965 1004 962
998 1005 961 976 999 977 984 966
976 983 998 1006 999 977 960 967
984 968 1007 997 959 975 947 938
987 1008 995 996 958 969 974 948
970 986 957 995 1009 949 973 974
935 972 971 994 956 1010 987 950
1012 1013 1011 953 990 1017 992 993
993 954 992 1011 1016 989 1014 1012
930 1026 906 955 929 1022 1015 1023
1013 1011 993 990 1014 1012 989 1016
1017 1014 990 992 1013 1011 989 1012
950 935 956 971 972 995 1010 988
957 973 970 1009 1008 996 986 987
995 987 958 1009 969 1008 974 986
968 998 959 975 1007 985 984 947
1006 1005 967 999 976 977 983 984
984 1006 976 977 966 1005 983 998
983 944 962 965 999 982 978 1004
1002 963 1003 981 980 979 964 943
979 963 1003 964 980 1001 211 981
964 1001 981 1037 963 979 1002 980
1000 982 965 983 978 1005 962 999
977 998 984 976 983 999 966 1006
983 977 984 998 967 976 999 1005
1006 998 968 984 985 997 975 959
974 987 969 996 986 1009 958 995
987 995 986 970 957 996 973 1008
956 988 972 950 971 1030 1009 994
1012 1018 1013 993 1014 1017 989 992
1013 990 1014 993 1011 992 1019 1016
993 1017 1012 1018 1011 1020 1014 989
1012 992 990 1019 1013 1016 1021 1011
991 1026 1066 930 1023 1022 955 1065
1012 992 1017 1024 1019 1018 1014 1021
1013 1016 1018 1025 1020 993 1011 1014
1013 1019 1011 1017 1029 1016 1025 1020
1018 1012 1016 1021 1014 1028 1020 1024
1025 1017 1013 1018 1021 1046 1024 1029
1028 1047 1018 1020 1019 1014 1024 1016
929 991 1023 1066 955 1065 1026 1015
1066 1022 1065 1026 1015 930 955 991
1016 1020 1021 1025 1028 1019 1047 1029
1029 1021 1020 1028 1017 1018 1024 1046
1023 1015 930 1022 955 991 1066 1065
1021 1024 1016 1047 1028 1019 1067 1014
1029 1025 1046 1024 1019 1047 1021 1020
1021 1028 1020 1024 1047 1018 1046 1025
1048 1092 1085 1010 1064 1031 1045 1070
1032 1071 1050 1044 1084 1063 1049 1043
1050 1043 1049 1062 1072 1044 1083 1031
1061 1034 1060 1073 1042 1041 1052 1051
1033 1041 1060 1052 1051 1074 1061 1042
1036 1053 1054 1039 1040 1080 1075 1059
1035 1058 1039 1040 1053 1076 1054 1079
1055 1003 1099 1036 1057 1078 1077 1038
1078 1077 1055 1057 1099 1037 1100 1039
1036 1053 1076 1054 1058 1079 1035 1040
1054 1075 1080 1053 1059 1035 1036 1039
1034 1060 1042 1052 1061 1033 1051 1074
1060 1041 1052 1033 1034 1051 1061 1073
1062 1032 1050 1049 1072 1044 1083 1031
1084 1063 1049 1032 1043 1050 1031 1071
1092 1085 1064 1107 1030 1070 1048 1044
1029 1020 1047 1025 1018 1024 1028 1021
1021 1020 1028 1019 1029 1024 1025 1046
1049 1092 1045 1030 1107 1064 1085 1070
1093 1071 1031 1044 1084 1062 1050 1063
1094 1072 1062 1043 1049 1063 1083 1032
1033 1052 1061 1073 1060 1082 1042 1041
1060 1042 1074 1061 1041 1051 1034 1081
1054 1040 1035 1097 1058 1075 1080 1059
1076 1098 1036 1053 1039 1058 1079 1059
1077 1056 1100 1078 1057 1038 1037 1099
211 209 1055 214 1038 213 212 210
1037 1055 1077 1100 1038 1125 1078 1099
1098 1076 1101 1039 1059 1036 1054 1079
1058 1075 1035 1097 1040 1053 1080 1102
1034 1096 1061 1051 1074 1052 1041 1081
1042 1073 1051 1060 1095 1033 1052 1082
1094 1083 1032 1072 1043 1050 1063 1105
1062 1093 1031 1044 1071 1049 1106 1084
1085 1030 1045 1092 1070 1107 1048 1118
991 1022 1199 1023 1066 1026 1015 1112
1065 1015 1200 1112 1022 1023 991 1026
1088 1114 1027 1138 1047 1111 1028 1139
1090 1091 1109 1069 1087 1116 1086 1108
1087 1091 1086 1108 1090 1068 1117 1109
1045 1092 1085 1118 1030 1064 1107 1048
1106 1049 1093 1072 1063 1084 1044 1119
1043 1120 1105 1083 1050 1062 1094 1071
1095 1104 1061 1051 1042 1081 1082 1074
1060 1052 1082 1096 1103 1081 1041 1073
1053 1040 1097 1102 1080 1059 1123 1076
1079 1058 1054 1039 1124 1075 1098 1101
1037 1099 1100 1078 1055 1057 1038 1125
1038 1057 1055 1100 1099 1125 1077 1126
1058 1080 1076 1039 1098 1054 1124 1101
1097 1040 1102 1079 1059 1075 1053 1123
1103 1060 1096 1082 1122 1073 1074 1052
1073 1074 1095 1104 1081 1051 1121 1061
1062 1084 1050 1120 1072 1105 1043 1094
1119 1106 1063 1049 1083 1093 1044 1071
1070 1092 1045 1048 1107 1118 1133 1064
1109 1117 1108 1087 1068 1091 1090 1069
1109 1091 1069 1068 1086 1090 1116 1108
1110 1140 1114 1137 1111 1115 1089 1136
1115 1088 1111 1136 1110 1141 1114 1090
1109 1108 1091 1086 1068 1116 1087 1135
1069 1117 1134 1108 1087 1086 1109 1090
1118 1064 1085 1048 1144 1070 1107 1133
1145 1119 1063 1132 1049 1071 1084 1106
1062 1120 1050 1131 1072 1083 1146 1105
1121 1061 1130 1081 1096 1073 1082 1104
1103 1122 1074 1129 1060 1081 1104 1095
1059 1123 1080 1102 1128 1098 1075 1053
1079 1058 1101 1124 1054 1097 1076 1127
1078 1125 1151 1100 1057 1055 1126 1077
1077 1057 1126 1099 1151 1155 1125 1078
1098 1127 1079 1124 1076 1102 1058 1150
1123 1059 1080 1128 1149 1101 1075 1097
1129 1074 1148 1096 1081 1095 1104 1122
1147 1122 1082 1130 1073 1121 1095 1103
1094 1131 1160 1083 1146 1120 1062 1072
1084 1132 1063 1071 1145 1161 1093 1119
1092 1133 1064 1144 1118 1162 1085 1070
1143 1134 1109 1069 1086 1117 1091 1116
1087 1108 1142 1068 1091 1090 1116 1135
1114 1136 1141 1137 1088 1089 1111 1115
1089 1115 1136 1088 1110 1140 1137 1114
1192 1208 1195 1191 1197 1209 1113 1196
1191 1192 1209 1211 1112 1195 1210 1208
1088 1166 1136 1140 1111 1115 1110 1137
1136 1141 1110 1137 1165 1114 1089 1111
1090 1087 1164 1109 1108 1142 1117 1135
1108 1143 1134 1091 1086 1163 1116 1135
1085 1144 1070 1107 1133 1092 1162 1171
1172 1106 1093 1132 1145 1084 1161 1071
1094 1173 1146 1131 1105 1072 1083 1160
1130 1122 1147 1082 1159 1129 1095 1104
1096 1158 1148 1129 1081 1121 1104 1103
1128 1124 1097 1149 1157 1075 1102 1080
1123 1098 1150 1079 1076 1127 1156 1101
1078 1100 1099 1126 1077 1151 1152 1155
1155 1099 1152 1125 1178 1151 1100 1179
1124 1180 1156 1128 1101 1177 1098 1150
1102 1157 1123 1176 1097 1149 1181 1127
1130 1175 1103 1148 1096 1122 1147 1158
1104 1174 1129 1147 1121 1095 1148 1159
1120 1160 1173 1094 1132 1184 1146 1105
1106 1145 1131 1185 1119 1172 1093 1161
1162 1118 1186 1171 1085 1144 1092 1107
1108 1170 1143 1091 1142 1163 1135 1117
1142 1164 1143 1134 1116 1109 1169 1090
1137 1115 1089 1141 1165 1168 1110 1140
1141 1088 1166 1136 1114 1140 1167 1111
1140 1194 1139 1067 1193 1137 1114 1166
1140 1166 1193 1194 1138 1167 1114 1137
1167 1190 1141 1114 1137 1166 1111 1136
1115 1168 1165 1189 1136 1110 1140 1137
1134 1143 1188 1164 1109 1135 1169 1116
1142 1170 1134 1187 1163 1117 1135 1108
1171 1186 1118 1085 1162 1092 1107 1133
1132 1185 1106 1161 1146 1172 1119 1093
1131 1145 1173 1120 1094 1105 1160 1184
1104 1148 1183 1129 1159 1121 1174 1130
1182 1129 1130 1103 1122 1175 1147 1158
1097 1150 1102 1176 1181 1128 1157 1123
1156 1180 1098 1127 1101 1124 1149 1177
1178 1179 1126 1125 1152 1155 1099 1100
1125 1179 1151 1153 1178 1154 1126 1155
229 238 1155 1151 1152 230 1154 239
229 247 238 239 230 1152 1153 248
1179 1125 1178 1153 1151 1152 1100 1126
1180 1177 1150 1124 1157 1127 1101 1149
1181 1156 1177 1102 1149 1128 1176 1123
1147 1148 1182 1159 1174 1122 1175 1129
1148 1174 1130 1121 1147 1183 1158 1175
1131 1120 1184 1161 1172 1146 1105 1173
1160 1106 1172 1185 1146 1145 1132 1119
1118 1092 1133 1186 1171 1161 1107 1144
1142 1134 1169 1170 1143 1117 1187 1164
1163 1169 1143 1170 1142 1188 1116 1135
1167 1166 1136 1189 1140 1141 1168 1115
1114 1167 1137 1190 1140 1141 1165 1168
1141 1165 1137 1140 1189 1166 1190 1168
1166 1189 1190 1141 1167 1165 1136 1140
1142 1163 1187 1143 1164 1135 1170 1188
1163 1164 1188 1142 1169 1143 1187 1134
1107 1133 1144 1092 1118 1162 1186 1172
1160 1161 1185 1119 1132 1173 1184 1145
1172 1161 1160 1120 1184 1185 1131 1146
1158 1130 1147 1175 1148 1182 1183 1159
1147 1148 1158 1129 1182 1159 1174 1183
1180 1128 1157 1123 1181 1156 1177 1149
1150 1181 1180 1124 1157 1176 1127 1156
1213 1151 1126 1155 1153 1125 1179 1152
1155 1151 1178 1213 1125 1153 1126 1152
1156 1177 1181 1212 1127 1176 1150 1213
1156 1176 1123 1128 1149 1180 1157 1177
1147 1158 1148 1183 1129 1175 1159 1174
1148 1174 1147 1182 1130 1175 1159 1158
1131 1146 1185 1161 1173 1160 1172 1120
1145 1172 1161 1160 1184 1132 1119 1173
1133 1171 1162 1185 1107 1144 1172 1118
1163 1143 1188 1134 1170 1142 1169 1164
1170 1164 1163 1135 1189 1169 1142 1187
1136 1166 1165 1190 1168 1188 1141 1167
1168 1137 1167 1166 1189 1165 1194 1140
1192 1211 1210 1113 1195 1209 1112 1208
1195 1209 1210 1191 1208 1196 1214 1112
1139 1140 1194 1166 1190 1137 1167 1138
1139 1137 1167 1138 1190 1193 1166 1140
1217 1216 1198 1214 1199 1196 1215 1197
1217 1197 1216 1199 1215 1198 1195 1214
1215 1217 1199 1214 1216 1198 1195 1196
1215 1196 1217 1216 1218 1197 1200 1199
1201 1200 1217 1218 1220 1198 1219 1197
1202 1220 1221 1219 1198 1218 1199 1201
1219 1202 1199 1203 1218 1200 1221 1220
1204 1200 1201 1220 1222 1221 1219 1203
1222 1221 1202 1223 1201 1220 1205 1204
1202 1224 1225 1206 1203 1223 1205 1222
1224 1223 1226 1203 1204 1207 1225 1206
1205 1203 1225 1224 1226 1204 1223 1207
1204 1206 1226 1205 1225 1223 1224 1203
1215 1214 1195 1191 1209 1192 1210 1196
1196 1192 1214 1211 1191 1210 1208 1195
1191 1208 1209 1192 1211 1113 1195 1214
1210 1209 1113 1192 1112 1195 1208 1191
1213 1181 1156 1177 1179 1180 1150 1178
1156 1155 1179 1212 1177 1178 1180 1150
1198 1216 1196 1197 1218 1217 1195 1215
1197 1198 1196 1214 1216 1218 1195 1217
1217 1198 1218 1197 1215 1196 1195 1214
1219 1215 1197 1218 1200 1216 1199 1198
1199 1216 1198 1217 1220 1219 1201 1200
1218 1221 1220 1202 1217 1200 1201 1199
1221 1218 1199 1200 1219 1201 1202 1222
1203 1222 1220 1219 1202 1223 1200 1201
1220 1221 1203 1202 1224 1201 1223 1204
1224 1222 1203 1205 1206 1221 1225 1204
1205 1226 1225 1223 1222 1204 1207 1206
1207 1205 1204 1224 1206 1222 1223 1226
1225 1223 1206 1204 1205 1224 1207 1222
321 1228 385 323 1229 359 360 322
1229 324 1231 323 359 1230 1227 322
359 324 1227 323 358 1230 1228 1231
1231 324 1229 1232 359 325 358 1228
1233 324 1229 1230 1232 325 358 359
1234 324 326 1230 1231 325 1233 357
1235 1231 326 357 358 325 1232 1234
1232 1233 326 1236 1235 325 327 357
356 1237 326 355 1233 1234 327 1236
1234 1235 1238 356 328 1237 327 355
1235 1239 1236 1238 328 355 327 356
1240 355 1236 1237 328 354 327 1239
329 1241 354 355 328 1240 1237 1238
329 1238 1242 1239 328 354 1241 330
329 353 1243 1239 1240 1242 354 330
1244 1240 331 353 1243 1241 352 330
1241 1242 331 352 1245 353 1244 330
1242 1246 1245 1243 351 331 352 330
351 332 1243 1247 352 331 1246 1244
1244 332 1248 351 1245 331 350 1247
1249 332 333 1248 1245 1246 350 351
1250 332 333 1246 334 1247 1249 349
1251 1247 333 349 334 350 1248 1250
1248 1249 1252 1251 334 348 335 349
348 1253 1249 1250 334 347 335 1252
1250 1251 1253 1254 334 348 335 347
1251 1255 347 336 1252 1254 335 348
1256 347 1252 336 1253 346 335 1255
337 346 1257 336 1256 347 1253 1254
337 1254 1258 336 345 1255 1257 338
337 1259 1258 1255 345 1256 346 338
1260 345 1256 1257 1259 339 344 338
1257 1260 344 1261 1258 339 343 338
1258 1259 1261 1262 340 339 343 338
1262 1263 1259 344 340 339 343 1260
1260 1264 341 1261 340 339 343 1263
1260 342 341 1261 340 1264 343 1262
1260 342 341 1261 340 1263 343 1262
1266 1267 1269 1288 1289 1287 1268 1290
1265 1267 1269 1287 1288 1289 1268 1290
1265 1266 1269 1287 1288 1289 1268 1290
1287 1266 1269 1288 1285 1270 1267 1286
1285 1286 1268 1271 1287 1270 1267 1284
1283 1284 1268 1271 1272 1269 1285 1286
1284 1283 1285 1270 1272 1269 1286 1273
1274 1283 1282 1270 1271 1284 1285 1273
1274 1275 1281 1282 1271 1280 1283 1272
1273 1275 1282 1279 1281 1280 1276 1272
1273 1274 1277 1279 1280 1278 1276 1281
1273 1274 1277 1279 1280 1278 1275 1281
1273 1274 1276 1279 1280 1278 1275 1281
1274 1282 1276 1279 1280 1277 1275 1281
1274 1282 1276 1278 1280 1277 1275 1281
1274 1282 1276 1278 1279 1277 1275 1281
1274 1273 1276 1282 1279 1280 1275 1283
1274 1273 1280 1281 1284 1283 1275 1272
1285 1273 1284 1270 1271 1282 1281 1272
1282 1286 1283 1270 1271 1269 1285 1272
1286 1284 1287 1270 1271 1269 1283 1272
1284 1287 1268 1270 1271 1269 1288 1285
1289 1285 1268 1270 1286 1269 1267 1288
1266 1265 1268 1287 1289 1290 1267 1286
1266 1265 1268 1287 1288 1290 1267 1286
1265 1266 1268 1287 1286 1289 1267 1288