23 12 11 24 17 10 18 30
9 2 3 4 5 6 13 8
14 1 3 4 5 6 7 20
14 1 2 4 5 6 7 20
9 1 15 3 5 19 13 8
9 1 13 15 4 21 19 8
14 20 2 3 26 5 7 8
26 14 2 3 20 32 6 8
9 1 13 15 4 5 19 21
8 25 21 19 4 5 13 15
18 23 28 11 16 17 12 22
18 23 24 10 16 17 12 22
18 23 24 10 16 17 11 30
8 25 9 21 27 5 15 19
26 38 2 3 32 20 6 7
8 19 9 21 27 31 25 13
18 23 22 10 29 17 11 28
18 23 22 10 24 16 11 12
17 23 30 29 24 16 11 12
8 15 9 13 27 31 21 25
26 38 32 3 14 19 6 7
33 15 9 27 19 31 25 13
17 29 24 10 23 16 34 28
17 18 24 28 22 16 30 29
17 18 23 29 36 30 11 12
33 21 37 13 27 31 15 19
50 14 38 44 32 20 6 7
33 39 37 21 19 31 15 25
40 30 23 34 22 16 29 35
36 35 23 24 22 34 30 28
42 18 23 24 35 29 41 36
33 39 37 21 19 25 43 27
26 20 14 44 56 38 50 7
27 39 37 31 43 21 25 45
35 41 36 29 22 40 28 46
36 34 42 41 40 30 29 28
48 41 23 24 35 30 42 29
27 39 31 43 45 49 25 33
44 37 14 20 32 26 56 50
51 27 31 37 43 45 33 49
34 52 42 28 46 35 47 41
35 34 42 40 36 47 48 46
47 35 54 48 36 30 41 29
39 31 55 33 37 49 51 45
32 68 50 38 62 43 26 56
51 55 43 49 33 39 57 37
53 47 52 48 40 34 58 41
54 52 41 40 53 46 48 42
47 60 53 41 36 54 42 59
37 43 55 45 51 57 61 39
49 62 38 26 68 56 44 32
45 55 39 61 57 43 63 49
64 47 46 58 59 54 53 40
54 48 60 58 52 46 59 47
48 66 53 41 59 47 42 60
45 67 49 43 63 51 61 57
62 68 55 61 38 44 32 50
61 55 67 49 51 69 63 45
59 46 65 52 53 64 70 60
65 53 58 60 52 64 66 54
48 65 54 72 53 47 66 59
45 67 63 57 51 49 55 69
50 44 68 77 56 61 67 38
51 49 69 61 67 55 76 57
75 70 59 66 71 58 65 52
72 60 58 71 70 66 64 59
71 65 54 72 53 73 60 59
76 57 79 69 51 61 55 63
67 61 56 50 44 78 62 77
51 61 63 55 57 67 79 76
71 74 64 72 65 58 80 75
70 66 73 75 72 74 64 65
66 65 71 73 82 74 60 59
66 84 74 72 81 82 71 83
70 71 75 73 81 82 80 72
85 71 80 73 70 74 64 81
86 87 67 79 57 61 69 63
98 91 67 68 78 92 79 62
91 92 79 76 68 77 86 67
76 69 86 67 91 78 87 63
70 85 75 88 84 81 82 74
83 75 84 73 85 80 82 74
74 90 73 72 83 84 71 81
96 89 90 81 82 95 73 84
85 81 90 89 83 80 88 82
84 83 81 94 89 75 88 80
69 97 76 91 93 87 79 78
91 97 100 79 76 86 93 78
94 81 95 85 89 90 80 84
95 90 85 83 88 94 96 84
89 96 95 81 82 84 88 83
101 86 93 97 79 78 100 87
98 78 99 97 91 108 102 77
86 79 91 103 100 87 97 101
80 84 90 95 85 89 88 96
84 89 90 83 94 85 88 96
94 90 89 83 95 84 88 82
93 86 101 91 100 107 87 103
99 108 97 100 92 111 102 77
92 112 98 100 108 97 102 111
97 101 110 87 93 107 103 91
113 91 100 97 110 107 103 93
92 112 108 115 111 98 101 99
100 107 93 110 114 101 113 97
94 106 105 103 109 95 96 88
90 104 89 95 109 96 106 94
94 89 104 95 90 96 109 105
101 113 97 93 114 110 103 100
116 111 98 102 115 112 107 99
96 95 105 94 106 104 90 89
103 114 100 113 101 107 117 97
99 98 110 102 108 115 116 112
120 119 116 115 113 111 108 102
118 121 110 103 107 117 114 101
113 121 110 101 118 117 107 103
111 112 108 114 120 119 116 102
120 124 111 108 115 119 123 112
121 122 113 114 118 125 107 110
113 117 125 114 126 110 121 122
115 123 120 116 124 127 112 111
119 124 121 112 123 127 116 115
122 113 118 126 117 125 114 120
117 118 123 114 121 125 126 124
124 125 127 120 119 122 116 115
125 119 122 116 120 123 127 126
123 124 118 127 126 121 122 117
125 123 122 118 124 117 127 121
124 122 119 123 120 126 125 116
131 134 129 133 130 125 122 126
133 125 137 134 130 128 122 126
138 131 134 135 133 141 132 137
135 132 136 134 140 130 133 139
130 131 140 134 133 135 139 136
130 141 134 135 137 138 131 132
135 142 141 130 133 138 137 132
134 143 131 140 133 139 132 136
131 143 135 140 144 139 132 137
133 141 145 130 136 138 134 142
133 134 141 130 145 137 142 139
138 143 135 140 132 144 131 136
136 148 135 132 143 144 147 139
133 137 149 142 145 134 138 146
145 137 146 150 141 149 138 134
136 135 147 151 144 140 148 139
148 151 147 143 139 136 152 140
149 137 150 153 141 138 142 146
142 147 153 145 141 154 149 150
152 146 144 148 155 151 143 140
149 155 144 140 147 151 143 152
142 148 146 154 153 150 145 141
151 154 146 157 149 153 145 142
148 150 144 152 155 143 156 147
155 147 153 156 148 144 154 151
150 149 146 157 155 152 145 154
157 150 158 149 155 153 146 152
154 147 152 156 148 151 159 153
151 155 158 154 152 159 148 157
156 150 154 149 153 155 158 159
154 156 157 160 159 161 163 162
162 157 155 161 158 163 156 160
169 163 162 172 161 173 159 158
171 159 174 162 168 160 164 158
161 175 163 168 174 171 164 158
173 162 161 169 159 176 160 172
178 175 165 171 168 162 161 174
166 164 168 167 162 170 171 161
162 168 161 167 170 164 165 171
164 170 162 166 186 171 168 165
162 174 161 169 164 175 178 171
172 176 177 168 173 160 171 163
186 174 171 165 168 166 167 164
162 164 161 175 174 179 178 168
169 177 176 171 173 160 163 180
169 181 177 172 160 180 163 176
179 164 161 178 162 175 171 168
178 164 184 171 182 168 179 174
183 173 180 172 177 169 181 175
178 173 180 183 172 169 181 176
182 184 174 185 179 168 171 175
187 182 174 178 184 185 171 175
177 173 189 183 172 181 176 188
177 173 192 183 180 188 176 189
185 190 174 178 187 179 184 175
177 189 181 180 192 188 176 193
185 182 187 178 190 179 191 175
190 184 182 191 187 179 178 186
182 179 178 187 184 185 191 190
190 188 185 191 194 179 184 182
189 183 181 180 193 187 177 192
187 180 181 183 190 193 188 192
191 185 194 179 182 189 184 187
194 185 187 190 182 193 184 192
191 181 188 183 190 189 194 193
191 194 189 190 188 183 187 192
191 185 192 190 187 189 184 193
197 196 198 199 215 216 230 220
200 215 199 198 216 220 197 195
196 215 220 200 199 216 195 198
201 216 197 196 200 195 215 199
198 196 215 197 216 202 200 201
199 216 221 198 203 202 201 197
198 199 204 216 203 217 202 200
214 204 217 199 205 200 203 201
202 201 205 217 206 204 200 214
214 218 205 203 217 206 201 202
203 202 214 207 204 206 218 208
205 203 209 208 207 213 214 204
205 213 209 208 206 214 219 204
211 213 209 206 205 207 210 219
211 212 219 206 208 207 210 213
223 213 224 208 219 212 211 209
208 209 212 210 225 213 223 224
209 224 223 226 225 211 235 210
206 228 210 207 209 219 208 223
205 222 218 206 217 204 203 207
197 221 198 230 220 216 196 195
220 215 241 199 231 200 221 198
202 203 232 240 204 222 218 214
222 229 217 205 206 204 232 214
213 229 208 233 228 209 210 223
198 242 216 221 230 231 215 241
215 231 241 199 216 220 230 248
217 229 214 218 240 247 203 232
233 213 219 234 235 228 224 225
225 233 235 211 234 228 226 223
223 234 233 239 224 235 226 236
246 212 225 235 236 239 224 234
236 226 264 237 239 245 259 238
224 233 219 213 223 229 234 244
213 243 219 214 253 228 252 218
216 231 220 242 221 241 215 249
241 216 220 221 242 250 248 230
217 218 229 240 222 247 214 251
224 244 235 228 234 223 219 225
244 235 236 223 228 233 224 225
236 234 233 224 239 226 225 223
224 235 225 239 246 258 226 234
259 227 245 239 226 236 238 264
265 227 239 246 259 245 237 264
263 257 236 258 226 235 225 246
217 232 262 247 243 251 218 222
248 249 250 220 230 221 242 231
250 230 241 249 220 260 248 231
229 254 253 252 240 228 244 247
228 256 253 255 223 233 254 234
237 227 259 238 265 246 276 264
257 258 236 226 235 266 263 239
262 251 270 240 243 252 232 222
221 249 231 261 271 241 250 242
271 231 241 242 260 261 250 248
261 241 271 260 231 249 248 242
262 252 243 270 240 232 247 274
253 255 243 254 229 247 244 251
228 269 243 252 255 229 254 244
256 243 228 255 269 252 244 253
254 256 253 257 244 269 267 268
257 244 255 269 267 254 268 234
267 263 246 258 255 239 268 256
267 256 263 236 239 246 266 257
238 284 237 245 227 265 276 264
242 248 249 272 271 261 277 250
249 260 241 271 250 248 278 273
279 252 240 232 274 247 251 270
258 257 275 266 239 267 283 246
265 294 238 276 259 237 245 284
238 245 295 284 294 259 276 264
275 293 258 268 257 283 267 263
266 283 275 263 257 256 268 269
255 269 267 266 256 257 291 263
290 256 255 282 257 254 268 267
251 262 274 288 279 271 247 287
278 260 249 273 272 261 277 250
285 260 271 273 261 249 278 277
278 272 277 261 271 286 306 250
262 270 302 251 287 288 303 279
292 266 267 263 283 296 293 258
259 265 295 264 284 312 294 275
272 286 271 285 278 307 273 306
305 271 286 273 277 307 306 285
287 304 270 301 302 288 303 274
288 289 310 300 282 301 281 279
290 288 289 300 280 269 282 310
280 269 290 289 299 291 281 300
266 297 263 296 267 292 275 293
294 312 276 283 259 264 295 265
277 307 272 308 306 286 273 278
278 307 306 285 305 277 304 273
302 303 274 309 301 304 288 279
309 280 302 274 279 287 303 301
310 299 290 282 291 281 280 300
282 300 291 298 299 292 297 289
290 292 268 293 299 297 298 282
291 293 297 298 290 296 299 283
291 275 311 283 296 266 297 292
329 264 312 319 284 295 276 265
312 319 284 329 296 294 265 276
311 297 298 292 283 275 318 293
290 311 292 299 293 291 296 298
291 296 290 299 300 292 297 326
297 290 300 292 289 310 298 291
310 290 317 299 281 289 282 280
316 279 302 315 303 287 309 288
288 279 287 301 303 309 315 304
305 304 287 301 302 279 315 288
287 303 305 278 279 306 286 302
304 307 286 314 302 278 306 303
308 278 313 286 307 314 304 305
286 278 306 313 285 314 305 308
285 313 306 277 314 307 320 286
301 315 287 316 323 288 302 322
300 324 289 317 290 325 299 282
328 293 283 292 327 296 318 297
329 276 294 319 311 296 284 295
320 314 321 342 306 307 308 341
321 305 313 339 307 340 306 320
323 302 316 309 301 336 303 322
322 309 335 315 334 302 323 301
324 331 310 330 325 300 299 332
297 328 293 296 347 311 326 327
295 329 318 349 284 328 312 294
314 313 342 321 344 308 343 341
320 314 340 341 313 338 342 339
316 323 335 338 309 336 337 315
333 316 315 336 335 309 322 334
325 345 330 310 331 317 332 333
327 317 345 346 310 330 324 326
330 325 347 345 328 346 298 327
311 328 346 345 325 326 318 347
296 326 327 311 318 348 349 347
312 318 328 349 319 295 294 348
317 332 325 346 345 350 324 331
317 332 330 333 350 356 345 324
323 317 324 334 331 350 330 333
351 331 335 316 334 323 332 324
336 335 351 332 322 316 333 323
323 333 316 337 351 336 334 322
315 323 322 338 337 334 335 351
322 336 323 335 338 339 315 354
340 336 335 322 337 321 339 341
340 314 321 336 337 338 341 353
321 339 342 314 353 341 338 343
339 342 340 314 353 343 321 320
313 344 352 341 321 343 320 340
342 341 340 320 344 352 321 313
313 320 352 308 342 343 341 340
326 330 346 325 331 347 324 350
361 347 325 330 360 345 326 327
346 345 326 328 327 361 362 325
328 349 363 318 329 373 364 347
348 319 328 364 318 329 374 363
332 345 360 331 330 365 356 333
359 335 334 354 333 355 337 336
344 367 341 353 343 358 342 357
357 340 352 341 339 378 358 368
377 335 369 336 337 355 351 359
351 335 333 359 369 334 354 366
365 370 366 330 345 331 360 350
358 368 352 379 353 341 378 367
368 378 352 340 367 353 357 385
351 355 377 384 369 366 354 336
371 362 370 365 361 356 372 350
362 346 363 370 365 371 372 360
363 372 370 361 360 376 373 371
372 361 383 362 371 373 376 348
349 373 363 382 374 375 348 396
370 371 366 361 356 381 360 350
350 356 390 351 389 380 355 365
368 357 353 379 378 386 352 358
378 387 357 385 367 353 379 358
388 355 359 351 366 354 384 377
372 362 356 365 381 361 371 360
372 381 362 361 365 360 370 373
373 363 360 370 361 376 371 362
376 395 362 372 383 361 371 363
401 376 382 396 375 364 349 373
396 364 402 373 376 374 401 382
372 394 395 373 363 400 383 362
399 388 354 359 355 369 384 380
385 386 367 387 368 357 379 358
367 397 387 386 378 357 385 368
377 391 390 365 366 384 381 389
371 391 365 392 390 360 393 370
402 364 374 413 383 401 396 375
363 372 400 395 403 373 394 376
388 380 359 369 377 399 407 389
386 368 358 398 378 408 387 379
387 368 408 398 378 397 379 385
398 386 408 378 379 410 397 385
411 384 407 389 399 377 369 380
381 392 391 399 380 388 390 366
366 365 380 391 389 381 406 392
392 406 365 389 381 393 390 380
390 404 406 391 393 381 394 405
406 395 405 394 381 392 404 391
393 404 400 392 383 403 405 395
404 412 383 393 403 376 394 400
421 382 413 395 375 402 401 374
379 387 409 398 385 408 414 386
385 408 387 410 386 397 378 415
411 416 384 388 369 389 407 377
412 383 376 394 403 420 395 404
421 402 374 400 382 396 375 413
401 413 382 421 396 431 432 375
383 420 394 412 405 400 404 395
405 403 394 395 412 406 400 393
406 392 404 428 403 400 394 393
427 394 419 391 404 393 405 392
384 416 399 425 388 411 424 377
410 415 398 414 397 387 409 386
422 386 415 414 408 397 410 398
398 414 415 409 423 387 443 408
407 399 425 416 439 388 424 440
430 404 395 429 403 433 400 420
431 449 396 402 401 382 421 432
422 415 410 423 409 444 408 443
442 408 423 414 410 422 444 443
424 438 425 441 439 407 440 411
437 419 416 438 425 418 447 426
419 417 437 426 436 447 425 427
427 418 417 428 437 426 406 436
434 430 448 433 404 412 429 403
396 456 432 401 413 431 449 402
444 415 414 410 443 445 409 423
441 444 443 422 415 442 410 414
411 425 416 446 441 440 439 438
411 440 416 438 446 417 439 424
436 418 437 427 447 454 417 419
428 437 435 419 426 429 434 436
430 435 429 436 427 419 426 434
433 430 434 428 420 436 427 435
455 428 412 429 434 433 448 420
432 421 402 449 466 401 413 456
466 449 413 456 431 433 402 421
412 455 435 434 430 448 420 429
435 430 448 433 436 428 427 429
433 428 437 429 434 427 436 463
427 426 429 447 428 434 437 435
426 447 454 427 417 419 436 418
425 452 446 440 424 416 439 453
446 438 416 424 452 425 440 441
442 441 424 438 416 425 439 452
415 440 416 443 424 423 439 442
441 443 451 415 439 440 423 444
445 450 444 441 451 442 415 423
422 451 445 442 443 415 423 450
450 423 443 422 414 457 444 451
452 459 439 438 424 425 460 453
437 427 436 461 426 462 419 454
430 455 465 429 464 434 433 420
432 466 431 448 433 456 421 413
443 451 442 423 445 458 444 457
443 445 441 442 458 457 444 450
441 446 453 460 459 440 438 439
439 438 440 446 425 459 460 452
461 427 426 437 463 462 436 447
434 463 464 465 433 448 429 430
455 465 431 449 466 421 432 448
445 443 444 458 422 442 451 450
442 443 444 457 441 445 451 450
453 460 452 440 439 446 441 438
438 459 425 452 439 453 446 440
460 462 447 463 437 426 436 454
437 435 461 454 463 436 447 464
465 461 464 462 435 454 455 434
463 462 434 433 448 455 465 435
463 433 455 448 430 462 434 464
456 449 432 465 448 421 431 455
468 463 465 488 455 464 487 466
455 487 488 456 465 467 464 466
486 470 472 498 471 484 485 491
469 473 491 484 472 471 485 498
472 469 492 491 498 473 474 470
469 492 474 473 475 471 470 491
474 492 470 499 476 475 472 471
473 499 476 492 495 475 471 472
474 495 473 477 476 492 472 478
474 492 479 475 477 495 478 473
479 495 478 475 480 474 476 494
481 479 501 477 480 494 476 475
481 493 482 476 480 478 477 494
494 493 477 481 482 483 478 479
479 483 500 480 482 478 494 493
480 500 478 483 479 493 494 481
481 494 500 479 510 482 480 493
498 504 486 503 469 491 485 470
505 486 490 484 469 487 504 503
487 504 485 490 496 505 469 484
485 490 486 484 506 496 516 505
518 487 497 517 507 489 490 496
517 490 507 487 497 488 518 496
506 487 496 515 516 486 505 485
503 472 498 508 471 484 469 470
495 474 499 475 473 502 472 476
501 482 500 483 480 494 481 510
500 479 493 521 480 511 478 501
499 476 474 502 475 512 520 492
490 519 515 506 505 486 487 516
490 489 507 496 517 525 518 488
503 508 513 484 491 469 470 509
512 474 472 492 495 473 502 509
511 494 501 521 510 493 480 522
494 500 521 528 511 510 493 479
527 492 475 499 495 509 512 520
505 515 513 514 504 491 498 508
485 515 508 506 514 513 505 503
504 516 496 513 515 514 503 506
496 516 519 515 505 504 490 487
488 518 489 497 517 506 539 525
524 491 509 504 498 514 513 503
499 532 533 508 492 491 523 498
494 522 511 501 529 500 521 493
522 494 510 500 501 521 528 530
495 502 531 527 492 499 520 509
524 508 514 515 504 505 498 503
504 508 516 513 515 505 524 503
516 504 513 514 519 506 505 503
515 514 505 506 519 490 526 496
497 539 507 489 525 518 488 544
497 539 507 544 489 525 517 545
506 496 537 515 516 526 538 505
502 512 499 542 495 527 523 531
529 530 500 510 528 501 522 511
521 528 510 511 540 529 530 500
509 534 520 533 527 508 532 524
535 508 536 513 534 503 533 514
544 517 556 518 507 539 545 497
506 519 546 538 516 537 515 543
532 542 512 531 523 520 502 550
529 501 522 511 521 530 541 551
540 521 511 530 551 528 541 522
511 541 529 528 522 551 521 540
512 542 527 550 520 532 523 554
509 542 524 533 523 531 527 534
532 549 508 509 534 523 535 524
532 533 523 549 508 524 535 536
534 547 536 548 537 549 524 533
537 549 538 535 534 524 547 548
547 543 548 526 536 535 538 519
526 536 547 537 543 516 519 546
556 525 518 545 564 507 544 517
522 552 551 528 541 557 529 530
529 540 551 521 530 553 558 528
520 559 541 550 531 532 554 527
555 519 526 546 538 563 547 537
517 539 564 545 518 574 525 556
564 556 539 518 525 574 544 575
526 537 548 563 543 547 538 555
538 537 536 543 555 546 549 548
571 547 535 543 536 549 546 537
570 536 547 562 537 548 535 534
568 527 567 554 542 520 531 559
553 541 558 540 557 529 530 552
565 558 551 540 529 553 541 557
530 557 558 551 566 552 541 586
582 567 568 559 542 550 583 531
543 563 546 547 576 573 538 572
574 545 555 544 539 564 575 525
565 558 566 552 553 587 551 586
585 557 551 586 587 553 566 565
582 568 567 554 584 583 550 581
569 580 559 561 562 581 589 568
569 568 580 562 579 590 560 570
579 571 570 549 561 569 580 560
573 543 546 547 576 577 572 555
544 545 573 575 563 539 556 574
558 587 552 588 553 586 557 566
587 586 553 584 565 557 558 585
589 581 582 554 559 568 583 584
567 560 559 583 581 554 589 582
571 590 561 560 580 570 579 562
569 578 579 571 577 562 572 580
572 573 579 562 578 548 577 570
576 571 570 577 578 579 573 563
578 571 546 572 563 576 577 555
564 545 575 544 596 556 597 573
596 556 573 597 574 564 545 576
563 555 596 571 573 577 578 572
579 563 578 571 572 573 576 570
571 570 577 576 580 579 572 604
577 578 571 580 569 572 570 590
570 590 569 562 579 595 561 560
583 567 589 594 593 559 582 568
567 584 581 583 559 589 568 593
593 582 567 559 585 584 581 589
558 583 586 567 585 559 582 566
587 586 592 566 558 583 584 582
558 591 587 566 588 585 584 592
585 558 566 592 591 588 565 586
591 586 587 566 565 592 598 557
594 567 600 582 581 601 593 568
595 602 579 603 570 580 569 562
617 588 618 587 599 592 586 598
599 586 591 585 615 598 616 587
583 594 601 600 582 612 589 581
610 600 611 601 582 593 581 589
590 607 580 608 603 579 606 602
574 625 624 605 597 576 575 573
625 576 574 575 596 573 564 624
591 617 588 599 618 620 619 592
616 615 618 591 592 617 598 614
593 614 601 610 594 612 613 611
611 612 610 600 594 609 589 593
608 595 609 621 607 590 603 606
602 590 605 622 604 595 606 621
621 622 606 623 602 605 603 578
623 577 624 604 622 621 578 603
603 602 595 621 622 608 607 628
608 621 602 609 635 628 606 595
607 602 610 595 609 601 606 628
608 607 594 629 610 611 602 601
611 601 608 612 594 609 629 600
601 609 613 629 600 612 594 610
593 614 613 601 629 600 610 611
600 611 614 615 601 593 612 632
600 616 613 615 612 611 599 617
592 613 631 612 599 614 617 616
592 615 599 631 617 614 618 613
616 618 592 631 598 615 599 619
616 599 619 620 630 598 617 591
617 618 616 599 630 591 598 620
598 616 588 618 617 591 619 630
602 606 603 607 622 623 628 604
621 604 624 605 641 603 606 623
624 633 622 604 603 627 605 621
605 596 623 627 643 633 604 622
627 654 624 596 626 634 644 597
644 634 655 625 654 627 633 624
642 653 605 623 633 622 643 624
608 621 609 607 645 640 606 635
639 610 611 612 636 632 609 613
620 638 619 647 631 637 617 618
637 615 638 630 616 658 648 617
639 611 636 649 612 657 613 629
627 656 652 624 643 653 623 642
626 662 643 654 644 633 625 655
621 607 650 646 628 645 606 640
639 649 609 632 629 610 611 646
659 630 631 658 648 638 617 647
630 648 647 658 631 665 616 637
632 612 657 646 629 649 636 664
650 635 645 652 641 642 651 628
645 640 652 651 643 650 642 622
633 651 650 653 643 640 641 652
641 652 627 633 663 653 656 642
643 626 654 655 676 634 625 662
640 635 661 641 628 650 651 646
628 629 636 670 660 669 645 635
630 648 659 658 666 638 631 637
659 631 647 637 667 665 638 658
632 664 668 646 636 657 629 639
642 641 652 661 640 645 651 635
652 640 653 642 641 645 650 661
651 642 643 656 650 653 640 641
642 652 633 656 663 643 627 651
662 634 625 681 644 676 655 626
676 644 654 626 682 634 662 681
663 674 675 633 642 643 653 652
636 664 660 649 668 679 632 639
637 666 648 667 659 647 638 665
637 667 658 647 648 677 665 666
646 671 657 670 645 661 664 669
670 651 640 671 645 650 672 673
655 681 693 682 654 634 644 676
675 643 653 656 680 683 674 652
679 687 668 669 660 639 657 649
666 658 638 667 648 678 659 688
688 659 658 677 667 665 678 648
678 648 688 658 665 666 659 677
660 669 679 649 687 691 664 657
661 670 660 664 646 671 668 672
669 645 671 646 661 672 660 686
661 672 660 673 645 670 669 686
673 674 661 671 670 684 685 686
672 671 661 674 675 684 685 686
675 663 685 672 683 673 680 684
680 673 653 656 683 684 674 663
701 662 655 681 654 682 644 693
665 666 659 667 688 678 689 694
667 666 695 690 677 688 665 658
657 668 687 691 696 669 678 664
684 692 683 700 674 663 675 656
655 711 682 693 676 654 701 662
662 711 712 693 676 655 681 701
680 675 684 685 692 674 700 663
685 686 675 680 692 674 673 683
684 708 672 686 680 683 674 673
671 672 684 699 674 707 685 673
664 691 696 668 705 688 704 679
690 695 678 677 666 694 689 667
688 690 695 677 702 666 678 694
678 694 723 689 703 695 667 688
704 696 668 687 705 679 719 720
680 683 684 710 709 675 700 713
682 681 676 711 701 692 712 662
688 702 689 703 690 695 724 723
722 724 688 694 703 723 690 702
687 691 704 720 719 705 718 721
717 699 718 727 706 696 705 698
697 727 706 699 707 717 716 705
686 708 707 698 716 697 706 717
692 710 683 714 684 713 680 709
676 712 682 711 700 692 693 681
695 703 689 725 724 694 723 690
723 724 702 695 694 721 722 690
718 691 726 705 719 696 720 721
697 720 691 719 726 704 696 718
708 697 707 716 699 727 717 698
716 717 708 709 699 706 714 715
707 709 714 699 710 715 716 706
708 713 714 715 710 700 707 716
709 708 692 715 700 713 683 714
693 713 681 710 701 700 682 712
713 693 701 681 710 700 682 711
714 692 709 708 715 740 710 700
708 710 707 700 716 715 713 709
709 708 739 716 707 717 714 713
707 714 706 709 708 727 717 715
697 732 716 698 727 706 699 707
726 731 704 730 696 719 720 705
696 730 726 721 704 720 705 718
718 730 721 719 726 722 696 704
720 704 722 695 719 696 723 703
723 703 695 720 721 729 724 719
725 728 721 695 703 729 724 722
703 695 702 725 722 728 729 723
702 724 733 694 723 728 729 703
704 731 719 718 705 730 736 735
738 716 732 707 706 717 737 699
733 734 724 723 725 722 729 703
724 722 721 733 728 725 734 723
721 718 731 726 719 720 735 736
726 736 720 718 705 735 719 730
706 717 707 716 738 737 727 739
729 702 728 725 723 734 724 722
725 729 724 721 733 728 723 722
730 720 736 721 726 731 719 718
720 735 737 718 719 730 731 726
736 717 739 727 732 738 706 716
715 727 740 739 716 717 732 737
716 740 714 715 727 737 732 738
737 709 739 714 716 713 738 715
784 742 785 745 743 744 786 787
784 787 745 741 785 743 744 786
746 785 745 786 742 784 744 741
742 784 746 783 743 745 741 747
743 748 783 742 782 746 747 744
783 748 744 781 782 745 743 747
781 749 746 744 782 745 780 748
780 745 750 749 781 779 746 747
780 779 750 747 752 778 751 748
751 779 752 753 749 777 748 778
752 749 778 750 777 776 754 753
775 750 755 749 754 751 776 753
755 750 752 754 756 775 776 751
751 774 756 753 755 775 773 752
773 772 775 753 754 774 756 752
1260 773 755 753 754 757 774 772
801 772 756 799 1259 800 758 1260
757 798 1259 760 797 1258 1260 759
758 1257 1258 1259 798 796 797 760
761 797 1256 796 759 1257 1258 795
1255 796 760 794 1257 762 1256 795
794 1255 793 763 1254 761 764 1256
765 1253 793 764 1255 792 762 1254
763 1253 1252 765 1254 792 791 793
763 764 792 1252 1253 791 790 766
791 767 788 1251 1252 790 1250 765
788 766 789 768 1250 1251 790 765
788 1249 771 767 789 770 769 1250
1250 828 771 1249 770 789 768 827
829 828 771 1249 769 789 768 827
789 842 770 1249 769 829 768 828
755 756 774 773 801 802 800 775
803 800 801 772 802 775 774 776
803 801 802 776 772 811 773 775
774 773 811 778 776 803 777 802
778 811 803 777 775 774 752 773
775 778 779 803 774 804 751 776
804 805 776 780 779 775 810 777
780 781 804 810 805 778 777 809
778 782 779 809 781 805 783 804
805 782 747 809 780 784 779 783
783 781 746 785 784 805 780 806
745 780 781 782 785 784 808 806
783 785 786 808 782 787 806 807
783 787 808 806 807 812 784 786
806 742 787 784 783 807 812 785
784 785 806 741 786 742 807 812
789 767 790 766 1251 825 768 826
788 1249 770 767 769 771 768 827
791 767 788 766 824 825 826 765
822 793 792 766 764 790 824 765
763 764 822 824 793 791 821 765
763 764 822 792 794 791 820 821
763 820 793 819 762 792 795 821
818 760 796 820 794 819 762 761
795 797 759 760 819 817 761 818
817 759 818 816 798 760 796 758
759 797 799 817 796 816 815 758
800 815 772 757 801 816 798 830
799 802 773 772 815 801 831 830
774 802 831 772 800 799 803 773
774 801 773 772 803 811 775 800
774 811 775 777 776 814 802 773
777 805 778 813 810 779 809 780
782 781 779 813 809 810 804 780
785 783 808 807 782 784 786 812
787 785 784 786 812 823 808 806
783 784 839 812 838 807 840 806
805 836 835 810 780 813 834 804
813 835 804 805 809 779 778 834
776 803 833 832 774 802 814 775
808 785 786 807 823 806 839 840
809 810 804 835 834 850 805 849
832 847 811 833 803 865 848 802
845 846 800 816 831 864 830 799
815 798 797 817 863 818 862 799
863 818 861 816 862 797 798 796
860 861 796 797 819 795 817 862
818 795 861 859 860 794 820 796
793 821 819 859 794 795 858 822
822 824 857 794 820 858 792 793
824 853 792 793 791 858 857 821
870 812 851 840 807 852 808 839
825 854 792 822 791 821 853 857
853 790 826 844 854 791 788 824
844 788 854 825 827 824 843 790
828 841 826 789 855 844 871 843
827 843 841 871 855 842 856 829
841 855 877 871 872 842 856 828
845 815 832 831 847 800 864 846
845 830 846 815 847 833 801 832
847 833 845 846 814 831 848 830
865 811 847 866 814 867 848 832
813 836 849 810 850 835 868 809
850 849 837 868 813 834 809 836
837 868 849 834 809 850 838 835
851 835 839 838 869 836 808 850
837 851 869 840 835 808 836 839
812 840 823 838 808 837 851 869
823 852 808 839 851 838 812 869
876 871 829 872 856 855 842 828
855 877 829 872 856 871 841 828
827 828 871 894 855 844 876 841
827 825 892 826 853 854 843 893
815 830 864 846 832 847 831 886
865 847 887 830 832 848 845 831
831 830 846 848 865 845 833 832
865 866 867 847 814 811 832 833
835 813 873 850 834 867 836 868
834 873 868 836 813 837 835 849
874 852 840 839 838 870 837 869
851 840 823 875 874 870 869 839
824 878 891 825 822 858 857 854
824 826 853 892 891 893 825 844
842 871 828 876 872 856 877 841
871 876 842 855 829 877 841 872
858 891 824 879 853 878 821 822
880 821 859 879 857 878 822 853
881 879 820 880 858 860 821 857
880 859 820 819 861 882 818 881
819 882 862 860 817 881 818 883
818 817 816 861 884 883 882 863
816 864 817 885 861 884 862 883
863 831 846 886 885 830 845 815
888 848 846 832 866 833 847 867
847 833 814 867 865 832 848 849
834 868 814 848 849 865 866 833
889 850 873 836 837 849 835 834
838 852 840 890 851 870 874 839
875 851 869 840 839 852 874 890
841 872 855 895 856 896 876 877
856 871 855 895 877 842 896 876
836 849 835 897 910 850 889 868
875 911 870 890 898 869 839 851
912 898 874 852 899 869 890 870
900 856 895 855 872 896 871 877
855 856 901 896 872 876 895 871
913 891 879 853 857 918 917 858
891 859 878 858 917 918 857 880
858 860 919 879 881 859 878 918
920 921 880 882 859 919 861 860
883 881 861 862 920 922 921 860
922 921 884 923 863 882 861 862
862 923 863 922 864 882 885 883
845 864 904 884 905 886 887 924
906 904 864 885 845 905 887 888
885 906 888 905 847 886 904 846
904 865 905 847 886 887 907 906
925 835 873 897 850 849 910 868
874 911 875 898 912 869 870 899
917 879 857 878 914 913 892 853
903 913 893 891 853 914 844 854
892 854 914 903 891 902 844 894
843 871 893 900 915 876 895 902
872 877 896 876 901 871 900 915
916 876 895 877 901 871 872 900
868 909 898 889 873 925 910 932
912 933 890 874 911 899 869 926
898 911 890 875 912 870 926 927
896 877 916 930 876 895 901 915
931 900 895 915 876 877 916 896
900 934 915 955 894 876 930 895
913 894 892 893 902 953 914 954
885 906 924 888 905 886 944 887
945 886 887 906 888 907 904 929
887 904 908 888 907 929 905 886
951 929 928 909 905 888 906 908
928 909 929 950 888 951 907 906
928 908 907 910 897 950 929 906
928 873 889 925 932 947 897 909
933 926 912 898 890 899 927 874
948 898 933 927 899 890 911 926
917 936 878 952 914 918 892 891
892 893 913 954 903 952 891 953
935 901 930 916 934 900 895 931
901 896 935 934 931 900 930 915
918 891 913 878 936 937 879 952
879 938 919 913 878 937 917 936
939 918 917 920 938 880 879 937
880 938 921 881 939 940 919 882
941 883 922 939 920 881 940 882
923 883 941 884 882 940 921 942
943 884 924 942 941 883 921 922
943 923 945 905 944 904 886 885
928 909 897 947 932 910 889 961
933 927 912 898 890 948 911 962
926 911 912 948 963 933 949 899
951 925 950 932 908 929 907 909
907 960 906 945 951 908 946 905
934 931 957 915 916 956 900 935
901 934 935 930 957 916 956 915
947 969 910 925 897 928 961 967
911 927 912 963 948 949 926 962
964 956 916 957 930 935 915 931
934 957 930 916 931 965 956 915
985 973 937 917 952 918 913 986
986 936 917 938 919 952 985 918
984 920 918 936 919 985 939 937
940 919 983 921 920 984 982 938
982 922 939 941 981 921 920 983
922 921 980 981 982 942 923 940
940 980 981 943 924 941 923 922
904 945 958 942 979 944 959 924
924 943 958 946 945 959 904 960
951 946 944 929 943 958 959 960
958 945 944 960 951 929 959 966
978 967 910 932 961 950 925 969
949 933 968 962 927 926 911 963
963 933 962 927 972 912 948 968
977 908 978 951 909 966 928 967
966 959 960 929 946 945 950 977
936 953 974 917 913 973 937 986
973 913 903 974 914 954 952 970
903 970 955 953 914 971 974 952
954 956 975 930 964 902 934 971
934 957 935 965 930 964 975 931
976 930 931 934 956 964 935 965
944 945 959 943 960 989 946 979
946 960 945 990 966 944 951 958
977 946 944 958 945 951 959 966
967 978 1000 950 969 932 925 947
949 948 963 968 926 933 972 996
972 968 948 995 927 949 933 962
987 935 976 957 975 965 934 956
976 935 957 988 956 987 964 975
991 950 946 1006 1005 977 960 951
1002 1000 978 961 950 1001 947 969
972 963 933 962 995 948 997 996
1000 1001 947 967 978 932 999 961
955 954 973 971 953 1018 974 1019
1007 1020 975 934 964 956 955 987
963 992 994 993 995 949 962 968
952 953 936 974 1009 1017 986 985
953 952 1019 973 1017 970 954 1018
988 976 1007 987 1008 964 965 956
975 988 987 965 1007 964 957 1008
1005 1006 1004 960 1003 951 966 991
1002 999 1003 967 969 1001 961 1000
958 989 943 1016 944 990 959 980
1015 1014 1016 942 981 941 982 979
1015 941 942 980 1014 1013 940 982
939 1014 981 983 940 941 1012 1013
939 938 1013 984 1011 1012 982 940
1010 937 983 1011 985 1012 938 986
986 984 1011 1010 936 1009 937 973
985 1017 952 936 1009 1010 973 937
976 975 1007 1021 1008 988 1022 964
976 987 1007 975 965 1008 1022 1021
1023 1025 990 1024 958 991 1016 979
1023 1024 1006 1025 958 989 991 959
989 977 990 1023 1005 1025 1024 1006
993 996 972 1030 995 1039 1054 994
992 1029 1039 996 994 1030 972 995
992 996 972 1030 995 1029 1039 993
1029 993 997 1038 968 996 1030 994
995 997 998 994 999 968 1029 1038
998 999 996 1000 968 995 1038 1029
997 996 1029 999 1000 1028 1001 995
1027 997 1028 1001 1000 1037 969 998
978 1001 1027 969 1002 998 999 1028
978 1036 1028 1002 1027 1000 1003 999
1001 1000 978 1028 1036 1027 1003 1004
1001 1027 1002 978 1004 1036 1026 1005
1027 1026 1002 1006 977 1003 1005 1035
1026 991 1006 1035 1004 1003 966 977
1005 1035 1026 990 1004 1025 977 991
1021 976 1031 975 987 1022 1008 988
1022 1021 987 975 988 1007 976 1032
973 1040 986 1010 1044 1017 1045 985
1017 984 985 1044 1009 986 1045 1011
1012 984 985 983 1009 1010 1046 1045
983 1047 984 1048 1011 1013 1046 982
981 1014 982 1047 983 1049 1012 1048
980 982 1049 1048 981 1015 1050 1013
980 1050 1014 1013 1049 979 1016 981
1024 979 980 1051 990 1015 989 1023
1018 1040 1044 973 1041 1010 1009 986
973 1017 1040 1034 1019 974 1041 970
974 1018 1017 1041 970 1034 1020 1033
1031 1042 1033 1007 987 1019 1021 971
988 1007 987 1032 1042 1022 1008 1031
1032 1043 1031 1021 987 1007 988 1008
1016 1024 1067 991 1025 990 989 1051
990 991 1025 989 1023 1066 1026 1006
1052 1006 1023 1026 991 1024 1035 990
1052 1003 1004 991 1035 1006 1025 1005
1001 1003 1037 1002 1000 1028 1036 1053
1053 1000 999 1027 1036 1037 1001 998
1038 1030 994 997 995 1039 998 996
1039 992 995 1054 1029 994 1038 993
1008 1007 1021 1043 1055 1032 1022 1042
1021 1022 1056 1031 1008 1042 1043 1007
1007 1031 1042 1021 1068 1055 1020 1089
1040 1019 1087 1018 1041 1020 1033 1088
1025 1065 1006 1026 1004 1064 1005 1052
1037 1001 1027 1053 1057 1002 1063 1028
1058 1027 1063 1000 1053 1028 1036 1057
996 1029 1060 1030 1061 1062 1039 1059
994 1061 1030 1029 1038 1054 1060 995
1070 1086 1041 1044 1018 1017 1009 1045
1017 1086 1019 1034 1087 1088 1018 1040
1032 1021 1055 1031 1068 1043 1069 1056
1032 1069 1022 1031 1056 1042 1068 1055
1086 1040 1070 1010 1071 1045 1017 1009
1072 1010 1070 1040 1044 1071 1046 1009
1073 1011 1072 1071 1010 1044 1047 1045
1012 1074 1048 1011 1072 1073 1013 1046
1012 1014 1047 1013 1075 1074 1049 1073
1076 1015 1013 1048 1075 1050 1074 1014
1015 1014 1076 1077 1048 1049 1051 1075
1050 1078 1066 1077 1067 1016 1023 1024
1035 1025 1065 1026 1081 1080 1092 1064
1082 1028 1037 1036 1063 1027 1057 1083
1084 1097 1038 1060 1061 1030 1039 1085
1091 1043 1069 1031 1068 1056 1042 1090
1069 1042 1043 1055 1068 1090 1091 1032
1053 1037 1083 1059 1082 1063 1058 1095
1037 1062 1083 1059 1095 1063 1053 1057
1083 1062 1061 1057 1037 1058 1038 1084
1062 1085 1038 1061 1039 1054 1096 1084
1062 1054 1084 1096 1059 1038 1039 1060
1084 1038 1060 1058 1057 1061 1059 1096
1037 1082 1036 1083 1058 1057 1053 1095
1065 1094 1093 1080 1035 1092 1052 1081
1081 1079 1067 1052 1080 1078 1066 1064
1065 1064 1078 1067 1024 1079 1080 1077
1078 1077 1079 1066 1023 1080 1065 1051
1090 1056 1042 1055 1091 1098 1043 1069
1043 1042 1056 1068 1099 1090 1055 1091
1086 1071 1110 1045 1044 1105 1109 1040
1044 1070 1109 1045 1086 1110 1072 1046
1047 1110 1111 1071 1046 1070 1073 1045
1113 1112 1047 1048 1111 1046 1072 1074
1113 1073 1112 1049 1114 1075 1047 1048
1076 1049 1114 1113 1115 1048 1050 1074
1075 1114 1049 1074 1115 1051 1077 1050
1079 1078 1117 1116 1067 1066 1051 1076
1080 1077 1065 1067 1066 1079 1117 1051
1092 1065 1078 1118 1067 1066 1077 1080
1065 1078 1079 1064 1066 1081 1092 1067
1064 1093 1052 1065 1094 1092 1080 1079
1053 1063 1102 1094 1057 1095 1058 1083
1063 1082 1095 1058 1053 1059 1057 1102
1062 1097 1059 1096 1103 1061 1085 1060
1103 1060 1054 1104 1097 1061 1096 1084
1070 1109 1040 1105 1071 1087 1106 1044
1040 1086 1088 1034 1106 1041 1101 1105
1086 1087 1089 1100 1041 1101 1106 1034
1098 1090 1055 1100 1107 1033 1068 1088
1091 1099 1107 1098 1056 1055 1068 1069
1068 1069 1090 1098 1055 1099 1056 1108
1065 1081 1093 1079 1064 1080 1094 1119
1080 1092 1064 1052 1119 1082 1081 1094
1063 1093 1092 1064 1082 1081 1095 1052
1063 1083 1124 1102 1057 1058 1120 1082
1061 1103 1084 1085 1062 1060 1097 1121
1121 1060 1103 1104 1085 1096 1061 1084
1091 1068 1099 1107 1069 1122 1090 1108
1123 1068 1090 1069 1108 1091 1107 1098
1098 1068 1090 1122 1127 1089 1107 1149
1105 1106 1088 1100 1147 1087 1148 1089
1095 1143 1083 1082 1057 1063 1124 1120
1096 1097 1061 1084 1144 1121 1104 1125
1085 1096 1097 1125 1145 1121 1126 1103
1129 1109 1110 1087 1106 1070 1086 1146
1148 1105 1086 1087 1146 1147 1088 1101
1090 1122 1108 1127 1098 1128 1123 1099
1128 1098 1099 1122 1127 1123 1091 1107
1070 1071 1086 1129 1110 1146 1105 1130
1111 1071 1109 1130 1129 1105 1131 1070
1072 1132 1130 1112 1071 1109 1131 1110
1113 1133 1131 1072 1111 1132 1073 1074
1075 1112 1133 1132 1073 1074 1134 1114
1115 1113 1076 1135 1134 1075 1074 1133
1075 1136 1134 1114 1116 1076 1135 1113
1136 1078 1117 1077 1138 1118 1137 1115
1119 1138 1139 1136 1137 1118 1078 1116
1139 1138 1080 1137 1117 1079 1119 1116
1137 1092 1138 1117 1118 1080 1140 1139
1143 1124 1082 1102 1095 1152 1121 1083
1097 1103 1104 1145 1125 1144 1096 1126
1151 1128 1150 1108 1123 1107 1098 1127
1122 1127 1099 1150 1151 1128 1107 1108
1152 1142 1095 1143 1102 1161 1083 1120
1144 1153 1121 1145 1162 1103 1126 1096
1154 1121 1145 1097 1153 1125 1104 1144
1150 1128 1151 1157 1107 1123 1108 1122
1107 1150 1122 1127 1158 1151 1108 1123
1146 1163 1167 1110 1168 1130 1105 1109
1146 1110 1129 1111 1131 1167 1168 1109
1130 1129 1169 1168 1111 1110 1112 1132
1113 1133 1171 1111 1170 1131 1112 1169
1171 1112 1170 1114 1113 1172 1132 1134
1114 1173 1135 1172 1115 1113 1133 1171
1136 1134 1173 1114 1133 1115 1116 1172
1117 1116 1137 1138 1118 1174 1135 1175
1119 1136 1116 1118 1117 1139 1138 1175
1136 1156 1139 1117 1140 1119 1137 1118
1141 1117 1138 1140 1118 1156 1119 1137
1142 1141 1139 1156 1155 1182 1138 1119
1155 1139 1156 1182 1119 1181 1140 1142
1155 1141 1181 1143 1139 1156 1152 1140
1161 1142 1152 1155 1102 1178 1120 1124
1125 1153 1121 1162 1179 1126 1145 1154
1153 1179 1125 1162 1121 1144 1154 1126
1167 1147 1109 1164 1129 1105 1130 1163
1146 1163 1105 1164 1101 1106 1148 1160
1106 1149 1159 1101 1146 1164 1160 1147
1165 1127 1122 1157 1148 1100 1159 1150
1123 1122 1151 1158 1128 1165 1127 1157
1122 1127 1128 1123 1150 1166 1158 1157
1178 1188 1161 1143 1155 1120 1124 1142
1154 1125 1145 1144 1162 1189 1179 1121
1144 1126 1153 1145 1179 1162 1190 1180
1181 1161 1142 1152 1182 1141 1156 1140
1182 1176 1140 1138 1187 1177 1141 1139
1158 1127 1150 1183 1128 1166 1165 1151
1128 1184 1166 1150 1127 1151 1165 1157
1165 1183 1157 1150 1149 1127 1209 1191
1148 1207 1163 1208 1149 1159 1147 1164
1178 1188 1155 1194 1124 1143 1196 1152
1154 1144 1179 1180 1190 1189 1153 1145
1167 1146 1204 1129 1147 1168 1164 1206
1163 1207 1148 1147 1206 1208 1160 1146
1157 1158 1150 1184 1191 1183 1166 1192
1192 1184 1165 1157 1191 1158 1151 1183
1163 1146 1203 1204 1129 1206 1130 1168
1163 1129 1169 1130 1204 1203 1167 1202
1167 1201 1130 1202 1170 1131 1168 1203
1201 1171 1131 1202 1133 1200 1132 1169
1201 1133 1170 1172 1132 1134 1200 1199
1198 1135 1199 1171 1173 1134 1133 1200
1134 1135 1172 1171 1198 1199 1174 1197
1197 1173 1186 1175 1176 1136 1137 1185
1174 1185 1197 1137 1187 1186 1176 1177
1187 1185 1182 1138 1175 1177 1186 1156
1187 1176 1156 1175 1193 1186 1185 1182
1161 1194 1188 1196 1143 1181 1152 1213
1144 1180 1189 1190 1154 1195 1153 1162
1154 1145 1205 1189 1162 1195 1190 1179
1141 1142 1182 1193 1213 1155 1194 1212
1181 1156 1212 1177 1193 1187 1176 1186
1157 1192 1184 1210 1165 1166 1191 1211
1183 1192 1211 1166 1191 1165 1210 1158
1187 1186 1176 1197 1174 1218 1175 1177
1193 1177 1182 1187 1175 1176 1185 1219
1175 1182 1176 1186 1177 1185 1193 1212
1181 1196 1213 1152 1194 1178 1229 1161
1190 1162 1180 1225 1153 1195 1205 1179
1180 1205 1179 1195 1224 1189 1154 1162
1214 1211 1166 1183 1165 1184 1210 1192
1215 1191 1184 1210 1211 1165 1183 1166
1182 1220 1187 1177 1181 1212 1234 1235
1196 1178 1188 1213 1229 1230 1181 1231
1189 1226 1162 1179 1224 1205 1225 1190
1194 1229 1178 1230 1228 1213 1188 1161
1245 1218 1174 1175 1219 1185 1198 1186
1173 1199 1174 1200 1172 1197 1244 1243
1243 1200 1244 1172 1242 1198 1173 1171
1201 1172 1170 1243 1171 1199 1241 1242
1200 1242 1169 1241 1240 1171 1202 1170
1168 1203 1201 1170 1239 1204 1169 1240
1206 1168 1238 1169 1167 1239 1202 1204
1163 1168 1236 1203 1206 1167 1238 1239
1223 1222 1190 1189 1221 1224 1180 1195
1238 1204 1203 1163 1207 1236 1237 1167
1208 1160 1237 1163 1217 1164 1206 1236
1160 1246 1209 1217 1207 1164 1237 1216
1159 1247 1183 1214 1216 1210 1248 1191
1191 1184 1183 1215 1192 1211 1214 1165
1192 1166 1215 1214 1183 1210 1184 1191
1182 1235 1234 1220 1232 1187 1233 1193
1196 1231 1194 1228 1229 1230 1188 1232
1191 1183 1216 1215 1192 1211 1210 1209
1183 1214 1210 1192 1211 1184 1166 1191
1248 1214 1247 1209 1217 1246 1210 1191
1208 1246 1209 1216 1237 1247 1207 1248
1186 1187 1219 1235 1245 1197 1220 1185
1186 1185 1212 1218 1235 1187 1220 1245
1219 1234 1235 1186 1212 1218 1193 1187
1180 1224 1190 1205 1195 1225 1223 1222
1224 1221 1225 1226 1223 1205 1195 1190
1222 1195 1190 1221 1226 1225 1205 1224
1225 1195 1221 1223 1226 1205 1227 1222
1224 1205 1228 1195 1226 1227 1223 1222
1189 1224 1229 1227 1195 1223 1225 1228
1196 1226 1224 1195 1229 1225 1230 1228
1225 1196 1230 1231 1226 1227 1229 1213
1196 1228 1231 1227 1213 1230 1226 1232
1213 1231 1194 1196 1232 1228 1229 1233
1233 1234 1229 1194 1232 1230 1213 1228
1229 1230 1233 1213 1235 1231 1212 1234
1230 1232 1212 1235 1231 1193 1234 1213
1231 1219 1232 1220 1233 1235 1193 1212
1232 1233 1220 1218 1234 1193 1212 1219
1206 1217 1204 1203 1207 1237 1238 1239
1207 1206 1238 1247 1246 1217 1236 1208
1237 1203 1202 1204 1206 1240 1239 1236
1168 1204 1236 1202 1240 1238 1203 1206
1239 1169 1201 1204 1202 1241 1238 1203
1242 1243 1170 1202 1201 1239 1200 1240
1200 1201 1243 1171 1244 1198 1199 1241
1244 1198 1200 1242 1245 1199 1241 1172
1198 1197 1243 1173 1199 1200 1242 1245
1244 1197 1220 1186 1218 1185 1198 1219
1209 1247 1217 1207 1237 1216 1248 1208
1246 1248 1208 1217 1216 1209 1214 1237
1217 1214 1246 1210 1208 1247 1216 1209
1271 789 1272 1251 767 768 769 1250
1270 1251 1249 1272 768 767 1271 766
1249 1270 1252 766 1271 1250 1269 767
1268 1253 766 764 1251 765 1270 1269
764 1252 765 1268 1254 763 1269 1267
764 1253 1267 1266 1268 762 1255 763
1267 1256 1253 762 1266 763 1254 761
1255 761 1266 762 760 1264 1257 1265
761 760 1264 759 1265 1263 1256 1258
1263 759 758 1257 760 1264 1262 1259
759 758 1260 1258 1262 1257 1263 757
757 758 1262 1261 772 756 1259 755
1258 757 1260 755 1262 756 1259 1263
1264 1258 1263 1259 1261 1257 758 1260
1264 1262 1259 1256 1261 1258 1257 1265
1263 1259 1258 1262 1266 1265 1256 1257
1256 1266 1263 1255 1264 1257 1267 1258
1265 1268 1256 1264 1255 1267 1253 1254
1252 1255 1268 1269 1253 1265 1254 1266
1266 764 1269 1252 1254 1255 1267 1253
1268 1267 1254 1271 1251 1270 1252 1253
1269 1271 1272 1251 1268 1249 1252 1250
1250 1251 1252 767 1270 1269 1272 1249
1271 1270 768 767 1251 769 1249 1250
1270 1650 1651 1300 1275 1269 1654 1274
1650 1270 1273 1651 1269 1300 1654 1275
1274 1654 1651 1269 1273 1310 1268 1300
1294 1279 1292 1277 1293 1291 1301 1278
1278 1294 1291 1276 1280 1301 1279 1292
1277 1295 1279 1276 1280 1301 1294 1281
1282 1280 1294 1278 1295 1281 1276 1277
1277 1302 1278 1283 1279 1281 1295 1282
1302 1278 1282 1279 1295 1280 1298 1283
1280 1283 1281 1295 1279 1285 1298 1284
1285 1295 1280 1284 1286 1282 1298 1281
1281 1285 1283 1297 1287 1298 1282 1286
1287 1282 1284 1283 1304 1297 1288 1286
1296 1287 1283 1288 1289 1285 1297 1284
1284 1297 1296 1289 1288 1285 1290 1286
1290 1296 1286 1303 1287 1297 1289 1285
1287 1303 1290 1286 1288 1297 1285 1296
1303 1297 1296 1287 1288 1313 1289 1286
1276 1294 1277 1293 1307 1292 1306 1301
1306 1308 1294 1277 1293 1276 1307 1291
1276 1318 1317 1292 1307 1306 1291 1308
1276 1301 1311 1278 1306 1279 1277 1291
1281 1280 1282 1298 1305 1302 1279 1278
1290 1289 1304 1287 1303 1288 1297 1313
1285 1314 1287 1296 1286 1324 1303 1304
1315 1323 1283 1302 1295 1282 1305 1281
1319 1321 1330 1300 1310 1320 1322 1309
1321 1310 1320 1309 1275 1299 1331 1319
1312 1316 1291 1277 1311 1306 1294 1276
1315 1279 1305 1298 1295 1281 1280 1312
1297 1324 1304 1325 1314 1287 1296 1313
1313 1297 1324 1303 1328 1314 1296 1286
1302 1323 1329 1315 1298 1312 1282 1295
1308 1294 1318 1301 1316 1307 1311 1317
1301 1317 1311 1292 1318 1316 1308 1306
1306 1316 1311 1292 1307 1318 1293 1317
1330 1299 1319 1320 1310 1322 1321 1300
1299 1309 1321 1319 1322 1300 1331 1320
1327 1294 1316 1307 1317 1301 1306 1312
1302 1295 1336 1326 1301 1311 1294 1335
1297 1325 1304 1296 1314 1332 1303 1324
1325 1313 1304 1324 1303 1328 1297 1333
1302 1334 1295 1329 1323 1305 1312 1298
1301 1318 1327 1307 1311 1306 1308 1317
1308 1318 1327 1306 1339 1311 1307 1316
1316 1307 1306 1317 1308 1311 1339 1340
1330 1300 1321 1299 1310 1309 1322 1320
1321 1300 1299 1331 1309 1310 1322 1319
1320 1330 1322 1331 1310 1319 1300 1309
1319 1299 1330 1331 1321 1310 1309 1320
1302 1329 1315 1298 1334 1326 1305 1343
1332 1313 1333 1328 1314 1303 1325 1304
1333 1332 1313 1324 1341 1303 1314 1328
1312 1323 1335 1337 1327 1336 1329 1311
1338 1337 1317 1306 1311 1336 1339 1316
1332 1333 1342 1344 1314 1325 1304 1324
1323 1315 1345 1334 1326 1305 1343 1335
1321 1299 1309 1319 1322 1331 1320 1310
1300 1310 1309 1320 1322 1330 1321 1319
1314 1344 1324 1333 1328 1325 1341 1342
1342 1344 1341 1324 1332 1328 1314 1325
1323 1343 1345 1315 1335 1329 1351 1326
1312 1336 1329 1326 1334 1337 1327 1338
1346 1338 1327 1311 1337 1312 1326 1335
1338 1327 1326 1339 1336 1335 1346 1311
1336 1347 1348 1327 1337 1346 1339 1340
1338 1347 1317 1346 1337 1340 1348 1327
1317 1327 1338 1318 1347 1339 1348 1346
1344 1353 1342 1328 1325 1332 1333 1349
1333 1332 1350 1354 1344 1324 1341 1328
1351 1323 1329 1334 1345 1355 1335 1342
1341 1350 1354 1353 1342 1333 1349 1332
1343 1362 1351 1334 1323 1361 1329 1355
1340 1348 1364 1358 1337 1347 1339 1338
1338 1364 1340 1346 1348 1366 1365 1339
1346 1365 1347 1364 1339 1338 1340 1366
1344 1341 1332 1350 1359 1342 1353 1354
1342 1360 1333 1353 1349 1344 1354 1376
1362 1343 1345 1334 1372 1373 1361 1355
1347 1381 1340 1367 1368 1348 1366 1365
1349 1354 1344 1359 1360 1377 1376 1350
1377 1376 1375 1353 1350 1344 1360 1359
1351 1372 1374 1361 1345 1362 1373 1371
1380 1357 1370 1363 1358 1362 1355 1371
1356 1358 1362 1363 1369 1380 1364 1370
1370 1357 1356 1346 1363 1364 1369 1365
1376 1377 1360 1353 1349 1354 1350 1378
1359 1353 1350 1375 1377 1354 1376 1374
1379 1355 1372 1351 1373 1374 1362 1371
1355 1361 1373 1351 1372 1379 1356 1371
1356 1357 1364 1369 1380 1370 1386 1358
1370 1365 1369 1367 1366 1363 1358 1368
1364 1368 1369 1347 1367 1366 1363 1358
1347 1364 1346 1369 1367 1348 1365 1368
1364 1392 1366 1369 1368 1393 1365 1394
1367 1366 1370 1365 1364 1369 1392 1393
1363 1368 1365 1366 1367 1380 1370 1364
1369 1356 1386 1358 1380 1357 1363 1364
1384 1379 1362 1385 1361 1373 1372 1355
1373 1371 1355 1374 1361 1384 1362 1379
1355 1372 1371 1374 1379 1361 1384 1375
1360 1375 1373 1376 1361 1354 1383 1372
1377 1354 1383 1373 1360 1376 1372 1374
1378 1354 1377 1374 1360 1375 1383 1382
1354 1359 1360 1378 1382 1383 1375 1376
1353 1376 1377 1383 1382 1359 1387 1360
1371 1390 1389 1385 1372 1384 1361 1362
1369 1386 1392 1391 1370 1363 1364 1358
1368 1394 1393 1366 1367 1412 1352 1365
1407 1377 1383 1387 1388 1376 1378 1406
1376 1377 1387 1375 1382 1388 1404 1405
1389 1371 1401 1372 1385 1373 1390 1379
1400 1399 1379 1371 1390 1389 1384 1372
1391 1392 1395 1396 1370 1397 1369 1380
1408 1383 1409 1388 1382 1406 1378 1407
1405 1387 1406 1382 1403 1407 1383 1404
1385 1379 1400 1399 1401 1390 1384 1402
1385 1401 1400 1384 1389 1399 1398 1379
1386 1397 1392 1398 1395 1410 1380 1396
1412 1393 1391 1394 1395 1411 1386 1410
1411 1410 1391 1412 1395 1394 1368 1392
1412 1392 1368 1367 1411 1410 1369 1393
1386 1396 1410 1392 1397 1411 1413 1391
1410 1419 1398 1395 1397 1391 1413 1386
1386 1391 1413 1398 1399 1390 1395 1396
1396 1385 1390 1400 1391 1414 1399 1397
1389 1398 1414 1401 1385 1390 1400 1397
1399 1390 1398 1402 1414 1401 1389 1385
1403 1384 1400 1402 1390 1414 1389 1399
1417 1403 1389 1400 1404 1401 1384 1390
1406 1400 1388 1389 1405 1401 1404 1402
1402 1405 1388 1416 1383 1406 1401 1403
1407 1416 1383 1403 1404 1402 1388 1406
1383 1388 1387 1416 1404 1408 1405 1407
1409 1408 1388 1387 1415 1406 1382 1405
1407 1382 1409 1388 1405 1415 1406 1387
1378 1408 1415 1405 1407 1387 1382 1406
1413 1393 1394 1412 1396 1395 1392 1411
1410 1392 1393 1394 1424 1395 1412 1423
1425 1394 1411 1410 1424 1392 1393 1395
1397 1423 1426 1419 1398 1410 1395 1396
1418 1401 1399 1422 1402 1417 1398 1400
1406 1420 1421 1416 1407 1428 1409 1408
1421 1415 1406 1429 1405 1435 1420 1404
1430 1401 1400 1414 1434 1418 1422 1402
1430 1414 1398 1422 1399 1417 1427 1400
1413 1395 1431 1410 1423 1396 1426 1427
1429 1406 1421 1428 1416 1436 1435 1415
1420 1428 1429 1416 1435 1415 1440 1405
1430 1427 1418 1434 1414 1417 1439 1401
1432 1419 1424 1425 1431 1413 1433 1426
1423 1431 1411 1432 1433 1419 1425 1426
1423 1433 1424 1426 1412 1431 1411 1432
1438 1432 1424 1413 1423 1419 1427 1431
1445 1413 1419 1426 1437 1444 1418 1414
1416 1415 1441 1421 1420 1429 1436 1435
1416 1436 1435 1420 1440 1428 1421 1442
1418 1422 1427 1434 1414 1439 1443 1417
1419 1433 1438 1432 1425 1423 1426 1424
1423 1433 1426 1448 1438 1424 1425 1431
1424 1425 1423 1426 1432 1449 1431 1448
1422 1439 1418 1443 1430 1437 1452 1417
1441 1428 1429 1421 1442 1420 1436 1440
1435 1440 1450 1441 1428 1420 1442 1429
1434 1444 1426 1445 1438 1427 1446 1439
1448 1426 1445 1447 1431 1423 1446 1432
1434 1443 1452 1444 1430 1462 1422 1437
1463 1441 1435 1421 1436 1442 1429 1451
1442 1450 1435 1429 1436 1463 1451 1440
1436 1451 1435 1463 1441 1429 1440 1450
1462 1452 1439 1437 1434 1444 1472 1430
1437 1439 1443 1438 1445 1446 1447 1427
1438 1446 1447 1461 1437 1444 1427 1426
1445 1448 1447 1461 1444 1426 1438 1437
1449 1461 1438 1460 1445 1446 1448 1459
1449 1461 1432 1438 1446 1459 1460 1447
1448 1433 1453 1464 1460 1459 1461 1447
1440 1436 1451 1470 1442 1463 1441 1479
1471 1463 1441 1435 1440 1480 1442 1450
1451 1462 1444 1434 1472 1443 1481 1439
1449 1464 1461 1460 1485 1448 1459 1473
1474 1464 1466 1475 1465 1486 1455 1453
1456 1474 1466 1465 1486 1475 1467 1454
1455 1468 1477 1526 1466 1457 1476 1467
1468 1528 1456 1458 1477 1476 1467 1469
1530 1529 1478 1531 1457 1469 1477 1468
1448 1453 1473 1449 1460 1464 1447 1461
1464 1448 1449 1453 1447 1459 1461 1493
1459 1484 1447 1492 1449 1460 1448 1446
1490 1481 1443 1452 1472 1489 1463 1439
1471 1470 1450 1480 1479 1451 1441 1442
1453 1460 1448 1449 1459 1473 1494 1485
1474 1464 1453 1486 1466 1455 1475 1454
1475 1523 1454 1465 1486 1474 1522 1455
1525 1457 1526 1456 1468 1527 1477 1476
1477 1527 1528 1457 1476 1529 1456 1467
1530 1477 1457 1478 1468 1529 1531 1458
1487 1471 1441 1479 1451 1463 1450 1480
1451 1479 1488 1463 1442 1480 1470 1504
1443 1462 1452 1500 1501 1489 1490 1481
1493 1495 1459 1494 1464 1460 1453 1485
1455 1486 1466 1522 1473 1454 1475 1465
1465 1486 1466 1523 1524 1522 1455 1474
1525 1477 1457 1467 1468 1526 1456 1527
1527 1528 1457 1456 1467 1476 1529 1468
1531 1468 1469 1530 1458 1529 1477 1457
1471 1470 1505 1488 1463 1504 1487 1480
1503 1471 1487 1504 1479 1505 1463 1488
1472 1501 1489 1502 1490 1462 1499 1500
1490 1484 1498 1483 1481 1499 1508 1491
1484 1492 1491 1482 1508 1498 1490 1497
1493 1497 1492 1491 1498 1461 1482 1483
1464 1495 1494 1453 1496 1459 1473 1493
1523 1466 1485 1465 1475 1474 1454 1522
1471 1504 1480 1506 1470 1488 1505 1479
1479 1480 1504 1502 1505 1471 1487 1503
1481 1472 1500 1501 1490 1499 1507 1502
1489 1472 1482 1501 1481 1507 1500 1499
1492 1483 1484 1513 1497 1482 1508 1498
1498 1493 1484 1496 1497 1491 1495 1494
1460 1494 1492 1484 1485 1495 1496 1497
1459 1497 1495 1492 1496 1485 1493 1473
1492 1521 1494 1520 1496 1485 1497 1493
1497 1493 1495 1519 1492 1520 1494 1498
1508 1494 1491 1495 1493 1498 1492 1496
1497 1491 1482 1483 1508 1513 1484 1492
1481 1500 1489 1507 1512 1511 1490 1501
1481 1507 1502 1511 1489 1501 1499 1490
1500 1502 1489 1503 1511 1490 1499 1481
1489 1510 1488 1501 1500 1503 1480 1504
1488 1510 1504 1502 1500 1480 1505 1501
1502 1509 1510 1488 1503 1505 1480 1506
1504 1503 1506 1480 1488 1487 1510 1509
1504 1509 1505 1479 1514 1487 1510 1488
1512 1499 1490 1517 1511 1489 1516 1500
1491 1492 1498 1513 1497 1484 1519 1518
1504 1503 1515 1506 1505 1488 1514 1510
1504 1505 1514 1515 1506 1502 1503 1509
1516 1512 1500 1517 1499 1501 1502 1507
1501 1516 1499 1507 1490 1517 1511 1500
1520 1519 1498 1492 1497 1508 1518 1491
1504 1487 1515 1505 1510 1509 1503 1506
1502 1514 1510 1504 1503 1506 1505 1509
1501 1507 1500 1511 1502 1512 1499 1517
1516 1501 1518 1499 1500 1512 1511 1507
1491 1517 1519 1508 1513 1498 1520 1497
1521 1508 1513 1497 1520 1498 1518 1496
1508 1495 1496 1521 1497 1513 1518 1519
1496 1494 1519 1520 1495 1518 1493 1497
1525 1475 1524 1541 1486 1466 1523 1540
1539 1540 1524 1526 1475 1525 1541 1522
1523 1526 1525 1527 1475 1476 1522 1539
1526 1528 1527 1476 1538 1523 1522 1524
1524 1529 1525 1476 1527 1528 1523 1537
1524 1525 1526 1476 1529 1477 1536 1528
1530 1531 1477 1525 1529 1527 1526 1535
1531 1526 1527 1530 1534 1528 1533 1477
1528 1533 1529 1477 1531 1527 1478 1532
1529 1469 1534 1528 1530 1532 1478 1533
1533 1530 1531 1536 1534 1529 1535 1528
1535 1532 1531 1543 1534 1529 1530 1536
1529 1536 1537 1533 1543 1532 1528 1535
1537 1533 1536 1532 1528 1538 1534 1543
1535 1534 1533 1539 1537 1538 1527 1543
1536 1526 1534 1540 1538 1539 1543 1535
1540 1536 1535 1539 1537 1543 1525 1542
1536 1524 1540 1542 1538 1541 1523 1537
1538 1541 1539 1523 1524 1542 1537 1522
1540 1524 1537 1523 1542 1538 1539 1522
1539 1536 1541 1537 1538 1540 1543 1523
1533 1542 1537 1539 1534 1536 1535 1538
1545 1548 1546 1553 1547 1552 1558 1551
1552 1546 1544 1548 1553 1551 1554 1547
1553 1552 1551 1554 1545 1547 1548 1544
1558 1554 1550 1552 1549 1548 1553 1551
1554 1547 1552 1555 1550 1551 1553 1549
1552 1555 1550 1551 1556 1554 1547 1548
1549 1556 1554 1552 1557 1548 1551 1555
1554 1552 1553 1550 1547 1548 1557 1555
1557 1553 1558 1547 1554 1548 1551 1550
1552 1559 1554 1557 1558 1548 1551 1547
1552 1553 1558 1551 1548 1555 1560 1557
1561 1549 1548 1550 1554 1556 1551 1557
1554 1550 1561 1560 1557 1555 1562 1551
1563 1559 1556 1553 1558 1560 1551 1554
1551 1557 1560 1554 1553 1564 1559 1552
1553 1564 1566 1558 1560 1565 1563 1557
1564 1558 1559 1561 1554 1566 1557 1563
1562 1557 1566 1556 1560 1563 1567 1555
1557 1556 1560 1563 1566 1567 1561 1568
1557 1559 1566 1569 1564 1565 1560 1562
1570 1565 1557 1560 1559 1563 1566 1558
1560 1566 1569 1570 1564 1559 1563 1571
1565 1563 1560 1567 1569 1564 1572 1570
1573 1562 1566 1563 1561 1568 1569 1560
1575 1567 1572 1566 1569 1562 1573 1574
1575 1563 1568 1570 1565 1571 1566 1572
1571 1564 1576 1575 1566 1569 1565 1572
1565 1572 1566 1570 1576 1577 1569 1575
1578 1569 1566 1573 1576 1570 1575 1571
1575 1579 1567 1574 1572 1566 1569 1568
1580 1569 1573 1575 1579 1572 1578 1568
1574 1578 1577 1576 1581 1569 1571 1572
1572 1575 1578 1571 1577 1582 1581 1570
1578 1581 1572 1571 1582 1575 1576 1583
1579 1581 1576 1572 1577 1582 1575 1584
1580 1574 1575 1578 1573 1581 1585 1572
1585 1581 1590 1584 1578 1589 1579 1574
1582 1580 1583 1577 1589 1584 1578 1575
1577 1575 1583 1588 1584 1576 1578 1581
1592 1577 1582 1593 1588 1581 1589 1584
1582 1592 1589 1588 1578 1585 1581 1583
1590 1581 1589 1591 1592 1580 1579 1584
1583 1587 1577 1593 1582 1594 1588 1584
1601 1586 1588 1593 1600 1594 1583 1582
1582 1593 1583 1594 1592 1581 1584 1589
1592 1593 1595 1588 1584 1590 1583 1581
1589 1584 1596 1580 1581 1591 1585 1592
1597 1592 1590 1589 1596 1584 1585 1595
1588 1589 1591 1595 1598 1594 1593 1584
1589 1588 1583 1599 1598 1595 1592 1594
1592 1599 1593 1589 1602 1598 1588 1595
1596 1593 1589 1594 1599 1603 1592 1598
1590 1589 1597 1598 1604 1592 1595 1591
1603 1596 1598 1591 1605 1595 1604 1592
1595 1606 1603 1594 1602 1599 1592 1597
1603 1593 1598 1602 1607 1592 1594 1595
1608 1602 1603 1593 1607 1594 1599 1601
1594 1600 1607 1593 1586 1587 1599 1602
1594 1606 1607 1609 1603 1608 1598 1599
1602 1606 1604 1595 1607 1609 1598 1599
1598 1610 1597 1596 1605 1606 1603 1609
1603 1610 1604 1598 1609 1606 1597 1611
1609 1602 1605 1607 1608 1598 1612 1603
1609 1608 1613 1598 1606 1603 1599 1602
1614 1603 1609 1607 1613 1606 1612 1602
1613 1615 1603 1607 1606 1612 1608 1610
1606 1611 1616 1603 1604 1612 1605 1609
1616 1612 1610 1605 1606 1617 1609 1615
1615 1618 1609 1611 1606 1608 1614 1613
1608 1609 1607 1606 1615 1614 1612 1619
1609 1613 1619 1612 1618 1608 1620 1615
1614 1613 1619 1621 1612 1618 1609 1616
1622 1617 1615 1621 1618 1612 1611 1610
1616 1611 1623 1624 1622 1618 1615 1621
1617 1619 1621 1624 1612 1620 1614 1615
1624 1621 1625 1620 1615 1618 1613 1614
1626 1625 1624 1615 1614 1618 1619 1621
1619 1615 1627 1618 1624 1620 1625 1622
1617 1628 1627 1618 1621 1616 1623 1624
1617 1618 1621 1624 1628 1629 1627 1622
1621 1630 1620 1625 1623 1618 1626 1627
1627 1631 1630 1621 1626 1619 1620 1624
1631 1620 1625 1624 1621 1634 1627 1630
1621 1635 1631 1630 1625 1628 1624 1626
1629 1624 1623 1630 1636 1622 1627 1621
1635 1630 1623 1627 1624 1636 1637 1628
1627 1629 1626 1638 1631 1635 1634 1624
1627 1639 1626 1630 1634 1624 1625 1635
1630 1640 1639 1626 1633 1634 1631 1625
1630 1625 1626 1634 1631 1640 1632 1639
1635 1641 1631 1638 1640 1626 1630 1639
1630 1631 1639 1641 1627 1638 1634 1636
1638 1637 1629 1642 1641 1628 1630 1635
1638 1635 1630 1642 1629 1641 1643 1636
1634 1637 1639 1630 1635 1644 1640 1641
1640 1631 1641 1635 1638 1645 1634 1630
1641 1645 1648 1639 1634 1638 1647 1644
1635 1638 1644 1640 1647 1645 1639 1642
1641 1643 1644 1635 1637 1638 1636 1646
1644 1638 1646 1641 1642 1647 1636 1637
1648 1638 1647 1640 1642 1643 1645 1641
1647 1639 1638 1641 1648 1644 1649 1640
1644 1643 1642 1637 1647 1641 1648 1645
1643 1642 1648 1645 1640 1641 1646 1644
1641 1644 1640 1647 1653 1645 1652 1649
1645 1640 1653 1647 1652 1648 1639 1644
1633 1651 1649 1652 1273 1653 1654 1632
1274 1273 1652 1649 1275 1650 1654 1653
1648 1644 1653 1645 1647 1649 1651 1640
1654 1651 1647 1648 1645 1644 1649 1652
1274 1275 1650 1652 1273 1651 1649 1653