1 2 3 12 10 9 11 8
9 2 3 4 11 10 12 8
9 1 3 4 11 10 12 8
9 1 2 4 11 10 7 8
9 53 2 3 5 6 7 8
60 64 131 117 4 6 79 78
64 117 53 78 131 5 79 60
9 41 33 39 32 36 35 8
9 12 2 3 4 10 11 7
8 12 2 3 33 10 11 7
8 1 2 3 12 9 11 7
8 24 32 21 12 9 10 7
8 24 21 14 11 9 10 7
16 444 15 22 20 18 17 19
16 13 15 28 21 24 17 20
16 13 14 24 20 28 17 21
15 21 14 13 20 18 17 28
15 28 14 13 20 18 16 19
444 22 445 13 20 17 16 19
29 22 23 13 444 17 445 18
15 21 14 13 28 17 16 18
16 32 14 24 28 33 15 20
26 19 23 445 27 29 444 18
26 25 22 30 27 443 441 440
33 11 14 15 12 21 32 35
26 23 443 31 27 441 30 440
25 23 27 31 30 29 22 440
25 23 26 31 30 29 22 440
16 15 20 13 14 17 40 21
25 23 26 48 30 27 22 19
25 23 31 26 29 27 22 440
25 27 30 26 38 469 37 34
33 45 39 36 24 41 35 7
36 41 39 35 24 45 32 7
468 43 46 469 38 42 37 31
33 41 36 32 39 44 45 7
35 41 39 32 33 44 45 7
46 43 469 58 38 42 34 31
469 43 42 46 37 58 34 31
33 41 44 36 32 35 45 7
49 54 50 65 28 57 48 52
35 39 44 32 45 33 36 63
46 43 38 58 37 469 34 31
61 42 38 47 37 46 34 58
50 41 35 63 45 49 54 39
63 44 54 41 49 36 35 39
43 42 38 58 37 31 34 469
51 71 470 62 58 43 61 66
65 59 55 29 57 69 52 40
50 45 28 40 65 63 54 44
57 49 65 28 40 54 45 44
47 66 470 62 75 43 61 56
40 57 55 69 59 65 72 48
39 41 68 64 36 79 60 7
50 63 65 40 49 44 45 74
57 48 65 69 59 30 52 72
483 471 67 470 76 62 82 51
40 69 55 72 52 59 48 65
42 43 38 66 37 61 70 46
40 55 52 65 72 69 57 48
79 64 53 63 39 41 68 78
80 71 66 47 51 75 58 43
47 470 67 61 51 56 82 75
84 68 41 44 77 74 73 45
73 79 60 41 78 53 6 68
57 50 69 85 54 59 52 72
43 71 58 47 80 61 70 75
83 62 471 82 89 56 76 483
77 60 73 74 41 63 84 45
48 52 72 57 59 65 55 85
66 46 58 71 61 80 90 104
81 66 61 90 75 58 80 70
65 59 52 57 85 48 103 69
91 79 63 68 77 84 93 74
93 84 77 68 97 63 91 73
61 62 80 82 100 71 81 66
83 88 67 89 87 96 94 82
93 91 74 101 63 68 84 73
60 53 64 79 117 5 6 131
64 60 73 116 84 78 101 77
105 71 106 90 75 81 66 70
100 106 75 96 82 71 80 107
83 76 67 100 89 94 96 81
76 88 67 82 87 95 94 89
74 98 68 91 77 73 93 97
65 114 72 69 119 102 103 118
120 92 70 113 69 104 99 90
94 88 108 497 83 95 76 89
76 87 108 109 83 95 94 89
82 76 96 94 83 88 87 108
121 80 92 105 86 104 70 71
98 74 77 102 93 115 84 97
69 120 90 113 104 99 86 103
115 77 97 102 91 74 84 98
83 88 96 89 82 110 76 108
497 87 108 109 83 94 89 88
76 100 82 107 110 111 94 89
74 84 93 115 77 102 91 98
91 77 97 74 93 115 102 84
120 139 104 119 113 103 92 86
96 110 81 94 107 111 106 82
84 115 130 137 132 128 93 116
114 91 118 97 93 98 85 115
114 118 72 92 85 99 119 113
70 86 121 99 120 92 105 90
104 122 80 71 106 90 112 121
111 81 107 112 105 96 100 122
81 110 100 111 112 106 96 122
123 87 95 89 94 88 134 109
124 87 95 88 108 134 144 127
107 89 108 94 111 123 100 96
143 107 96 122 110 106 112 100
143 122 105 121 106 100 111 107
92 119 86 99 103 120 148 139
97 119 91 118 103 85 102 98
132 140 93 102 101 91 98 97
130 132 142 101 128 129 140 137
131 78 129 138 141 156 6 163
85 103 102 113 114 97 157 119
99 118 148 139 103 114 120 113
148 92 139 147 113 99 86 104
104 149 105 112 122 90 106 150
100 112 150 121 106 107 143 111
96 94 146 89 134 108 111 110
135 505 506 109 127 125 144 145
126 504 152 505 506 124 502 135
125 136 507 503 506 504 502 135
145 506 505 144 134 124 109 125
129 116 138 130 137 131 101 142
128 142 138 101 137 116 131 130
116 129 142 140 128 132 137 101
141 130 128 117 156 129 138 142
130 155 116 137 140 101 115 98
136 501 508 507 126 509 500 503
108 109 110 127 144 123 146 95
145 152 505 506 126 124 504 125
501 507 508 160 126 503 504 133
128 140 155 132 130 116 142 129
142 163 117 128 156 129 131 130
170 120 161 99 119 147 148 113
101 132 168 130 116 115 155 137
117 138 131 129 142 5 163 156
138 129 162 128 130 137 164 116
111 112 150 151 153 122 166 158
175 146 134 145 124 109 127 505
109 135 127 506 505 144 134 124
134 151 144 110 167 123 176 108
148 170 169 120 154 139 149 161
171 161 120 139 113 169 170 147
147 139 161 154 177 120 179 148
153 166 143 151 112 158 167 122
166 158 123 167 153 146 143 150
126 506 175 145 136 135 160 125
111 150 166 143 151 167 158 122
149 177 179 161 184 139 147 148
185 137 168 178 140 162 164 172
131 129 141 163 164 142 162 138
119 169 187 114 171 170 165 118
150 151 167 143 153 166 179 122
133 160 173 510 189 182 136 174
136 133 159 152 193 189 174 182
148 154 139 149 171 147 170 169
164 190 155 137 156 172 168 142
156 142 117 138 141 164 131 162
162 172 196 155 156 163 142 190
191 168 186 181 187 157 178 180
158 150 153 143 151 179 167 184
158 176 146 150 153 151 166 143
178 185 155 180 181 191 172 186
161 119 157 171 147 148 139 170
148 139 154 169 161 147 171 149
170 161 157 148 147 169 204 139
195 186 178 180 168 185 155 191
194 511 159 189 183 182 200 510
182 152 159 193 205 189 160 203
192 135 193 145 144 152 188 176
167 188 153 144 134 146 192 151
147 179 158 154 161 184 149 166
191 186 195 172 168 185 181 180
154 184 208 177 149 158 166 150
178 181 197 191 186 195 187 185
197 180 186 195 187 198 191 178
189 205 159 203 183 174 194 173
189 511 159 194 182 510 200 173
150 154 177 208 149 166 158 179
191 180 178 172 186 197 195 168
198 181 195 191 178 185 197 180
198 186 181 165 180 191 199 195
144 192 176 134 151 145 146 175
182 205 159 193 203 174 160 173
162 172 178 164 196 185 168 195
195 198 199 197 185 186 181 180
146 188 175 167 145 151 144 176
159 189 152 174 160 205 203 182
183 200 213 511 182 202 201 173
178 180 198 199 191 185 186 197
197 172 178 164 190 206 195 185
198 186 180 191 195 178 199 185
185 199 195 181 186 191 197 180
191 180 185 186 195 181 198 197
183 194 213 580 182 202 201 173
183 194 213 580 229 202 200 570
183 194 213 580 229 201 200 570
205 212 193 174 216 222 189 182
215 165 236 157 187 169 225 171
222 213 193 182 212 203 189 216
196 197 220 218 198 199 209 217
242 227 228 224 214 208 226 219
247 184 214 219 226 221 207 227
234 220 206 197 198 218 217 199
196 235 231 206 238 230 237 220
233 222 244 203 193 175 267 256
203 213 580 245 222 200 205 216
580 229 212 216 205 222 200 194
252 219 208 221 227 224 226 207
225 248 254 232 236 204 241 221
212 203 222 205 213 245 182 189
197 206 218 199 240 234 198 209
234 217 239 206 253 209 220 230
224 227 226 207 208 242 214 252
238 209 230 253 239 218 234 206
215 251 247 241 227 260 232 208
245 203 212 265 205 213 278 216
243 226 259 250 255 228 224 249
223 226 250 243 207 219 242 228
275 248 241 215 232 204 254 236
250 219 207 224 255 242 243 228
214 251 247 252 219 268 207 208
242 226 243 250 255 223 259 224
586 257 202 266 258 246 580 213
238 239 253 235 234 218 220 262
210 237 235 262 230 238 269 220
260 248 221 247 251 241 215 254
249 272 244 277 283 256 274 211
263 240 217 218 239 261 230 253
262 237 231 210 220 230 238 239
254 275 215 248 232 241 225 287
230 235 262 231 238 269 210 289
235 220 262 239 253 261 230 231
261 234 230 218 262 238 220 253
218 264 234 263 217 261 209 253
247 251 232 254 221 248 215 260
243 259 250 270 224 255 226 228
228 226 255 242 250 224 259 223
256 249 267 272 211 283 233 274
213 265 278 216 212 273 222 281
586 229 580 258 257 266 581 279
251 241 268 232 252 260 221 227
225 232 287 275 236 254 241 215
244 233 272 291 223 243 274 277
255 270 259 226 224 228 242 243
252 241 247 221 227 232 260 268
247 227 276 268 251 219 242 270
234 238 271 239 263 262 261 230
241 248 236 287 275 225 232 292
228 284 224 243 242 250 259 223
267 282 272 286 274 283 233 244
581 586 246 229 279 589 266 258
257 280 273 229 265 266 580 297
223 284 228 243 226 250 242 255
252 232 221 251 268 241 227 247
264 263 253 234 271 290 262 239
289 238 271 239 290 253 230 261
290 253 234 239 264 261 271 240
271 263 240 253 293 234 288 261
281 295 258 273 245 296 278 280
257 279 297 592 280 273 258 246
282 283 256 285 286 244 274 278
227 276 252 260 270 247 251 300
262 238 290 231 237 210 235 289
227 242 250 268 259 276 252 300
264 253 263 298 262 290 261 239
274 233 244 283 277 286 291 249
592 280 258 297 296 295 266 265
256 277 283 291 272 244 286 267
309 254 294 288 287 292 248 236
310 252 300 251 242 268 270 250
284 233 286 291 283 272 274 249
245 265 302 301 295 281 282 285
266 257 589 246 600 592 280 598
306 592 273 265 258 296 266 297
265 295 302 285 278 296 245 301
274 283 286 267 278 316 256 285
274 282 286 267 272 244 256 277
311 312 243 259 250 305 304 255
316 282 295 267 278 302 301 281
267 283 314 272 256 274 282 315
308 254 309 294 292 248 288 275
292 303 275 299 308 264 293 287
298 262 253 238 290 271 261 239
263 261 253 262 298 307 271 289
277 286 284 283 313 249 274 272
254 288 287 309 294 308 321 275
288 299 264 308 324 303 287 292
287 321 308 275 254 292 309 325
301 265 302 278 281 319 296 285
306 297 265 301 302 295 273 280
302 273 296 592 280 331 306 266
290 261 289 307 271 317 262 322
287 308 324 288 293 303 334 323
276 311 326 310 268 320 270 304
285 319 295 296 278 302 281 330
281 301 319 295 297 278 330 296
324 264 323 299 308 288 334 293
284 311 333 327 300 312 305 318
284 327 311 318 351 312 333 304
592 337 296 279 280 598 297 331
335 340 298 322 323 290 341 317
309 292 321 342 287 325 299 334
342 287 308 348 294 321 292 325
320 327 304 311 326 276 350 300
333 312 305 304 318 310 300 327
305 333 318 327 284 311 351 304
328 339 315 352 329 286 314 332
313 315 332 329 328 338 316 286
314 313 316 344 328 329 332 338
336 338 315 314 344 332 329 285
341 323 335 345 322 298 340 307
351 312 304 327 357 311 305 333
354 336 331 302 330 301 295 343
326 350 300 311 327 365 310 369
325 348 308 342 309 294 349 292
335 341 347 345 307 298 317 340
324 317 307 340 346 334 335 322
299 346 303 293 334 340 317 323
309 349 364 321 342 348 294 308
350 369 300 311 310 377 320 365
304 351 311 318 358 312 333 305
363 313 352 339 332 315 314 359
338 315 314 353 362 316 344 332
336 319 343 331 360 354 302 355
355 330 319 297 302 360 296 306
352 338 315 328 314 329 344 313
351 311 327 304 318 305 357 312
323 299 346 340 303 308 342 324
322 345 340 347 341 361 307 317
316 343 330 344 354 353 375 319
606 331 600 610 356 306 607 355
362 329 353 352 332 314 344 315
352 374 328 363 313 366 359 368
361 317 346 323 322 324 335 345
322 340 307 345 317 347 335 361
349 370 308 325 364 309 348 321
360 354 336 330 375 355 319 331
362 332 352 367 353 338 329 315
347 335 361 372 341 317 322 340
345 324 323 340 335 372 361 334
371 372 345 390 322 341 335 361
325 349 309 321 370 342 364 388
325 348 370 342 309 388 364 321
369 365 326 320 386 310 377 387
318 333 357 312 358 373 378 327
366 362 359 332 328 339 338 363
338 367 336 362 329 382 332 344
336 381 319 355 360 343 330 375
356 354 360 381 343 331 330 319
606 355 306 360 337 607 331 610
368 318 351 333 327 358 378 373
357 327 318 351 365 378 333 373
328 332 368 363 374 339 366 352
331 355 336 343 330 381 393 354
322 345 341 372 335 391 340 347
367 382 352 338 344 363 353 332
392 384 359 366 374 362 352 339
342 397 321 348 349 388 325 370
387 373 377 358 401 350 386 369
359 339 376 374 384 379 363 368
363 382 392 338 362 344 353 352
385 384 403 379 376 374 394 366
350 373 326 386 401 365 377 387
342 388 348 389 400 364 397 349
361 345 399 347 341 409 416 390
335 346 361 340 345 391 398 347
405 365 358 378 357 401 351 396
384 368 385 394 366 403 376 379
381 380 336 383 367 343 360 354
379 384 368 394 366 403 385 374
365 369 386 373 405 387 350 401
396 406 395 357 402 373 410 385
374 384 376 403 366 394 368 407
354 383 393 375 418 360 343 381
383 380 418 354 355 375 360 393
344 363 417 392 411 362 353 367
380 381 393 360 418 343 375 354
376 394 366 368 374 407 379 403
394 378 376 406 396 403 395 402
401 373 365 350 369 405 377 387
430 350 386 349 365 377 435 369
348 397 422 349 389 364 400 370
415 398 388 370 404 400 397 421
399 372 416 409 347 361 420 371
398 372 420 409 390 389 400 361
417 411 429 362 382 384 367 363
380 355 375 383 354 418 381 360
376 402 403 379 407 385 384 374
413 396 378 402 385 394 406 410
402 378 413 410 395 419 385 406
400 422 370 388 364 415 404 389
389 415 404 372 391 409 421 400
347 409 416 361 420 438 371 390
404 422 391 397 415 389 398 421
423 431 414 373 386 405 432 410
413 394 395 385 410 396 419 406
406 412 413 394 376 384 407 379
421 422 400 397 398 391 415 389
410 431 414 396 432 423 424 401
385 425 395 410 413 396 402 419
413 406 402 384 394 403 379 412
615 426 618 427 617 622 620 616
416 420 438 398 372 390 437 391
413 419 424 396 402 395 406 414
382 392 417 418 434 428 429 367
407 413 425 433 394 406 403 384
395 410 403 406 407 419 425 402
396 405 423 401 410 419 424 431
389 404 398 439 397 400 422 421
391 399 371 409 437 390 438 420
411 418 367 382 428 429 392 434
428 383 380 381 375 411 393 417
414 406 410 425 413 402 424 431
398 416 409 437 391 399 390 438
389 400 415 439 398 404 422 436
388 400 421 397 404 436 430 415
410 414 431 432 424 419 401 405
425 410 414 413 419 423 406 431
424 402 406 407 413 419 410 412
408 618 622 620 427 616 615 617
618 617 426 408 616 624 622 620
392 418 411 417 382 434 380 429
407 411 417 428 392 434 412 433
432 388 436 387 435 397 386 422
424 419 423 425 432 414 410 405
414 405 401 431 423 386 410 424
413 407 434 425 406 429 403 412
392 412 407 403 433 429 411 417
422 432 386 430 388 436 397 387
422 388 430 404 421 415 397 435
391 416 398 390 439 420 409 438
420 416 437 409 439 399 391 390
404 422 421 437 415 398 400 436
23 26 446 441 443 27 25 445
23 443 445 25 440 446 447 442
449 446 441 453 462 443 463 464
23 440 447 25 442 445 446 441
23 447 22 445 19 440 443 18
23 440 22 444 19 441 443 447
23 440 443 25 442 447 445 441
23 440 444 446 445 442 443 441
452 453 442 449 450 454 451 458
452 458 442 450 448 462 453 464
454 451 453 448 464 449 458 452
448 454 461 458 452 453 450 455
450 453 461 458 451 454 449 448
454 451 452 448 464 449 458 450
451 455 450 458 453 448 452 461
461 473 451 456 460 459 457 454
455 473 461 467 457 460 459 475
461 455 460 467 456 459 473 475
452 464 449 450 466 462 454 453
461 465 473 455 456 460 457 467
461 467 457 455 456 465 473 459
454 452 459 455 460 465 451 467
449 464 468 442 466 458 463 469
468 466 34 462 469 442 464 458
468 466 462 449 458 450 463 453
458 467 460 470 454 461 455 459
463 464 462 453 468 469 34 458
456 459 465 457 455 460 470 461
463 464 462 43 466 469 34 458
468 38 466 463 37 42 34 31
47 62 465 461 56 467 460 51
470 491 67 482 56 483 467 472
485 483 479 482 491 486 471 480
456 457 460 475 455 451 461 459
476 520 521 477 478 475 519 527
477 473 457 459 479 456 474 476
475 520 474 519 477 472 478 479
474 519 479 476 475 520 515 478
514 476 519 515 481 479 480 477
482 485 481 480 472 476 478 477
481 484 487 490 486 485 488 489
490 485 480 488 487 484 489 486
490 471 494 485 472 491 486 483
472 471 494 87 491 56 67 482
489 485 492 481 480 487 488 514
480 481 487 486 484 490 482 488
488 487 490 485 491 482 480 481
486 493 481 484 490 485 488 480
485 487 480 490 481 493 484 489
499 492 484 481 493 488 495 487
480 488 485 481 496 493 486 487
494 472 482 483 490 496 497 486
493 488 495 484 489 502 499 487
499 489 496 498 492 487 490 488
95 496 486 87 491 490 497 498
501 503 489 502 500 499 493 492
491 497 505 494 493 498 490 486
95 491 505 498 494 496 87 88
493 505 506 504 496 494 497 490
503 504 502 495 501 500 493 492
503 504 502 495 499 501 492 507
495 126 507 502 499 500 503 504
495 126 500 507 503 504 499 501
499 126 495 500 501 502 504 507
135 126 499 502 125 501 503 506
506 498 127 497 124 125 109 496
126 135 127 505 125 124 504 498
501 126 500 503 504 502 133 136
500 509 510 501 507 503 133 136
508 510 559 507 528 511 133 136
509 173 182 159 511 508 136 133
567 173 559 159 183 508 510 509
500 517 514 513 528 516 518 495
528 495 517 516 515 514 512 518
489 518 515 488 484 517 480 481
518 484 481 514 478 517 480 516
514 513 484 519 515 512 517 518
513 518 515 512 521 514 519 516
513 514 519 521 517 515 516 512
515 521 478 477 526 474 527 520
474 478 476 519 477 527 526 521
527 522 525 519 474 520 524 526
526 523 529 530 524 533 527 525
522 529 524 532 525 530 533 531
526 530 523 529 533 522 527 525
530 523 533 522 524 521 526 527
522 524 520 530 525 519 521 527
519 525 521 522 526 474 524 520
507 501 500 508 559 509 513 512
522 524 523 535 531 530 533 532
524 531 525 523 533 532 529 522
535 529 523 538 532 530 534 533
533 534 531 529 538 535 537 539
531 530 525 523 524 522 529 532
536 532 535 537 540 538 539 531
532 531 536 534 537 539 540 538
538 541 540 534 532 537 539 535
532 538 534 541 540 536 539 535
537 541 535 534 536 532 539 540
536 541 537 534 540 538 532 535
532 536 538 541 534 535 539 537
539 534 542 540 538 536 537 535
543 538 541 540 539 549 544 550
554 547 550 548 549 555 551 553
548 545 543 547 546 549 552 553
548 552 546 549 544 547 628 553
548 552 553 547 558 545 544 628
554 544 549 546 545 548 550 553
549 547 554 550 546 544 553 545
553 550 557 543 554 548 555 551
549 553 551 555 548 557 543 554
553 556 554 550 543 549 557 555
546 548 544 547 628 561 560 545
549 555 554 557 548 550 558 547
558 549 553 550 555 557 548 543
554 543 557 550 553 549 558 551
555 551 566 549 550 557 554 559
551 554 555 566 553 549 558 550
553 548 565 563 560 555 554 557
509 567 551 556 511 510 508 528
561 558 553 562 565 563 564 552
563 552 628 564 562 565 568 560
568 552 627 560 628 564 569 561
560 553 566 564 558 565 555 554
560 552 561 563 568 565 558 562
555 554 558 566 560 553 564 563
555 565 563 557 558 554 553 570
194 566 556 511 183 570 201 559
571 572 627 626 562 564 569 561
568 572 626 573 571 561 564 562
566 565 563 567 557 202 574 201
626 569 568 564 577 572 573 576
569 571 576 626 573 655 568 575
569 578 572 576 577 571 583 574
578 581 576 586 573 583 582 577
585 587 576 656 579 584 588 572
573 575 577 588 579 585 584 583
578 576 584 583 573 574 585 582
581 574 577 573 582 576 583 586
585 587 588 576 590 656 584 575
266 202 213 258 229 257 200 246
578 582 586 574 589 246 257 229
589 574 577 581 591 583 586 578
584 588 582 578 573 585 576 577
583 588 579 585 573 577 587 576
576 583 577 584 587 579 575 588
589 578 581 582 229 257 279 246
575 584 585 588 583 590 599 579
590 579 583 584 587 594 599 585
598 581 586 601 600 595 279 257
593 585 603 588 604 587 599 609
594 608 582 596 597 601 595 602
279 297 266 258 598 306 273 280
590 594 587 599 604 609 603 588
599 603 591 596 597 611 602 588
596 605 591 601 589 606 600 608
595 594 602 591 601 608 605 597
602 608 591 611 596 595 594 588
606 589 600 601 607 610 279 605
588 609 603 593 604 590 587 594
598 607 605 601 589 595 610 606
600 606 598 605 610 608 607 595
597 608 612 591 596 594 611 595
602 593 590 599 604 609 594 611
599 614 609 603 611 593 590 594
606 600 595 610 608 598 607 601
605 601 598 610 600 608 607 595
600 605 608 601 337 606 610 598
601 610 606 605 595 607 596 602
590 611 604 593 603 594 599 614
608 600 601 606 337 598 607 605
614 602 597 609 604 603 612 594
602 619 597 615 611 614 613 608
620 615 618 612 616 622 617 619
611 623 612 609 604 621 619 603
427 620 622 613 616 408 617 618
427 408 622 615 620 613 618 617
618 620 408 616 615 613 622 427
622 616 613 620 427 617 615 408
618 616 625 617 613 624 612 615
427 426 618 622 615 408 616 617
623 619 612 625 614 609 604 611
408 616 427 426 615 618 617 620
625 609 611 621 624 619 614 612
625 427 616 617 622 618 620 619
622 620 616 624 618 427 617 619
568 655 575 572 627 571 569 654
651 562 626 568 653 655 654 652
562 546 561 629 552 545 630 651
636 631 630 632 633 637 634 628
636 633 629 628 632 631 634 637
637 633 634 629 632 630 635 636
631 634 629 633 635 638 636 637
632 637 635 631 636 634 639 638
633 635 631 636 639 638 637 632
633 634 638 632 631 637 639 636
637 640 641 634 639 638 635 633
639 635 641 638 633 634 640 636
637 639 636 641 633 640 634 635
636 635 634 642 641 637 640 638
642 641 636 638 634 635 639 637
634 642 635 640 638 637 639 636
636 638 639 634 641 640 637 643
637 645 636 642 646 641 640 644
641 640 643 646 636 642 637 645
647 643 646 640 642 641 636 644
644 642 641 640 647 643 636 645
629 648 645 652 650 649 651 630
649 627 653 650 647 651 630 652
629 648 627 651 652 647 650 630
647 629 630 651 652 649 648 627
630 627 650 629 649 647 652 628
649 647 651 654 650 653 627 648
627 649 655 651 650 654 652 626
656 626 568 627 653 569 572 655
653 654 656 569 568 572 627 626
655 626 654 585 572 587 579 575