1 2 25 24 14 13 23 12
0 2 3 24 14 25 23 22
0 1 3 4 22 24 25 23
0 1 2 4 24 22 23 21
22 1 2 3 5 6 21 23
36 52 53 3 4 6 21 10
53 37 45 54 4 5 36 10
42 40 15 16 17 18 39 8
9 20 40 16 17 18 19 7
8 20 56 16 17 18 19 7
54 38 45 36 44 5 6 37
34 48 33 26 49 35 13 12
35 49 47 48 34 14 13 11
48 35 25 47 50 14 12 11
0 51 47 46 24 13 12 25
39 41 40 16 17 42 38 43
39 42 40 15 17 18 41 7
41 42 40 15 16 18 19 7
8 41 20 40 16 17 19 55
8 9 20 55 56 17 18 57
8 9 19 55 56 17 18 57
22 69 70 3 4 5 52 23
24 69 2 3 4 23 21 58
25 1 2 3 24 21 22 58
58 1 51 25 23 46 22 14
0 51 46 24 14 13 47 59
34 27 28 32 31 33 49 11
29 26 28 67 31 32 33 68
29 26 27 30 31 32 67 66
28 66 27 30 31 32 64 65
28 64 27 29 31 65 63 66
28 26 27 29 67 32 33 68
28 26 27 67 33 31 34 68
35 26 27 32 31 34 49 11
35 26 48 32 33 49 12 11
50 61 34 48 49 13 12 11
10 44 45 53 38 73 54 37
45 10 54 39 36 43 44 38
37 44 42 15 43 36 45 39
44 43 38 15 16 40 42 41
75 39 41 15 16 17 43 42
39 43 42 75 16 17 76 40
39 41 43 15 16 74 75 40
38 74 40 15 44 42 37 39
39 54 43 79 36 38 45 37
53 73 54 37 38 44 80 36
47 60 24 25 14 58 59 51
59 25 48 51 60 61 50 46
60 47 61 35 49 13 12 50
33 48 61 34 35 50 12 11
48 59 35 46 51 60 61 47
50 25 47 59 60 58 61 46
71 21 70 82 72 81 54 53
80 73 71 36 54 52 45 72
53 72 73 37 36 44 45 80
76 57 19 41 56 17 18 20
96 55 19 97 57 95 18 20
55 97 19 56 95 96 18 20
25 46 24 59 84 60 23 51
60 25 51 46 58 50 47 61
47 59 61 58 50 51 48 46
59 49 60 35 47 50 51 48
90 64 103 89 104 88 65 63
90 64 104 89 103 88 65 62
103 63 66 89 90 88 65 62
102 63 66 89 88 87 64 67
87 64 67 86 68 101 88 65
86 68 87 66 65 31 32 85
87 86 67 66 32 31 33 85
84 82 52 83 70 71 81 22
83 82 81 91 52 71 72 69
70 100 53 81 72 82 91 52
52 54 91 92 73 53 71 81
45 80 92 54 93 53 72 79
77 42 39 78 43 76 79 75
41 42 78 76 74 43 40 77
108 40 77 42 55 75 74 41
78 42 43 76 74 106 79 75
77 74 80 94 105 75 43 79
93 80 44 73 77 78 94 74
98 54 72 94 79 73 93 92
92 71 99 72 100 91 70 82
91 81 83 84 71 100 69 70
100 71 84 70 115 69 81 82
83 82 116 70 128 115 69 58
86 67 68 87 123 124 122 66
85 124 68 66 87 101 88 67
65 101 102 89 66 88 67 86
66 102 64 89 87 101 65 103
102 63 65 90 104 88 64 103
103 63 104 88 89 102 64 62
72 82 100 98 99 92 81 71
72 99 80 81 73 93 91 98
80 133 79 73 98 94 99 92
80 98 78 79 105 93 114 92
56 96 109 57 55 97 110 108
108 57 110 97 55 56 109 95
107 111 76 96 109 110 95 108
92 94 132 133 80 93 91 99
91 100 93 98 132 131 92 81
71 82 131 92 91 81 130 99
103 66 88 124 65 86 102 87
104 87 66 103 101 88 65 89
64 104 101 89 102 88 65 90
90 63 103 89 102 88 64 62
77 114 113 106 112 94 107 78
112 105 114 113 77 107 111 108
111 113 112 106 108 110 109 105
109 111 97 112 110 76 106 107
97 110 108 112 107 111 96 95
111 109 106 112 107 96 97 108
109 108 107 113 110 97 106 112
113 110 111 105 108 106 107 114
112 114 107 111 105 94 106 78
94 106 133 93 113 105 112 98
84 126 117 129 116 83 128 127
126 117 118 128 84 127 115 125
126 125 118 128 115 116 119 127
117 119 116 120 125 127 121 126
118 121 117 116 120 126 125 122
119 117 125 121 118 123 122 61
122 119 120 118 124 125 123 85
85 119 124 68 86 123 120 121
101 68 86 121 122 85 87 124
123 88 101 102 86 87 85 122
116 115 118 117 119 127 126 120
125 116 115 118 127 117 119 128
129 128 125 117 126 115 116 84
83 130 84 127 116 115 126 129
115 83 127 128 130 82 131 100
91 132 99 128 100 131 82 129
98 130 129 132 100 133 99 91
133 98 93 99 100 92 130 131
98 93 94 132 131 92 114 99
143 146 142 144 149 147 148 145
141 140 139 150 136 138 137 151
141 140 139 150 135 138 137 151
141 140 139 150 135 138 136 151
141 140 139 150 135 137 136 151
135 140 138 150 141 137 136 151
150 139 138 135 141 137 136 151
150 139 138 135 140 137 136 151
143 146 134 144 149 147 148 145
142 146 134 144 149 147 148 145
143 149 134 142 146 147 148 145
143 149 134 142 146 147 148 144
143 149 134 142 145 147 148 144
143 149 134 142 145 146 148 144
147 145 143 134 146 144 149 142
147 145 143 134 146 144 148 142
136 137 138 139 151 140 135 141
136 137 138 139 150 140 135 141
200 201 202 154 203 204 199 153
199 201 202 154 200 155 198 152
198 199 156 153 200 155 201 152
156 196 198 153 199 154 197 200
155 200 197 199 195 154 196 198
159 161 337 336 338 335 160 158
159 161 335 157 333 334 336 160
157 332 334 158 161 333 335 160
161 158 335 332 157 333 334 159
160 332 333 331 157 158 330 159
381 380 165 310 163 164 379 382
309 382 310 162 165 166 164 381
167 162 383 165 163 310 166 309
308 166 164 163 310 162 309 167
310 168 307 309 165 167 164 308
169 306 308 168 307 309 165 166
169 166 305 306 167 170 307 308
304 307 170 168 167 305 171 306
171 169 172 305 306 303 304 168
173 303 304 305 302 170 169 172
302 303 174 304 173 170 171 301
300 303 301 172 175 171 174 302
299 300 301 176 302 175 173 172
299 298 300 301 177 176 173 174
298 299 300 177 178 297 175 174
297 298 176 178 296 179 175 299
297 180 298 179 177 176 295 296
295 296 294 297 181 177 180 178
295 182 293 181 294 179 178 296
179 180 292 294 293 183 295 182
184 181 180 183 294 292 291 293
292 181 182 185 290 291 184 293
185 290 291 182 186 292 183 289
183 186 187 290 291 288 289 184
289 290 185 184 287 188 288 187
288 287 188 286 186 185 289 189
187 287 286 186 189 190 285 288
286 191 285 188 287 190 284 187
189 285 284 283 191 188 286 192
192 283 282 189 193 190 284 285
281 194 282 283 284 193 190 191
192 282 194 281 280 195 283 191
195 192 193 196 279 281 280 282
197 194 279 196 156 278 280 193
155 197 198 195 156 278 194 279
155 199 156 195 198 278 277 196
155 276 197 156 196 154 200 199
155 156 200 153 197 154 198 201
201 202 155 153 198 154 199 152
199 203 273 153 202 154 200 152
272 201 204 153 203 273 200 152
202 204 205 153 272 271 201 152
205 270 271 202 203 206 152 269
268 270 206 204 269 271 203 207
205 269 270 207 204 267 208 268
205 267 268 206 269 209 208 266
209 266 268 206 210 265 207 267
211 265 266 208 210 267 207 264
264 211 265 208 209 212 263 266
263 213 210 265 209 264 212 262
210 263 213 211 264 214 261 262
212 262 215 211 261 214 260 263
215 212 262 261 259 213 260 216
258 214 217 259 261 213 260 216
258 214 217 257 218 259 260 215
256 258 216 259 218 257 219 215
255 219 216 220 217 256 257 258
256 221 218 220 217 257 255 254
219 256 221 218 255 222 253 254
220 252 219 223 253 222 255 254
221 251 252 223 253 220 254 224
221 253 222 225 250 251 252 224
222 226 225 250 249 252 251 223
223 226 227 250 248 224 251 249
224 225 227 228 247 248 249 250
225 248 228 226 249 247 246 229
247 245 227 230 248 226 246 229
247 230 228 246 231 245 244 227
244 245 228 231 229 232 243 246
244 233 229 230 245 232 242 243
234 242 243 230 241 233 244 231
235 234 242 241 240 232 243 231
235 233 239 240 241 232 236 242
234 237 241 239 233 232 236 240
234 240 238 237 239 241 235 233
235 240 238 234 239 233 236 241
234 240 237 236 239 233 235 241
233 237 236 242 241 240 234 235
233 243 236 239 242 241 234 235
232 239 235 242 240 234 233 243
232 231 241 234 240 243 233 244
232 233 242 241 244 230 231 245
231 243 242 246 245 232 230 229
231 243 244 228 246 247 230 229
230 244 228 248 227 245 229 247
229 248 246 245 226 227 228 249
247 225 226 246 249 228 227 250
248 225 226 247 224 251 227 250
249 225 248 224 251 252 226 223
250 225 222 253 249 252 224 223
224 254 251 250 253 221 222 223
222 251 252 254 255 221 220 223
220 222 252 219 256 221 255 253
220 218 253 219 254 221 256 257
218 220 255 219 217 257 254 258
259 218 216 219 217 255 256 258
257 218 216 259 217 256 260 215
261 258 216 257 217 260 214 215
262 214 216 258 259 213 261 215
214 212 259 260 263 213 262 215
214 263 212 211 264 213 260 261
212 210 262 265 264 213 211 261
210 266 212 263 209 211 265 262
264 267 210 208 209 263 266 211
208 264 210 268 265 209 207 267
209 266 269 208 206 207 265 268
266 208 269 206 270 207 267 205
204 268 206 270 267 271 207 205
269 271 204 203 206 268 272 205
270 273 202 205 204 203 272 269
202 270 203 274 201 271 204 273
203 201 274 272 200 271 202 275
202 276 275 201 199 273 200 272
274 273 201 199 198 277 276 200
278 200 274 197 198 275 277 199
276 199 198 196 279 278 197 275
276 197 198 196 279 280 277 195
197 195 278 196 277 281 280 194
195 278 281 196 282 279 193 194
280 282 194 279 283 195 193 192
280 194 284 281 283 193 191 192
192 281 285 190 193 191 284 282
282 283 286 192 189 191 285 190
190 188 283 189 287 284 286 191
287 284 190 187 189 188 288 285
186 285 188 289 187 286 288 189
186 188 287 286 290 289 185 187
184 287 187 185 290 186 291 288
291 289 185 183 288 292 184 186
182 293 185 184 290 183 292 289
181 182 184 290 183 294 293 291
181 180 182 183 294 292 291 295
180 296 295 182 181 292 179 293
181 178 294 293 180 297 179 296
180 179 297 178 177 295 294 298
296 295 298 177 299 178 176 179
297 178 296 176 177 299 175 300
298 300 297 177 176 174 175 301
299 302 175 301 173 176 174 298
175 303 173 174 172 300 302 299
171 301 300 173 303 174 172 304
173 305 301 302 304 171 170 172
172 303 306 169 305 302 170 171
168 169 171 304 307 306 170 303
308 168 305 170 167 169 304 307
309 308 166 168 167 306 169 305
310 306 383 168 167 307 309 166
382 166 308 310 383 165 307 164
164 309 165 382 381 308 166 383
315 318 313 316 314 319 312 317
315 318 317 316 314 319 311 313
315 317 318 316 314 319 311 312
315 317 319 316 311 318 313 312
316 317 319 314 311 318 313 312
315 317 319 314 320 318 313 312
315 320 319 314 316 318 313 321
315 320 319 314 317 316 322 321
315 320 318 321 317 316 322 323
317 319 318 321 324 316 322 323
317 319 318 320 325 324 322 323
326 318 319 320 325 324 321 323
319 325 321 327 326 324 320 322
321 320 323 325 328 326 327 322
323 327 324 329 326 328 322 321
324 322 327 325 328 330 329 323
326 328 329 331 330 323 325 324
329 325 331 327 332 324 330 326
331 326 333 327 332 330 325 328
326 332 334 328 333 327 329 331
330 334 335 328 329 332 327 333
333 335 161 331 328 329 334 330
335 160 331 330 332 428 336 334
427 336 332 333 331 428 335 337
428 427 332 333 337 338 336 334
335 428 333 338 426 334 427 337
338 426 427 339 336 425 335 428
424 425 426 336 427 337 340 339
341 338 423 426 337 340 424 425
341 423 424 338 339 342 425 422
423 339 343 340 422 421 424 342
422 421 343 423 340 344 341 420
421 422 341 344 342 420 345 419
345 346 420 421 343 342 419 418
347 346 418 419 343 420 344 417
348 419 344 345 417 416 347 418
346 348 417 415 416 345 349 418
416 417 346 347 414 349 350 415
413 414 416 347 351 348 350 415
414 412 348 415 351 413 349 352
412 411 353 413 350 414 349 352
411 412 353 350 410 413 354 351
411 351 355 352 412 409 354 410
410 408 356 355 411 352 353 409
357 409 356 410 408 353 354 407
354 355 409 357 407 408 406 358
407 406 358 408 356 355 405 359
406 405 404 356 359 357 360 407
404 406 405 358 361 357 403 360
403 362 358 359 361 404 405 402
359 403 363 362 404 401 360 402
361 400 401 402 364 363 360 403
402 365 361 362 401 399 400 364
362 400 399 398 366 363 365 401
363 399 364 367 398 397 400 366
398 365 367 399 396 397 368 364
396 395 365 397 368 369 366 398
370 396 397 367 394 369 366 395
395 371 367 394 370 393 368 396
369 372 368 394 395 393 392 371
373 394 391 372 393 369 392 370
371 391 392 393 390 374 370 373
391 374 389 375 390 371 372 392
390 376 372 389 388 391 375 373
377 389 388 373 387 390 376 374
389 375 374 388 377 386 378 387
385 387 379 375 388 378 376 386
386 385 377 387 379 376 384 380
386 377 376 378 381 380 384 385
381 378 383 382 377 379 384 385
382 383 378 384 310 380 309 379
380 379 383 164 381 310 308 309
382 308 310 307 164 381 309 380
381 385 387 386 379 382 380 378
379 377 387 384 386 388 378 380
385 384 388 379 378 377 387 376
389 385 377 388 376 378 386 447
446 376 447 375 390 386 387 389
374 375 388 446 387 391 390 445
374 445 392 373 391 388 444 389
373 443 390 372 444 392 389 393
390 371 391 394 443 372 442 393
395 371 442 392 391 441 394 370
370 393 392 395 369 371 396 441
368 369 441 394 393 370 397 396
395 369 394 397 366 367 368 398
396 368 399 395 367 366 365 398
399 397 400 367 364 396 366 365
363 398 365 401 397 364 400 366
398 399 365 363 402 401 362 364
402 362 400 403 361 363 364 399
361 401 404 362 400 360 363 403
405 362 360 401 361 359 404 402
403 360 406 359 361 405 402 358
359 357 404 406 403 358 360 407
405 408 407 359 404 358 357 356
406 357 405 358 408 355 356 409
354 355 410 406 407 409 356 357
356 411 355 354 407 353 408 410
409 352 355 408 411 354 353 412
410 351 354 413 412 352 353 409
351 414 352 413 410 411 353 350
415 414 349 351 411 352 412 350
413 412 349 415 351 416 348 350
417 413 414 416 347 349 348 350
414 418 347 346 415 349 348 417
418 416 440 346 415 347 348 419
345 439 417 346 416 420 440 419
344 420 438 421 439 417 345 418
418 344 343 422 419 437 438 421
420 436 342 423 437 343 422 419
342 420 424 421 341 436 435 423
422 340 434 425 341 421 435 424
423 425 339 422 340 426 433 434
338 424 433 423 339 427 426 432
428 431 425 432 424 337 427 338
425 338 426 336 428 430 431 337
429 336 427 335 334 430 426 337
502 490 430 483 481 482 484 489
480 481 490 491 483 482 431 429
430 480 491 479 481 432 482 492
492 479 481 480 478 493 431 433
494 493 434 477 478 479 432 480
479 494 478 433 477 495 476 435
478 434 436 496 476 477 475 495
496 437 497 477 475 474 435 476
497 498 476 475 474 473 436 438
498 473 472 499 437 474 475 439
500 473 440 474 438 471 472 499
500 471 470 439 438 501 472 473
442 449 393 395 443 450 394 448
394 393 449 444 448 441 443 392
392 448 441 444 390 442 445 391
392 390 443 389 445 442 446 391
444 446 447 443 391 388 390 389
389 443 444 390 445 447 387 388
445 444 389 388 446 390 386 387
451 450 395 442 443 449 394 441
441 448 452 451 395 442 394 450
441 396 449 397 453 451 448 452
453 397 448 452 449 454 450 396
399 398 455 450 454 453 449 451
399 456 451 450 398 454 455 452
399 455 451 452 453 400 457 456
452 453 402 457 458 401 456 454
453 401 455 458 457 454 402 459
460 456 454 402 403 455 458 459
455 404 461 460 456 459 457 405
460 456 405 461 457 404 462 458
462 459 463 457 406 458 461 405
460 463 458 464 462 407 459 408
463 459 460 464 461 408 465 407
408 464 462 460 465 461 409 466
465 466 467 410 463 411 461 462
462 464 468 411 466 467 463 410
464 469 467 463 413 412 468 465
470 413 464 466 465 469 414 468
470 414 471 466 413 465 469 467
470 440 415 468 501 467 471 466
469 472 439 440 501 468 500 471
469 439 440 501 470 472 500 473
499 500 439 440 471 438 501 473
440 474 438 439 498 472 500 499
498 436 438 475 499 437 497 473
436 474 476 496 497 498 435 437
435 477 497 496 495 436 437 475
476 496 478 434 494 433 435 495
479 477 495 433 432 494 434 493
493 480 494 432 478 492 434 433
432 491 430 492 479 493 431 481
430 482 480 490 431 432 492 491
430 483 490 429 489 481 491 502
429 502 484 430 489 503 482 490
483 489 503 504 485 429 482 486
504 489 487 505 483 503 486 484
487 504 485 505 503 484 488 483
483 504 485 486 503 488 505 484
503 505 483 484 486 485 487 504
483 429 490 504 482 502 484 503
481 430 502 429 491 482 489 483
490 431 502 481 482 492 430 480
431 481 491 494 479 493 480 432
478 494 479 480 492 495 433 432
492 434 493 433 495 478 479 477
494 493 496 476 478 434 435 477
497 476 475 495 435 477 498 436
496 436 474 498 495 437 475 476
437 438 473 496 474 497 499 475
498 501 472 473 439 500 438 474
472 498 471 499 501 439 473 440
472 471 469 470 499 439 440 500
504 489 490 429 503 482 483 491
489 502 490 505 482 504 484 483
485 502 503 484 486 505 483 489
504 503 484 485 488 487 489 486
610 508 707 507 510 611 509 609
510 506 508 609 511 610 611 509
511 510 611 509 507 609 610 506
510 508 511 609 610 507 611 612
511 612 611 610 613 508 512 509
513 612 613 608 509 611 510 512
510 513 614 613 514 511 607 608
515 607 514 512 614 615 608 511
515 512 607 608 606 513 616 516
617 607 513 606 516 514 517 605
515 605 514 617 518 517 606 604
604 515 619 518 605 603 519 516
519 620 520 603 602 516 517 604
602 603 518 517 521 520 601 620
522 521 621 602 601 600 519 518
622 523 600 519 522 601 520 599
623 521 599 600 523 598 524 520
599 524 598 624 597 522 521 525
626 525 597 523 526 596 598 522
596 595 626 597 523 527 524 526
596 527 594 525 628 528 524 595
593 525 529 594 629 595 526 528
592 530 527 629 529 593 526 594
630 592 593 531 591 528 530 527
592 590 591 632 531 528 529 532
530 590 632 589 529 533 591 532
633 531 588 589 534 530 533 590
588 535 534 634 587 531 532 589
536 636 586 587 535 533 588 532
534 533 537 636 586 587 536 585
538 534 585 586 537 584 637 535
584 639 538 539 536 535 583 585
582 639 537 539 540 583 536 584
541 537 538 582 540 640 583 581
538 582 541 642 539 581 580 542
580 539 540 542 543 579 643 581
579 544 643 540 541 543 580 578
544 578 541 644 577 545 542 579
576 543 646 545 546 577 542 578
547 544 646 546 577 576 575 543
544 575 545 574 548 576 647 547
648 574 575 548 549 573 545 546
573 574 549 546 547 650 550 572
548 551 650 572 550 571 573 547
552 549 571 551 572 570 548 651
570 571 553 549 653 550 552 569
568 551 653 569 553 550 554 570
568 567 551 554 654 552 569 555
552 568 567 655 566 555 553 656
566 568 554 565 656 553 567 564
557 564 562 560 559 561 558 563
558 560 556 563 559 564 561 562
556 564 563 561 559 562 557 560
564 562 557 556 560 561 558 563
559 556 562 558 564 561 557 563
559 562 557 563 558 564 560 565
560 558 565 564 566 563 559 561
561 555 564 566 560 656 562 565
566 562 656 563 657 565 567 555
564 566 567 655 563 656 657 555
567 564 655 657 568 565 656 555
565 655 554 654 658 656 566 568
653 659 654 656 569 655 553 567
570 552 653 655 652 660 654 568
651 653 652 661 551 569 571 654
653 651 662 550 570 652 650 572
549 649 652 650 571 573 651 663
664 648 649 651 650 574 548 572
547 573 575 665 648 649 647 650
648 576 546 646 649 647 666 574
648 647 575 667 646 577 645 545
646 645 647 544 644 578 668 576
543 579 643 669 645 646 644 577
670 580 643 645 542 642 578 644
581 671 643 641 642 644 541 579
540 672 580 582 643 642 640 641
642 581 583 539 639 673 641 640
584 639 674 582 640 538 638 641
637 675 585 638 640 537 639 583
636 639 586 536 637 584 676 638
638 585 636 677 587 635 637 535
678 636 634 637 534 588 635 586
636 589 633 679 587 635 634 533
635 632 588 590 634 680 633 532
634 681 632 591 633 589 631 531
633 590 630 530 682 592 632 631
683 630 632 529 593 631 629 591
594 631 629 592 528 684 628 630
628 630 629 685 527 627 593 595
596 686 629 627 594 628 526 626
525 627 628 595 597 687 625 626
625 598 626 688 627 596 624 524
599 626 624 623 597 689 523 625
522 600 625 623 622 598 624 690
521 622 624 691 623 601 599 621
602 623 620 622 520 621 600 692
622 619 519 620 693 603 601 621
694 602 518 618 621 604 620 619
618 517 695 620 605 617 619 603
618 617 606 696 616 619 604 516
617 515 616 605 607 697 615 618
615 616 514 614 617 608 698 606
699 607 616 613 614 615 606 513
709 710 508 708 611 703 610 507
611 703 710 609 612 709 702 711
711 613 702 610 701 612 609 703
611 610 701 613 702 712 700 614
611 608 612 700 701 615 713 614
700 613 699 608 615 616 607 714
607 608 616 606 698 699 715 614
697 617 605 698 608 615 606 607
696 605 606 616 607 618 697 604
604 619 606 695 605 617 696 603
603 605 604 620 695 694 602 618
693 694 601 603 604 602 619 621
600 601 602 622 692 603 620 693
601 602 599 692 621 623 691 600
601 691 599 598 690 622 600 624
597 690 689 598 599 625 623 600
688 624 626 599 596 597 689 598
598 597 627 595 687 688 625 596
628 595 686 687 597 596 626 594
594 629 595 685 627 593 686 596
592 685 595 593 684 594 628 630
593 631 591 629 684 592 683 594
591 632 592 682 630 593 683 590
589 681 633 590 682 591 592 631
632 588 590 681 680 634 591 589
680 590 679 635 588 589 633 587
587 586 678 679 588 636 589 634
637 586 635 677 678 585 588 587
585 586 636 587 584 638 677 676
583 675 585 586 639 676 584 637
583 585 674 582 675 584 638 640
641 674 584 639 583 582 673 581
673 583 580 581 642 582 672 640
580 579 643 671 581 672 582 641
578 671 579 670 581 642 580 644
669 645 577 578 579 580 643 670
668 576 646 644 577 669 579 578
577 645 575 647 667 668 578 576
646 666 575 667 648 577 574 576
573 574 649 666 575 576 665 647
574 650 572 648 664 573 575 665
571 651 664 573 572 663 574 649
662 571 663 652 572 650 573 570
570 651 662 569 661 571 572 653
654 660 661 569 570 568 652 571
567 570 569 653 655 659 568 660
567 568 659 654 658 566 569 656
654 657 568 567 655 565 566 658
567 566 565 659 658 655 656 564
567 654 660 655 656 566 657 659
655 654 653 658 568 661 660 657
662 659 654 652 569 653 661 658
570 654 653 663 660 652 659 662
650 652 664 663 660 661 651 571
572 662 664 651 661 649 650 665
665 666 663 649 650 651 573 662
663 666 649 667 647 574 648 664
575 668 647 667 664 665 649 648
666 669 646 647 645 668 665 576
667 744 666 646 577 669 670 645
645 744 644 668 578 670 743 667
742 579 644 744 743 643 671 669
670 742 643 743 642 744 672 741
642 743 740 671 741 742 641 673
641 739 740 674 742 640 672 741
738 739 640 741 740 673 639 675
639 737 740 638 738 676 674 739
638 736 637 738 677 739 675 737
735 738 676 637 736 636 737 678
679 737 735 677 736 635 636 734
680 635 678 734 735 634 733 736
734 634 735 633 733 679 732 681
633 734 733 682 731 680 632 732
733 632 681 631 731 732 730 683
730 731 729 732 631 682 684 630
729 728 730 683 629 731 630 685
728 730 729 686 684 629 628 727
728 727 627 685 729 628 687 726
725 728 688 626 726 627 686 727
727 687 626 725 625 689 724 726
688 725 723 690 726 625 624 724
723 689 725 722 724 624 691 623
722 692 724 723 721 622 623 690
622 621 693 722 721 720 691 723
721 620 720 621 694 719 692 722
721 693 695 719 619 620 720 718
718 720 717 719 619 694 696 618
717 718 618 695 697 716 617 719
696 616 617 698 718 715 717 716
714 615 616 699 717 715 697 716
713 714 715 615 698 716 614 700
701 712 614 613 713 714 715 699
612 700 702 711 613 712 713 714
701 713 612 711 710 611 703 712
709 711 712 611 610 701 702 710
506 707 706 710 708 609 709 705
707 609 706 506 709 708 710 704
709 704 610 705 710 708 609 707
703 710 705 609 708 704 709 706
703 610 709 705 710 706 707 609
711 707 609 610 703 708 702 710
708 702 711 712 611 610 709 703
713 611 701 702 710 709 703 712
700 711 703 702 713 701 710 612
714 700 712 702 699 715 701 613
699 713 700 698 701 614 715 716
697 615 699 700 698 714 713 716
697 699 698 616 696 714 715 717
696 695 697 617 718 719 698 716
696 618 694 697 695 717 716 719
718 720 694 619 693 717 696 695
620 695 692 722 719 693 721 694
621 691 694 692 693 720 719 722
693 721 690 622 691 723 724 692
689 722 724 623 692 691 725 690
688 691 624 722 689 725 690 723
625 687 689 690 726 688 727 724
689 686 687 724 727 626 725 688
688 726 627 685 687 728 686 725
628 684 687 686 729 726 685 727
727 683 730 728 685 629 684 686
729 731 682 683 685 732 684 630
631 683 684 730 682 732 733 681
730 682 680 733 632 681 683 731
734 679 732 680 681 682 633 735
681 634 735 679 680 733 678 736
736 677 679 733 678 680 635 734
677 636 678 735 738 679 676 737
637 675 678 677 738 676 736 739
675 676 677 736 674 638 739 737
675 741 738 639 674 673 740 676
741 672 742 739 673 640 675 674
641 742 740 672 674 673 739 671
673 642 670 741 743 671 672 740
643 744 672 671 741 669 670 742
668 743 670 645 742 644 671 669
877 806 875 807 805 808 746 876
804 806 747 876 745 878 805 877
746 804 877 879 878 806 805 748
747 879 749 803 880 802 878 804
880 750 802 803 881 879 801 748
880 751 801 802 749 803 882 881
882 883 750 800 799 752 881 801
799 801 751 800 883 753 882 884
752 885 754 800 799 798 884 883
753 755 799 884 885 752 798 886
886 887 885 753 757 756 754 798
888 889 758 887 757 886 755 754
756 888 887 889 755 886 758 759
760 888 759 757 756 889 887 890
761 760 889 757 891 892 758 890
890 759 758 893 891 892 761 762
891 760 893 890 762 759 763 892
891 893 894 892 760 763 761 764
765 893 761 894 895 764 896 762
763 896 765 762 894 766 897 895
764 896 763 767 894 766 895 897
896 897 767 898 895 764 765 768
898 900 766 899 897 765 769 768
770 898 899 897 767 766 900 769
770 767 771 900 898 768 899 901
901 903 769 902 768 772 900 771
901 773 900 769 772 902 903 770
774 771 903 773 770 904 901 902
772 775 904 903 774 905 906 771
904 776 775 772 905 903 773 906
904 773 906 907 905 777 774 776
774 907 908 775 777 909 906 778
907 775 908 778 779 909 910 776
777 911 779 910 776 909 908 780
777 910 780 781 911 909 778 908
910 911 912 782 781 909 778 779
914 912 782 783 911 913 780 779
912 913 914 780 781 911 783 784
784 782 785 912 913 781 915 914
786 913 783 915 785 916 782 914
916 915 786 787 783 784 917 914
784 787 917 788 919 916 918 785
786 920 785 789 918 917 788 919
918 790 789 919 920 917 786 787
788 787 919 920 922 921 791 790
792 920 788 923 921 789 791 922
921 790 922 792 789 923 793 920
925 790 923 924 791 794 793 922
794 924 923 926 795 792 925 791
795 793 923 924 792 796 925 926
926 924 927 925 797 796 794 793
925 927 926 797 793 794 924 795
794 927 925 926 796 924 793 795
886 799 885 755 753 752 884 754
798 753 752 883 882 884 751 800
882 753 801 883 751 884 752 799
800 752 750 883 802 882 751 881
881 801 750 748 803 749 880 879
802 804 880 750 749 881 748 879
878 746 805 877 748 879 747 803
806 877 878 746 747 745 804 748
807 878 805 747 746 876 877 745
746 806 808 745 809 876 875 877
810 745 746 875 806 876 809 807
745 810 875 811 806 876 808 807
807 808 809 813 745 875 812 811
875 809 814 810 808 813 812 807
810 808 815 809 814 813 811 816
811 814 816 812 810 817 809 815
816 818 812 817 811 813 810 815
813 814 816 817 818 819 812 811
818 820 815 819 812 813 814 817
816 815 818 820 813 819 821 814
821 819 815 817 816 822 814 820
823 818 817 821 822 815 816 820
818 816 823 824 817 821 822 819
819 820 825 817 824 822 818 823
824 823 818 820 826 821 819 825
824 826 820 821 822 827 819 825
825 820 823 826 827 828 821 822
822 827 821 829 826 823 828 824
824 828 823 827 829 825 822 830
828 826 829 824 825 831 830 823
830 825 827 829 831 826 824 832
831 827 828 833 826 830 825 832
828 834 827 831 832 833 829 826
835 832 828 833 827 834 830 829
835 829 833 828 836 830 831 834
834 829 837 831 830 836 832 835
837 836 833 831 838 832 830 835
837 838 831 836 833 834 832 839
832 837 839 834 840 838 835 833
834 841 835 840 839 833 838 836
840 839 842 841 834 835 837 836
842 835 840 837 838 841 843 836
844 837 836 841 842 843 838 839
837 844 840 839 845 843 838 842
838 845 846 843 839 840 841 844
846 839 840 842 841 847 845 844
840 841 847 848 846 842 843 845
847 846 841 848 842 849 843 844
849 843 847 848 845 844 850 842
843 849 848 844 850 846 845 851
851 850 844 849 846 852 845 847
850 848 852 845 853 847 846 851
853 851 852 848 846 847 854 849
847 849 848 854 853 855 852 850
850 848 853 849 851 854 856 855
849 852 856 854 857 855 850 851
855 850 852 851 853 857 856 858
859 857 852 858 856 851 853 854
852 857 858 855 854 859 860 853
859 853 860 854 861 858 855 856
857 860 855 859 856 854 862 861
862 858 855 863 856 857 861 860
858 859 862 863 856 864 861 857
860 857 859 863 862 865 864 858
861 863 858 865 864 866 860 859
859 864 866 860 867 861 862 865
861 863 865 867 862 866 868 860
861 864 866 868 867 862 869 863
869 868 862 863 867 870 865 864
866 864 865 870 868 869 871 863
871 864 869 870 867 866 865 872
872 870 866 868 873 867 865 871
873 874 866 871 867 868 869 872
873 866 872 869 874 868 870 867
873 866 869 867 870 874 868 871
874 870 867 871 866 868 872 869
871 870 868 872 867 866 873 869
876 809 746 745 807 877 808 806
807 805 746 875 808 806 877 745
806 804 876 805 745 747 878 746
806 805 879 804 748 746 747 877
878 749 802 880 804 803 747 748
748 881 749 804 802 879 803 750
802 750 882 751 803 749 801 880
799 752 800 750 881 751 883 801
801 800 882 884 799 751 753 752
798 799 883 753 885 800 752 754
755 886 884 753 799 754 798 883
884 756 755 887 888 885 754 798
757 886 755 889 758 888 885 756
756 758 889 886 890 887 755 757
890 887 756 757 758 891 759 888
759 891 758 888 892 761 760 889
889 762 892 761 890 759 760 893
760 893 759 890 761 762 891 894
762 894 760 761 892 763 895 891
896 763 764 892 893 895 765 762
894 897 764 896 765 763 766 893
898 765 897 764 763 766 894 895
898 899 895 896 765 767 764 766
900 768 769 766 767 896 897 899
897 768 898 901 766 769 767 900
901 769 770 902 767 768 898 899
902 899 771 900 770 903 772 769
903 771 770 900 772 901 904 769
901 902 770 773 904 771 905 772
773 774 902 905 906 775 903 772
906 774 903 773 775 904 907 776
904 774 775 776 907 908 905 773
908 777 776 906 909 778 905 775
909 906 779 907 776 910 777 778
908 778 780 779 907 910 911 777
912 909 778 908 780 777 779 911
912 913 909 779 781 780 778 910
913 782 783 780 910 914 911 781
783 914 911 780 915 912 781 782
915 913 784 782 912 781 916 783
784 917 916 785 913 914 782 783
917 786 914 784 783 918 915 785
916 918 788 915 919 786 785 787
919 787 920 916 786 917 789 788
788 920 789 787 917 918 786 921
922 788 791 918 921 790 789 919
919 791 790 923 922 789 920 792
923 920 790 792 924 789 921 791
792 794 924 921 925 922 793 791
792 922 925 926 794 795 793 923
924 795 927 793 923 794 926 792
796 927 924 925 795 797 794 793
795 926 794 796 797 925 924 793
933 884 930 932 929 931 935 934
933 883 930 931 935 932 934 928
929 933 928 932 882 934 931 935
933 935 928 929 930 881 934 932
880 929 930 935 931 934 933 928
930 883 929 934 928 935 931 932
928 933 929 935 930 931 932 885
928 930 929 932 886 933 931 934
979 937 1058 980 1059 1057 939 938
938 1058 979 1003 980 936 1059 939
1003 981 937 980 940 936 979 939
940 938 979 980 981 1003 978 941
941 939 980 979 982 981 978 977
981 977 942 940 983 982 978 1002
983 977 941 984 976 1002 1001 982
944 1000 998 1051 997 945 984 999
945 975 999 946 997 943 998 1051
998 947 946 974 944 943 975 997
973 948 975 974 945 985 947 944
974 948 946 986 973 985 972 975
971 996 986 973 947 987 985 972
970 969 950 993 971 988 994 951
968 969 994 951 952 993 949 970
952 969 949 993 953 968 950 967
968 969 1010 951 953 966 967 989
952 990 1011 989 966 967 965 968
965 962 1014 992 963 991 955 964
992 962 956 954 1015 961 963 964
954 960 962 957 1016 955 961 963
961 956 1017 955 959 962 958 960
1018 956 957 1017 959 1019 960 961
960 958 1017 961 1019 957 1020 1018
959 962 1017 958 1018 956 957 961
957 960 958 1016 956 962 1017 955
954 992 961 963 956 1015 955 1016
964 962 992 955 1014 956 1015 954
965 1013 992 954 963 990 1014 991
953 1012 964 966 990 954 991 1013
965 1011 953 1012 989 990 991 967
1011 953 951 966 989 1010 968 952
989 1010 950 953 951 969 952 967
950 993 967 949 951 970 952 968
950 971 994 995 1009 988 949 993
994 972 988 1008 987 995 970 996
971 973 948 1007 995 986 996 987
986 972 948 974 996 985 947 1007
975 947 1006 946 948 985 945 973
946 974 1049 997 985 944 947 945
1002 983 977 984 942 1001 1000 941
942 941 983 1001 976 982 978 1002
982 977 1002 941 979 981 940 1004
941 940 980 1003 981 939 1004 978
1003 939 1057 940 979 1004 981 938
1004 1003 1005 940 979 980 982 978
981 983 1005 1002 941 978 1004 977
982 1005 984 1002 942 976 977 1001
1000 1053 942 1001 977 983 976 1002
986 973 946 1006 947 974 1007 948
1008 973 1007 972 985 987 948 996
1007 986 971 972 988 995 996 1008
1008 987 994 970 1009 949 995 971
1012 990 1010 967 966 952 1011 953
966 1013 953 989 991 1011 1012 965
990 964 965 992 1014 1012 1013 954
964 963 955 954 1013 991 1014 1015
1063 1062 969 988 950 949 994 970
1009 949 971 970 988 995 993 1062
996 971 972 1008 987 1009 994 988
971 972 1008 995 987 986 1007 973
1050 945 1051 998 975 1075 1049 944
944 1050 997 1051 1000 999 943 1052
1060 1001 984 1000 1052 1051 943 998
984 1001 983 1053 1052 1060 976 999
984 976 1053 1002 977 1054 1000 983
1054 1005 977 976 1001 982 1053 983
980 1058 1004 1056 1057 1055 979 981
1003 1055 981 982 1056 978 1005 980
981 1004 983 1002 978 982 1055 1054
985 986 973 1007 1072 1073 974 1049
973 1008 986 972 985 1006 996 987
1009 1007 996 995 987 986 1061 988
995 988 994 987 970 1008 1061 1062
967 1011 1048 952 968 989 1012 966
1012 967 989 990 1010 953 1048 966
989 990 991 965 966 1048 1013 1011
992 964 1012 965 1068 1014 991 990
991 964 1068 1013 963 1015 992 1067
963 955 1067 1066 992 1014 1016 962
961 1014 1065 962 1017 1066 956 1015
961 1016 957 1064 1019 960 1018 1065
1016 961 1064 1020 1017 960 958 1019
1017 1020 958 1018 1064 959 1021 960
1019 1018 1022 958 1021 959 960 1064
1019 1022 1020 959 1024 1023 1018 958
1019 1025 1020 1018 1023 1021 1024 959
1020 1021 1019 1022 1025 1027 1026 1024
1027 1022 1021 1023 1025 1020 1028 1026
1023 1021 1026 1028 1029 1022 1027 1024
1030 1024 1022 1023 1027 1025 1028 1029
1023 1025 1024 1028 1031 1026 1030 1029
1025 1031 1027 1024 1030 1026 1032 1029
1028 1033 1031 1027 1032 1026 1025 1030
1026 1033 1032 1027 1034 1028 1031 1029
1027 1030 1034 1035 1033 1032 1029 1028
1033 1028 1030 1036 1029 1035 1034 1031
1030 1031 1036 1035 1037 1034 1029 1032
1038 1030 1037 1032 1033 1035 1036 1031
1036 1038 1032 1034 1033 1037 1031 1039
1035 1033 1039 1037 1034 1032 1038 1040
1039 1038 1034 1040 1035 1041 1036 1033
1035 1037 1036 1042 1034 1041 1040 1039
1037 1035 1041 1036 1043 1042 1040 1038
1036 1043 1044 1037 1041 1038 1039 1042
1037 1045 1040 1038 1039 1044 1043 1042
1046 1040 1044 1043 1045 1038 1039 1041
1047 1039 1044 1041 1040 1045 1046 1042
1041 1039 1047 1046 1040 1045 1043 1042
1040 1043 1042 1044 1047 1046 1039 1041
1044 1042 1039 1047 1043 1041 1045 1040
1043 1042 1041 1044 1046 1045 1039 1040
990 967 968 1011 1010 1012 1082 989
1074 997 1050 1075 975 1006 1051 1073
998 1074 1051 1079 997 1052 1049 1075
1050 997 1060 1075 999 998 1079 1052
1053 1000 1078 1079 999 1060 1051 998
984 1076 1054 1000 1001 983 1002 1077
1002 1055 1001 1053 1005 1076 983 982
1004 1076 1005 1054 1056 982 1002 981
1055 981 979 1005 1057 1003 980 1004
980 1059 1003 1056 1004 981 1055 1058
980 1003 1004 938 1057 1056 1059 937
980 938 937 1057 1003 936 1056 1058
1078 1000 1079 1053 1077 1051 999 1052
994 1070 1008 1062 1071 1086 1080 1009
1061 1070 994 1069 1009 1080 1081 1063
1062 1081 1061 1080 1070 1069 993 1082
1096 1017 1018 1016 1065 1019 1020 1066
1017 1015 1064 1018 1096 1016 1067 1066
1014 1015 1016 1017 1064 1067 1068 1065
1065 1015 1014 1016 1068 1084 1066 1083
1013 1014 1084 1012 1083 1085 1067 1066
1070 1080 1082 1062 993 1063 1061 1081
1080 1086 1062 1071 1069 1081 1061 1009
1080 1061 1086 1009 1062 1087 1070 1008
1007 1090 1008 1074 1071 1087 1073 1006
1050 1074 1075 1049 1006 1090 1007 1072
1072 1073 1006 1090 1075 1050 1049 997
1074 1079 997 1051 1073 1090 1049 1050
1053 1088 1089 1002 1055 1077 1005 1054
1054 1078 1052 1089 1076 1060 1053 1079
1077 999 1079 1051 1000 1060 1052 1053
1050 1078 1060 1077 1075 1052 1051 998
1069 1061 1063 1086 1070 1071 1062 1081
1082 1063 1070 1080 1069 993 1062 1061
1048 1063 1081 1080 1070 1010 1062 1069
1012 1093 1092 1013 1085 1084 1067 1068
1093 1092 1068 1094 1085 1067 1083 1095
1094 1067 1068 1093 1084 1091 1092 1083
1087 1069 1070 1071 1061 1080 1072 1062
1070 1061 1071 1073 1007 1008 1086 1072
1056 1097 1055 1089 1100 1101 1076 1099
1054 1100 1088 1055 1077 1076 1101 1056
1050 1075 1087 1073 1074 1072 1049 1006
1094 1084 1092 1085 1093 1082 1048 1083
1093 1091 1095 1068 1084 1083 1094 1085
1094 1084 1095 1085 1083 1091 1092 1068
1084 1085 1092 1096 1095 1083 1093 1067
1065 1093 1083 1096 1066 1094 1067 1084
1093 1094 1067 1065 1084 1095 1064 1066
1056 1089 1088 1098 1099 1101 1100 1057
1058 1059 1100 1099 1101 1089 1088 1097
1089 1101 1097 1057 1100 1058 1088 1098
1098 1101 1097 1099 1089 1057 1088 1076
1099 1098 1097 1077 1089 1100 1076 1088
1109 1110 1106 1107 1105 1103 1104 1108
1110 1107 1109 1102 1106 1108 1104 1105
1107 1105 1102 1109 1103 1106 1110 1108
1107 1103 1109 1102 1104 1110 1108 1106
1104 1108 1102 1110 1105 1109 1103 1107
1104 1106 1109 1111 1108 1105 1103 1110
1111 1104 1109 1105 1112 1110 1107 1106
1111 1106 1108 1112 1113 1105 1107 1110
1108 1111 1113 1114 1106 1109 1107 1112
1108 1113 1115 1110 1112 1107 1114 1109
1110 1114 1116 1108 1115 1109 1111 1113
1110 1111 1112 1117 1116 1115 1114 1109
1110 1112 1113 1117 1116 1111 1118 1115
1111 1117 1116 1118 1119 1112 1114 1113
1112 1114 1120 1113 1119 1117 1115 1118
1114 1121 1115 1120 1118 1113 1116 1119
1121 1120 1114 1117 1119 1115 1116 1122
1118 1123 1117 1122 1116 1120 1121 1115
1119 1118 1116 1124 1121 1123 1122 1117
1124 1125 1119 1123 1117 1120 1122 1118
1124 1119 1120 1126 1123 1121 1125 1118
1124 1122 1119 1120 1125 1121 1126 1127
1127 1122 1126 1121 1120 1128 1123 1125
1121 1128 1129 1122 1127 1123 1126 1124
1128 1123 1130 1124 1129 1127 1122 1125
1126 1123 1131 1130 1129 1128 1125 1124
1127 1132 1124 1130 1129 1125 1131 1126
1128 1133 1126 1127 1130 1131 1132 1125
1132 1127 1134 1129 1131 1128 1126 1133
1135 1129 1128 1133 1132 1134 1127 1130
1135 1131 1129 1134 1204 1133 1130 1128
1131 1130 1134 1132 1203 1136 1135 1204
1204 1131 1133 1137 1136 1132 1135 1203
1137 1204 1202 1133 1203 1132 1134 1136
1134 1135 1137 1202 1204 1138 1201 1203
1134 1204 1138 1201 1136 1202 1135 1203
1136 1203 1137 1201 1135 1204 1202 1134
1140 1145 1141 1143 1142 1147 1146 1144
1139 1145 1146 1144 1147 1142 1141 1143
1145 1144 1140 1142 1143 1147 1139 1146
1144 1143 1147 1141 1139 1145 1146 1140
1141 1140 1146 1145 1139 1144 1147 1142
1148 1142 1145 1143 1141 1140 1147 1146
1146 1144 1148 1147 1143 1141 1149 1142
1147 1142 1143 1150 1144 1148 1149 1145
1150 1145 1144 1149 1146 1143 1151 1148
1147 1145 1144 1146 1151 1150 1152 1149
1145 1146 1151 1147 1150 1152 1153 1148
1151 1146 1153 1154 1148 1147 1152 1149
1155 1149 1150 1152 1147 1153 1154 1148
1155 1151 1156 1149 1154 1153 1148 1150
1155 1157 1151 1149 1154 1150 1152 1156
1157 1153 1151 1155 1156 1158 1150 1152
1154 1158 1152 1159 1157 1153 1151 1156
1154 1160 1158 1155 1159 1152 1153 1157
1160 1155 1154 1156 1158 1153 1161 1159
1161 1155 1160 1154 1156 1159 1157 1162
1158 1162 1160 1161 1156 1157 1155 1163
1157 1162 1163 1159 1156 1164 1158 1161
1160 1158 1164 1162 1157 1159 1165 1163
1160 1164 1161 1165 1159 1166 1163 1158
1167 1161 1159 1165 1160 1166 1162 1164
1168 1162 1166 1161 1160 1167 1165 1163
1166 1161 1164 1167 1162 1163 1169 1168
1167 1162 1164 1168 1170 1169 1165 1163
1164 1166 1170 1168 1169 1165 1163 1171
1166 1165 1169 1172 1164 1170 1167 1171
1167 1166 1171 1173 1172 1165 1170 1168
1169 1172 1168 1173 1166 1174 1167 1171
1169 1167 1170 1172 1174 1173 1168 1175
1169 1176 1173 1170 1171 1175 1174 1168
1175 1171 1169 1174 1172 1177 1176 1170
1175 1173 1171 1170 1176 1177 1172 1178
1174 1178 1179 1176 1172 1173 1177 1171
1178 1173 1177 1175 1174 1172 1180 1179
1174 1173 1178 1175 1180 1179 1176 1181
1182 1179 1180 1181 1174 1177 1176 1175
1181 1176 1177 1180 1178 1183 1182 1175
1177 1176 1183 1179 1178 1182 1181 1184
1184 1179 1180 1185 1183 1177 1182 1178
1184 1180 1181 1185 1178 1179 1183 1186
1182 1186 1184 1179 1181 1185 1180 1187
1180 1181 1182 1187 1188 1185 1186 1183
1181 1183 1187 1186 1184 1182 1188 1189
1189 1184 1182 1190 1183 1188 1185 1187
1191 1190 1186 1188 1183 1185 1189 1184
1186 1190 1191 1184 1192 1187 1189 1185
1191 1188 1193 1186 1185 1190 1187 1192
1192 1187 1189 1191 1188 1186 1194 1193
1194 1192 1188 1187 1189 1193 1195 1190
1190 1195 1189 1196 1194 1188 1193 1191
1189 1195 1190 1197 1194 1192 1191 1196
1192 1198 1191 1193 1197 1196 1190 1195
1197 1198 1191 1196 1192 1193 1194 1199
1200 1198 1199 1195 1197 1194 1192 1193
1200 1196 1194 1195 1193 1199 1198 1192
1195 1200 1197 1193 1194 1192 1196 1199
1197 1193 1200 1195 1196 1198 1192 1194
1195 1199 1192 1197 1198 1196 1193 1194
1136 1138 1204 1137 1134 1135 1203 1202
1204 1134 1138 1136 1203 1137 1135 1201
1204 1135 1134 1201 1137 1136 1138 1202
1133 1136 1202 1137 1201 1203 1135 1134
1389 1293 1207 1296 1206 1294 1295 1390
1390 1293 1207 1296 1205 1294 1295 1297
1292 1293 1206 1389 1297 1298 1296 1208
1299 1298 1297 1292 1291 1387 1209 1207
1300 1299 1290 1210 1386 1291 1298 1208
1301 1289 1299 1209 1386 1211 1290 1300
1302 1300 1210 1212 1288 1289 1385 1301
1287 1213 1383 1211 1302 1303 1288 1301
1304 1212 1214 1302 1286 1303 1382 1287
1382 1304 1215 1286 1303 1213 1305 1285
1216 1304 1214 1285 1306 1305 1284 1380
1215 1306 1380 1284 1379 1305 1285 1283
1377 1378 1307 1376 1282 1283 1308 1218
1217 1378 1308 1376 1377 1282 1375 1307
1309 1310 1281 1311 1372 1220 1374 1373
1311 1221 1279 1372 1371 1219 1310 1280
1372 1280 1371 1311 1220 1222 1370 1279
1221 1369 1371 1278 1280 1370 1223 1279
1277 1224 1278 1313 1312 1276 1369 1368
1313 1225 1277 1223 1278 1276 1368 1312
1226 1227 1366 1224 1313 1314 1367 1276
1225 1227 1365 1314 1228 1275 1366 1367
1226 1228 1364 1365 1225 1275 1274 1315
1227 1274 1365 1366 1364 1275 1315 1226
1316 1231 1272 1317 1362 1230 1363 1273
1318 1231 1272 1317 1363 1229 1316 1273
1232 1230 1272 1271 1361 1317 1318 1319
1231 1318 1319 1320 1271 1270 1233 1360
1320 1269 1234 1270 1319 1360 1232 1321
1358 1268 1233 1321 1235 1322 1320 1269
1323 1358 1322 1236 1234 1267 1268 1321
1266 1324 1267 1235 1323 1322 1357 1237
1238 1325 1265 1323 1266 1355 1324 1236
1264 1239 1326 1355 1237 1265 1324 1325
1238 1327 1326 1325 1263 1354 1240 1264
1352 1327 1353 1264 1262 1263 1239 1326
1242 1350 1329 1351 1349 1261 1328 1262
1350 1349 1348 1328 1241 1351 1329 1261
1346 1331 1332 1345 1330 1260 1244 1347
1259 1245 1243 1345 1258 1332 1331 1344
1343 1244 1332 1342 1344 1259 1258 1246
1257 1344 1258 1247 1342 1343 1259 1245
1342 1333 1256 1341 1334 1248 1257 1255
1249 1334 1257 1256 1341 1247 1255 1333
1250 1340 1335 1251 1334 1248 1339 1255
1251 1335 1338 1339 1252 1340 1254 1249
1250 1338 1337 1252 1253 1249 1254 1336
1251 1339 1337 1254 1253 1338 1336 1250
1250 1251 1339 1252 1254 1338 1336 1337
1251 1339 1338 1253 1252 1337 1336 1250
1249 1247 1333 1334 1341 1256 1340 1248
1248 1342 1255 1333 1334 1247 1257 1341
1248 1333 1255 1246 1342 1247 1341 1256
1342 1244 1259 1246 1332 1343 1344 1245
1258 1244 1343 1246 1345 1332 1344 1245
1348 1346 1330 1261 1243 1347 1349 1329
1347 1349 1328 1260 1348 1242 1329 1330
1240 1353 1352 1264 1326 1263 1239 1327
1239 1327 1353 1352 1264 1262 1240 1326
1238 1355 1354 1326 1263 1265 1239 1325
1324 1355 1266 1264 1238 1237 1325 1354
1237 1356 1265 1355 1267 1324 1323 1236
1322 1266 1268 1235 1357 1358 1323 1236
1321 1267 1357 1235 1234 1322 1269 1358
1268 1270 1233 1360 1234 1321 1359 1320
1271 1360 1233 1319 1361 1269 1232 1320
1231 1360 1361 1318 1319 1272 1232 1270
1231 1230 1318 1273 1271 1363 1362 1317
1231 1230 1316 1362 1272 1229 1363 1317
1227 1275 1366 1226 1364 1228 1315 1365
1226 1228 1365 1366 1315 1274 1227 1364
1277 1224 1367 1368 1225 1312 1314 1313
1278 1224 1312 1223 1368 1276 1369 1313
1368 1222 1369 1312 1223 1276 1277 1224
1221 1311 1280 1370 1369 1222 1220 1371
1370 1311 1279 1221 1372 1220 1222 1371
1375 1219 1282 1373 1374 1376 1309 1308
1374 1307 1375 1281 1376 1309 1308 1218
1215 1285 1380 1284 1216 1306 1379 1305
1215 1381 1380 1283 1216 1305 1306 1285
1381 1305 1214 1286 1215 1380 1284 1304
1303 1382 1214 1287 1304 1213 1285 1383
1288 1212 1286 1384 1383 1213 1303 1302
1289 1212 1302 1211 1384 1287 1301 1383
1210 1211 1300 1301 1290 1385 1288 1386
1300 1209 1289 1386 1299 1210 1385 1291
1290 1209 1292 1299 1388 1298 1208 1387
1298 1387 1388 1293 1297 1291 1208 1207
1294 1297 1206 1292 1388 1296 1389 1207
1293 1295 1206 1389 1205 1296 1390 1207
1293 1294 1206 1389 1205 1296 1297 1390
1293 1294 1206 1389 1205 1295 1297 1390
1293 1298 1389 1292 1296 1388 1208 1207
1292 1388 1387 1297 1299 1291 1208 1207
1290 1209 1386 1210 1291 1298 1387 1300
1386 1209 1290 1301 1385 1210 1299 1289
1210 1211 1302 1385 1384 1288 1300 1289
1288 1384 1301 1212 1213 1383 1287 1303
1213 1382 1304 1383 1302 1214 1287 1286
1214 1303 1381 1285 1382 1213 1286 1305
1216 1306 1381 1284 1215 1304 1285 1380
1215 1381 1379 1283 1216 1305 1380 1284
1217 1308 1282 1218 1377 1376 1375 1378
1218 1282 1376 1307 1309 1281 1375 1374
1376 1281 1375 1307 1374 1308 1282 1373
1374 1220 1311 1371 1372 1219 1373 1280
1372 1220 1280 1370 1221 1219 1371 1310
1313 1224 1276 1223 1368 1277 1367 1278
1314 1225 1368 1224 1366 1276 1367 1312
1367 1226 1366 1225 1276 1313 1227 1312
1227 1228 1364 1226 1365 1275 1274 1366
1363 1230 1273 1272 1362 1229 1318 1317
1363 1230 1273 1272 1362 1229 1318 1316
1231 1362 1317 1272 1271 1319 1232 1361
1320 1361 1233 1270 1318 1360 1232 1271
1321 1319 1233 1359 1360 1270 1232 1269
1269 1358 1359 1235 1234 1268 1322 1320
1323 1268 1357 1235 1234 1321 1267 1358
1357 1324 1356 1235 1322 1266 1267 1236
1237 1325 1355 1265 1238 1323 1266 1356
1238 1354 1324 1237 1265 1264 1355 1326
1239 1263 1238 1327 1353 1264 1354 1325
1239 1326 1352 1263 1354 1262 1240 1353
1351 1242 1261 1350 1241 1329 1348 1349
1242 1330 1350 1349 1328 1347 1348 1261
1348 1347 1329 1260 1349 1261 1346 1328
1259 1244 1243 1346 1347 1344 1332 1345
1345 1244 1243 1344 1331 1259 1346 1245
1340 1247 1255 1257 1341 1248 1256 1334
1340 1339 1335 1255 1333 1248 1341 1249
1250 1248 1249 1340 1339 1334 1255 1333
1250 1252 1338 1251 1339 1337 1253 1254
1251 1252 1250 1253 1339 1338 1254 1336
1250 1252 1337 1254 1339 1336 1253 1251
1249 1251 1335 1338 1340 1255 1334 1250
1248 1341 1249 1334 1255 1335 1339 1333
1342 1247 1248 1333 1256 1257 1255 1334
1341 1343 1257 1246 1258 1247 1333 1256
1259 1244 1258 1246 1342 1332 1344 1245
1258 1244 1343 1345 1259 1332 1331 1245
1344 1244 1243 1331 1259 1346 1332 1245
1330 1345 1347 1260 1331 1261 1243 1348
1330 1349 1329 1260 1243 1261 1346 1348
1346 1330 1329 1260 1347 1349 1328 1261
1350 1329 1261 1242 1328 1351 1330 1348
1242 1241 1349 1261 1329 1351 1328 1348
1241 1350 1352 1328 1242 1349 1327 1262
1240 1326 1327 1263 1353 1262 1354 1351
1354 1264 1327 1326 1263 1262 1240 1352
1239 1353 1326 1265 1263 1264 1325 1355
1238 1266 1264 1325 1354 1324 1356 1265
1265 1357 1324 1323 1266 1355 1267 1236
1322 1266 1268 1358 1267 1323 1356 1236
1269 1267 1357 1235 1359 1321 1268 1322
1268 1269 1358 1320 1360 1233 1321 1270
1270 1320 1361 1271 1319 1269 1232 1359
1318 1362 1319 1360 1272 1271 1232 1270
1363 1230 1273 1272 1271 1317 1318 1361
1362 1230 1273 1272 1318 1229 1317 1316
1227 1274 1365 1226 1228 1366 1275 1315
1226 1228 1366 1364 1227 1275 1274 1315
1313 1226 1367 1225 1227 1276 1314 1365
1368 1226 1276 1225 1313 1314 1312 1366
1277 1224 1278 1223 1369 1313 1276 1312
1278 1368 1223 1312 1279 1277 1370 1222
1221 1369 1279 1311 1371 1280 1222 1220
1280 1221 1311 1370 1310 1220 1372 1279
1373 1220 1280 1311 1221 1219 1310 1371
1281 1310 1282 1375 1219 1372 1309 1374
1373 1308 1219 1282 1309 1376 1375 1281
1373 1308 1281 1307 1309 1282 1374 1376
1307 1309 1282 1377 1308 1375 1218 1374
1378 1218 1375 1307 1376 1282 1308 1217
1379 1307 1308 1376 1217 1283 1377 1218
1305 1284 1381 1283 1216 1378 1306 1380
1306 1283 1215 1305 1381 1379 1285 1284
1382 1285 1305 1286 1215 1304 1284 1380
1214 1286 1287 1304 1303 1383 1285 1381
1286 1302 1287 1212 1384 1303 1288 1382
1288 1385 1289 1212 1302 1287 1301 1383
1386 1211 1384 1300 1289 1301 1290 1288
1291 1387 1289 1300 1385 1210 1299 1290
1290 1388 1291 1298 1386 1292 1208 1299
1387 1297 1298 1292 1293 1291 1389 1207
1293 1294 1390 1292 1296 1388 1297 1207
1293 1294 1206 1297 1205 1295 1296 1389
1393 1392 1481 1482 1439 1523 1440 1524
1481 1523 1482 1440 1439 1391 1393 1483
1482 1524 1484 1483 1392 1394 1441 1440
1483 1395 1485 1442 1484 1393 1441 1526
1486 1396 1443 1394 1484 1485 1442 1527
1487 1527 1486 1485 1443 1395 1444 1397
1528 1398 1444 1445 1396 1486 1487 1488
1487 1530 1397 1445 1488 1489 1446 1399
1488 1530 1446 1447 1400 1398 1490 1489
1531 1447 1448 1491 1401 1489 1399 1490
1490 1400 1448 1491 1492 1402 1533 1449
1534 1492 1401 1491 1448 1449 1533 1450
1451 1493 1404 1536 1452 1494 1405 1535
1403 1452 1495 1535 1493 1494 1405 1451
1536 1494 1406 1495 1452 1404 1496 1453
1405 1453 1407 1497 1538 1495 1454 1496
1496 1497 1498 1406 1408 1454 1455 1538
1539 1499 1409 1407 1455 1498 1497 1456
1456 1408 1498 1499 1540 1500 1457 1410
1409 1500 1541 1457 1458 1499 1411 1501
1501 1543 1412 1458 1500 1410 1459 1502
1502 1413 1501 1543 1411 1503 1459 1460
1460 1502 1414 1504 1544 1461 1412 1503
1461 1462 1545 1503 1504 1413 1460 1546
1549 1417 1505 1463 1548 1547 1464 1416
1548 1505 1463 1417 1547 1415 1418 1464
1416 1506 1548 1415 1418 1549 1550 1464
1416 1550 1506 1419 1465 1417 1549 1507
1508 1551 1465 1418 1507 1420 1467 1466
1508 1466 1465 1552 1419 1467 1507 1551
1554 1552 1469 1467 1420 1468 1422 1553
1554 1509 1552 1468 1421 1469 1423 1553
1555 1554 1509 1424 1468 1422 1469 1510
1510 1556 1555 1509 1470 1423 1511 1557
1471 1426 1513 1512 1561 1559 1558 1560
1425 1471 1561 1512 1559 1513 1560 1462
1564 1562 1472 1473 1429 1514 1563 1428
1427 1562 1430 1429 1563 1514 1473 1472
1515 1428 1565 1563 1564 1427 1473 1430
1428 1565 1515 1429 1516 1431 1474 1564
1516 1475 1566 1430 1476 1517 1474 1432
1476 1517 1431 1567 1566 1516 1475 1474
1567 1477 1569 1478 1476 1435 1568 1434
1568 1477 1478 1518 1570 1435 1569 1433
1478 1477 1570 1434 1569 1519 1436 1518
1572 1520 1518 1519 1479 1570 1571 1435
1576 1575 1573 1522 1438 1521 1574 1480
1521 1450 1522 1575 1576 1574 1437 1480
1523 1524 1483 1481 1440 1392 1482 1391
1392 1483 1525 1524 1439 1441 1393 1482
1440 1442 1484 1393 1524 1394 1483 1525
1443 1525 1485 1484 1395 1526 1394 1441
1528 1395 1444 1486 1485 1442 1396 1527
1397 1527 1528 1396 1443 1487 1445 1486
1446 1444 1398 1488 1487 1530 1529 1397
1489 1488 1447 1398 1529 1445 1530 1399
1489 1446 1400 1448 1490 1530 1531 1399
1447 1491 1401 1533 1400 1490 1532 1449
1401 1450 1532 1491 1492 1533 1402 1448
1448 1401 1492 1491 1402 1534 1449 1533
1494 1536 1493 1403 1404 1535 1452 1405
1495 1451 1404 1535 1536 1494 1405 1453
1538 1496 1405 1537 1454 1406 1452 1495
1453 1407 1406 1497 1537 1455 1496 1538
1408 1454 1498 1456 1538 1539 1497 1407
1499 1409 1541 1540 1455 1457 1408 1498
1499 1409 1540 1541 1500 1410 1458 1456
1457 1410 1541 1411 1500 1459 1501 1542
1501 1544 1458 1502 1411 1460 1412 1543
1503 1543 1461 1413 1502 1412 1544 1459
1460 1546 1545 1414 1504 1413 1462 1503
1460 1503 1504 1546 1414 1545 1413 1461
1464 1549 1416 1505 1548 1417 1415 1547
1547 1548 1549 1505 1416 1417 1463 1415
1551 1550 1418 1506 1466 1419 1508 1507
1508 1420 1552 1419 1507 1551 1467 1465
1465 1507 1552 1466 1419 1551 1420 1508
1509 1469 1554 1421 1552 1423 1553 1422
1468 1554 1421 1553 1509 1423 1555 1422
1556 1511 1558 1424 1559 1471 1512 1557
1557 1513 1511 1470 1512 1558 1425 1559
1428 1562 1427 1514 1563 1564 1429 1473
1427 1563 1514 1429 1564 1562 1472 1428
1515 1565 1517 1566 1431 1475 1516 1430
1516 1474 1431 1566 1432 1517 1476 1567
1474 1433 1432 1566 1431 1567 1517 1475
1478 1518 1435 1569 1433 1568 1567 1434
1518 1477 1570 1433 1434 1568 1435 1569
1521 1571 1572 1480 1436 1574 1573 1520
1572 1479 1520 1522 1437 1521 1573 1574
1439 1482 1391 1392 1523 1440 1483 1524
1439 1392 1483 1523 1481 1391 1524 1440
1394 1440 1441 1482 1525 1393 1524 1484
1442 1394 1483 1525 1526 1485 1393 1441
1443 1526 1442 1527 1395 1484 1396 1486
1444 1487 1396 1528 1395 1443 1527 1485
1528 1396 1486 1444 1445 1488 1397 1529
1398 1529 1530 1489 1445 1446 1487 1399
1530 1531 1399 1446 1447 1398 1490 1488
1491 1448 1400 1531 1399 1532 1447 1489
1533 1449 1492 1402 1532 1490 1401 1448
1534 1402 1448 1450 1491 1533 1401 1449
1536 1535 1452 1404 1494 1451 1495 1403
1403 1452 1536 1535 1493 1404 1495 1451
1452 1453 1536 1537 1494 1405 1496 1406
1538 1454 1406 1495 1497 1407 1453 1537
1539 1498 1496 1406 1455 1538 1407 1454
1408 1409 1499 1456 1455 1540 1497 1539
1498 1541 1457 1408 1456 1500 1409 1540
1542 1409 1541 1499 1457 1458 1501 1410
1459 1412 1500 1502 1542 1411 1458 1543
1411 1460 1412 1501 1503 1544 1543 1459
1413 1504 1502 1544 1461 1545 1412 1460
1546 1461 1413 1414 1462 1545 1503 1544
1548 1417 1463 1549 1464 1547 1416 1415
1549 1508 1550 1419 1465 1507 1417 1418
1418 1550 1551 1465 1508 1419 1506 1549
1507 1467 1550 1420 1465 1466 1551 1419
1423 1469 1555 1554 1424 1422 1510 1556
1556 1555 1423 1424 1469 1509 1554 1557
1557 1558 1513 1512 1559 1470 1556 1471
1511 1471 1557 1559 1425 1558 1513 1560
1512 1559 1471 1561 1426 1560 1425 1558
1562 1428 1472 1427 1563 1429 1473 1564
1517 1428 1565 1430 1474 1429 1516 1564
1431 1474 1564 1565 1515 1430 1517 1566
1432 1431 1565 1476 1516 1566 1474 1475
1435 1478 1436 1434 1569 1519 1570 1568
1518 1436 1571 1570 1478 1569 1572 1435
1522 1571 1573 1479 1480 1572 1521 1574
1522 1573 1479 1437 1574 1480 1520 1572
1521 1573 1438 1437 1576 1575 1574 1480
1440 1524 1482 1391 1392 1483 1481 1439
1483 1482 1393 1439 1441 1440 1523 1525
1440 1526 1394 1441 1442 1524 1483 1484
1442 1443 1485 1525 1484 1441 1394 1527
1526 1396 1442 1443 1444 1486 1528 1485
1443 1444 1445 1487 1397 1486 1527 1529
1446 1488 1487 1528 1530 1444 1445 1398
1531 1488 1446 1447 1445 1529 1398 1489
1489 1448 1447 1446 1532 1400 1490 1530
1533 1401 1531 1491 1490 1447 1448 1449
1449 1401 1534 1532 1450 1491 1448 1492
1450 1492 1533 1532 1576 1491 1449 1402
1495 1403 1404 1451 1452 1494 1493 1536
1494 1451 1537 1495 1453 1535 1405 1452
1495 1496 1538 1536 1453 1406 1452 1454
1453 1539 1496 1454 1455 1497 1537 1406
1454 1540 1455 1497 1456 1498 1538 1407
1499 1498 1539 1456 1455 1541 1409 1457
1542 1500 1458 1540 1499 1457 1410 1456
1457 1543 1501 1411 1541 1458 1459 1500
1412 1544 1460 1542 1502 1459 1458 1501
1545 1461 1460 1543 1413 1502 1503 1459
1460 1504 1544 1546 1461 1503 1462 1413
1503 1544 1414 1561 1545 1462 1504 1461
1463 1548 1416 1549 1505 1417 1415 1464
1464 1505 1547 1549 1416 1417 1463 1415
1506 1465 1418 1417 1416 1550 1548 1507
1551 1508 1549 1506 1419 1418 1507 1465
1507 1420 1466 1419 1552 1508 1467 1465
1551 1508 1420 1421 1553 1468 1466 1467
1469 1468 1554 1421 1509 1423 1552 1422
1510 1555 1422 1553 1469 1468 1423 1509
1469 1422 1423 1509 1510 1556 1424 1554
1557 1511 1471 1558 1470 1510 1424 1555
1470 1559 1556 1424 1558 1512 1511 1471
1556 1511 1512 1470 1513 1557 1559 1471
1513 1558 1425 1512 1561 1511 1471 1560
1426 1561 1513 1471 1425 1512 1559 1558
1559 1560 1426 1513 1462 1512 1425 1546
1428 1563 1473 1472 1429 1514 1427 1564
1473 1472 1427 1514 1429 1564 1428 1562
1565 1474 1429 1430 1515 1428 1563 1516
1516 1566 1515 1429 1564 1430 1517 1474
1516 1475 1474 1432 1567 1431 1517 1476
1476 1433 1477 1566 1568 1475 1517 1432
1518 1567 1477 1478 1435 1433 1434 1569
1570 1477 1434 1518 1435 1519 1478 1568
1571 1519 1518 1569 1434 1436 1478 1435
1572 1520 1479 1436 1570 1519 1573 1480
1480 1571 1574 1436 1520 1521 1479 1573
1571 1522 1479 1520 1574 1480 1521 1572
1522 1573 1437 1480 1572 1575 1520 1521
1573 1522 1574 1437 1576 1438 1480 1521
1522 1575 1521 1437 1574 1450 1438 1534