1 2 3 4 5 15 7 13
15 2 3 4 5 6 7 13
12 1 3 4 15 14 7 13
12 1 2 4 5 6 7 13
12 1 2 3 5 6 7 13
9 13 12 3 4 6 7 8
9 12 13 3 4 5 7 8
9 13 12 3 4 5 6 8
9 10 11 16 12 17 6 7
8 10 11 16 12 18 6 17
8 9 11 18 21 20 17 16
8 9 10 18 12 14 19 20
8 9 11 3 13 14 6 7
12 15 2 3 11 14 6 7
20 31 13 12 25 11 19 18
12 1 2 3 29 13 14 7
8 9 10 20 11 17 6 18
8 9 10 20 11 18 21 16
20 9 10 19 11 17 16 25
20 31 30 11 32 25 18 14
19 25 11 18 10 26 27 14
127 22 136 126 28 26 23 27
141 21 126 28 23 136 24 137
141 21 126 28 22 136 24 137
136 142 146 143 22 137 141 23
26 27 20 32 31 18 19 34
27 126 25 36 28 127 21 136
26 127 126 36 28 128 21 136
127 21 128 27 26 126 136 36
53 33 54 30 51 52 31 50
52 33 32 54 51 29 31 50
33 30 19 25 52 32 29 51
19 52 31 51 34 33 30 25
54 52 55 34 32 30 51 31
35 41 32 42 52 33 43 36
36 40 39 43 41 42 34 44
28 127 26 27 126 35 128 37
117 102 40 129 127 38 36 39
129 122 117 130 37 123 119 39
102 104 40 105 38 37 117 103
105 45 39 102 44 41 104 46
46 42 40 35 43 47 45 44
47 35 46 40 44 34 43 41
41 35 44 46 45 47 42 48
45 41 42 48 43 47 46 40
41 48 47 46 105 102 44 40
44 41 42 43 48 47 45 40
44 41 40 49 48 46 43 45
47 41 44 105 46 40 45 49
98 47 110 109 108 107 48 105
57 56 54 51 29 70 30 53
54 55 30 33 52 50 56 53
59 34 55 56 54 33 51 30
60 50 51 54 57 56 58 59
56 55 51 58 57 50 53 59
58 54 51 60 56 33 52 59
51 57 55 60 54 53 58 59
56 54 53 58 61 59 60 62
56 60 54 59 62 53 57 61
61 56 53 60 55 57 58 54
57 54 55 58 59 61 62 56
57 62 65 60 64 59 58 56
61 63 64 57 65 71 58 60
65 71 62 70 58 64 61 57
65 57 63 61 62 58 60 71
58 66 62 57 61 63 64 60
65 67 60 83 64 63 61 62
71 72 62 63 70 66 65 64
69 29 50 72 63 71 70 53
50 29 70 71 72 63 68 53
68 57 69 53 50 72 63 71
62 64 63 72 69 57 70 58
68 69 63 70 57 64 62 71
63 71 70 68 67 69 64 72
0 67 75 70 68 72 73 69
0 74 68 73 72 69 70 67
78 88 77 79 81 89 80 90
90 88 76 79 89 82 80 78
88 81 76 79 80 89 90 77
90 78 161 80 89 88 81 156
88 78 156 79 89 90 81 161
89 79 78 161 160 90 156 80
83 92 88 84 93 91 85 86
86 82 49 85 84 91 66 92
92 83 85 49 86 96 91 94
84 86 92 91 82 88 87 93
96 92 91 87 93 88 97 85
97 93 155 92 96 91 86 101
155 90 87 89 156 86 85 93
90 156 157 88 81 79 87 80
158 88 155 87 89 156 80 157
92 96 95 97 93 94 86 87
87 93 95 91 97 86 96 94
96 87 91 86 101 92 97 155
96 111 95 99 49 109 110 98
92 99 91 94 100 111 97 96
91 94 100 93 97 92 99 95
87 92 101 96 100 95 93 155
104 105 103 107 108 110 109 106
113 100 94 95 111 98 96 112
114 115 112 101 95 99 97 113
115 97 155 100 114 113 167 116
106 107 39 40 45 105 103 104
108 110 109 104 102 105 107 106
102 110 108 105 109 107 103 106
104 102 106 107 109 110 108 103
110 108 107 103 98 104 105 109
106 108 104 110 103 98 105 109
104 107 105 110 103 98 106 109
105 106 103 110 104 98 107 108
105 109 104 108 98 106 107 103
106 94 110 118 99 98 112 120
121 113 114 111 115 120 100 124
101 121 112 116 114 115 111 100
113 101 115 124 166 100 112 116
116 113 101 124 112 167 166 114
114 166 155 167 101 100 115 113
103 122 39 102 40 37 104 38
111 120 110 103 106 108 119 122
123 103 120 130 118 117 122 38
125 121 122 112 111 118 123 119
123 112 131 124 120 115 113 125
119 103 130 120 123 117 118 38
121 130 129 119 38 120 118 122
132 166 112 125 115 121 131 114
132 124 131 120 112 121 123 166
36 28 127 27 26 136 128 129
36 28 128 27 129 37 126 136
37 136 126 130 129 137 127 38
128 122 126 130 117 127 38 37
38 119 137 127 123 129 128 122
139 124 140 125 132 123 138 121
133 135 124 140 183 131 166 125
183 166 167 132 169 134 124 135
185 133 167 183 170 168 135 169
184 134 133 132 170 169 183 185
127 137 141 128 23 126 22 28
136 130 129 141 142 128 23 138
137 143 144 140 131 139 142 141
144 142 184 140 183 143 131 138
184 183 139 144 138 185 132 135
136 142 137 138 22 128 23 24
144 138 141 140 137 143 24 139
139 146 137 144 141 138 24 142
142 143 139 140 183 146 184 138
22 23 143 146 147 153 141 24
144 143 153 139 142 24 147 148
150 151 148 152 146 149 186 153
150 151 189 149 186 146 187 147
189 150 151 147 187 191 148 186
147 149 189 196 151 186 148 191
148 154 153 147 196 152 150 149
151 154 196 148 149 153 150 147
151 152 148 146 149 147 145 154
150 152 153 146 147 149 151 148
100 93 87 101 158 97 114 116
163 90 160 158 159 162 157 155
160 159 162 163 168 158 156 164
167 155 156 169 157 162 168 159
164 157 163 160 162 168 156 158
164 171 159 161 165 157 156 163
171 164 160 159 157 163 165 156
158 159 167 169 157 168 163 164
171 168 160 162 170 164 159 169
160 172 162 163 159 168 171 165
163 161 159 160 168 171 173 164
115 167 114 133 132 116 121 124
133 116 166 169 115 114 101 124
170 163 169 134 164 162 159 172
135 134 167 162 168 163 170 133
172 135 174 133 163 168 169 134
163 177 165 176 173 175 164 172
168 173 170 171 176 164 175 174
176 179 171 164 172 175 188 177
188 185 175 187 170 135 134 172
174 177 171 188 172 187 173 176
172 177 188 175 171 174 179 173
173 181 171 180 176 179 175 188
181 179 193 180 177 194 182 195
192 177 178 181 193 180 173 176
194 195 178 177 182 179 181 193
195 178 179 194 192 180 182 193
193 180 195 178 179 192 181 194
135 132 140 185 139 134 133 184
140 135 185 139 186 132 144 183
186 134 183 184 140 135 174 170
149 174 189 187 184 150 185 148
149 175 191 186 185 174 188 189
174 175 189 176 172 173 187 190
188 149 148 150 190 191 186 187
188 192 191 189 197 198 196 193
149 189 188 197 196 150 187 190
176 181 197 190 180 188 179 193
181 195 194 180 192 190 179 197
192 179 178 195 180 193 181 182
182 180 193 178 179 194 192 181
149 198 197 190 150 199 191 189
190 193 198 196 199 188 192 191
192 196 197 190 200 191 150 199
200 192 196 198 193 190 191 197
196 197 193 198 192 190 195 199
182 181 197 194 193 199 195 200