1 2 3 4 15 13 12 14
0 2 3 4 5 13 12 14
0 1 3 4 5 6 14 9
0 1 2 4 5 6 10 9
9 1 2 3 5 6 7 10
9 10 11 3 4 6 7 8
9 10 11 3 4 5 7 8
9 10 11 20 4 5 6 8
9 10 11 20 21 5 6 7
17 10 11 18 4 5 6 7
8 9 11 18 4 5 6 7
8 9 10 18 17 19 6 7
0 1 2 140 16 14 13 15
0 1 2 17 16 14 12 15
15 18 2 200 16 12 13 17
12 14 16 200 18 13 17 9
9 19 17 15 18 14 13 10
10 9 11 18 16 19 15 14
230 9 10 11 15 17 19 16
17 9 10 11 29 16 18 230
8 22 28 11 21 27 23 29
30 22 24 28 20 31 23 27
28 21 24 27 20 25 23 31
28 21 24 27 32 25 22 26
28 21 23 27 33 25 22 26
28 34 23 35 33 24 22 26
28 33 23 34 35 24 37 25
31 20 23 28 30 21 22 24
27 33 23 31 32 22 21 24
32 20 27 31 30 28 19 231
29 33 32 28 27 21 31 232
32 30 33 27 29 34 28 22
30 28 33 29 34 31 27 36
36 235 32 31 28 24 34 35
25 33 31 36 32 35 28 236
237 38 33 26 32 34 36 236
238 236 237 35 235 34 32 33
40 41 38 25 35 24 42 26
58 238 59 40 57 35 410 39
237 35 410 58 38 411 57 238
51 58 37 43 38 41 42 57
57 44 59 43 58 40 42 51
40 44 51 43 59 58 41 45
40 44 52 42 51 46 41 45
52 43 47 42 51 46 41 45
52 43 47 42 53 46 51 44
55 43 47 52 48 45 53 44
49 53 46 52 48 45 55 64
49 53 46 55 47 45 50 54
48 53 46 55 47 56 50 54
48 68 67 55 47 56 49 54
46 44 52 43 42 40 41 45
46 43 47 42 45 53 51 44
48 52 47 54 46 45 49 55
48 56 47 50 68 55 49 53
48 65 64 50 53 49 47 46
55 68 49 84 85 409 50 67
60 59 39 40 58 411 410 38
59 57 61 412 60 41 411 38
58 62 57 61 412 413 42 60
62 63 59 413 414 61 407 58
407 414 63 60 64 58 62 59
415 408 407 61 63 60 59 64
65 62 408 64 61 416 55 407
63 409 408 407 62 65 55 47
62 55 64 418 67 408 63 409
91 92 90 603 83 94 82 93
55 56 409 420 64 84 50 65
70 85 71 86 80 56 73 69
70 80 71 81 73 86 72 68
68 87 69 80 71 81 72 73
88 73 69 74 80 81 70 72
80 73 82 74 81 75 70 71
68 72 69 88 81 80 70 71
76 72 77 91 82 75 83 71
76 72 77 83 92 74 91 82
75 83 77 79 66 74 78 82
75 83 76 79 94 74 78 93
75 83 76 79 95 94 77 105
75 78 105 83 95 76 77 94
68 73 69 87 72 71 70 81
88 80 72 73 71 87 70 89
75 92 76 83 72 91 90 74
76 66 93 91 82 74 92 75
85 604 87 67 421 56 600 86
600 88 84 68 86 56 601 87
601 88 84 81 80 87 85 600
85 89 601 80 602 81 86 88
601 80 89 90 602 81 87 86
602 82 87 88 90 91 601 81
81 603 82 83 88 91 89 92
89 66 82 90 83 603 93 92
93 66 90 82 83 91 603 94
612 66 82 603 83 91 94 92
613 66 77 105 83 91 93 92
96 105 106 78 97 98 107 79
109 108 99 98 97 100 101 104
95 104 99 98 109 100 108 96
95 109 99 97 104 100 101 96
104 103 98 97 110 100 101 96
104 103 98 97 102 99 101 96
104 103 98 112 102 99 100 96
114 103 112 115 101 99 100 113
99 112 113 102 101 100 104 111
96 109 108 99 110 103 100 111
95 631 93 78 106 94 614 107
107 109 95 632 631 94 108 105
110 630 632 106 104 105 108 109
630 97 107 110 106 104 109 111
96 110 104 108 107 630 111 98
112 635 103 104 111 108 630 109
110 104 103 108 630 113 112 109
637 104 103 627 101 113 111 110
112 628 103 638 629 627 111 110
115 103 130 113 627 116 628 102
131 130 114 116 102 128 120 119
128 121 114 115 131 130 120 119
127 118 126 123 122 138 125 124
127 117 126 123 138 139 125 124
121 131 120 122 128 132 116 133
121 123 119 122 132 128 133 129
119 122 123 120 128 124 129 134
119 121 124 120 135 123 129 125
129 121 126 136 117 122 125 124
126 121 129 137 117 122 125 123
126 139 138 137 117 122 124 123
125 139 118 127 117 138 124 123
125 138 118 126 117 665 124 139
660 131 133 134 121 120 119 132
123 661 135 136 134 122 137 133
114 113 640 641 627 628 629 131
660 128 628 133 674 130 132 119
131 674 119 133 135 128 660 134
128 134 135 661 129 131 660 132
135 661 660 136 129 133 132 128
134 137 660 133 661 662 129 136
662 137 135 134 663 138 129 661
139 663 661 129 135 136 138 662
135 664 137 662 136 139 665 663
662 138 663 126 666 137 665 664
200 147 141 201 219 13 12 14
202 140 147 200 219 12 13 201
144 145 174 199 173 170 143 172
144 145 174 199 173 198 142 172
143 145 199 174 173 213 142 214
143 144 146 213 214 174 142 199
406 144 145 405 380 382 142 404
204 149 205 176 219 177 148 175
150 149 205 177 178 175 147 176
151 148 150 177 178 206 147 176
151 148 149 179 152 177 178 207
149 180 150 153 152 179 178 181
180 179 150 153 151 154 182 181
180 183 182 152 151 154 181 155
181 183 184 152 182 153 156 155
183 157 182 184 181 153 156 154
158 157 185 186 183 184 155 154
155 184 156 159 158 183 185 186
159 185 157 156 186 160 187 188
161 186 158 188 185 157 187 160
161 188 159 189 190 187 162 158
162 167 159 160 163 190 188 189
191 190 160 189 163 161 168 167
168 191 162 167 164 190 192 161
191 162 167 190 163 168 161 192
193 332 312 319 194 166 311 169
195 169 311 193 194 319 165 332
164 191 162 168 163 192 190 161
191 162 164 163 190 167 161 192
193 166 312 165 332 319 311 194
173 198 196 171 168 197 172 164
199 174 198 173 197 170 172 196
171 196 199 198 197 174 173 211
197 199 172 196 171 174 198 211
197 211 212 172 173 213 198 199
219 204 148 203 205 176 147 177
149 206 148 204 205 177 147 175
149 178 148 150 206 176 205 207
149 151 206 150 180 207 177 179
181 151 150 178 152 207 180 177
179 151 150 181 152 153 178 182
182 151 180 179 152 153 183 154
180 181 183 184 152 153 155 154
185 184 181 156 182 153 155 154
157 183 186 156 185 182 155 154
187 156 157 183 158 186 159 184
158 184 157 187 156 159 188 185
160 186 158 188 185 189 161 159
160 159 186 208 189 187 161 190
160 190 209 187 161 208 162 188
162 208 163 191 209 161 189 167
164 167 163 209 162 190 168 192
164 168 191 162 163 167 209 190
332 166 169 313 312 311 194 165
332 312 337 193 165 166 195 169
166 169 193 194 337 332 165 339
197 173 174 172 198 171 211 199
173 196 174 199 211 198 172 171
171 211 172 199 173 197 174 196
212 174 173 211 213 172 197 198
201 229 14 16 15 219 203 202
229 200 202 203 204 175 219 147
203 200 219 204 201 147 205 175
202 205 201 204 175 147 176 219
205 203 202 177 176 175 206 147
148 206 203 204 177 175 176 207
207 149 205 177 178 175 176 204
176 149 150 179 205 177 206 178
210 187 191 189 161 188 190 209
191 210 189 208 188 190 192 162
191 190 188 208 161 209 187 189
173 172 197 174 212 213 198 199
199 198 174 173 197 214 211 213
174 352 198 173 211 212 199 214
174 198 211 213 353 212 199 352
216 217 242 238 218 240 241 422
246 218 215 241 240 242 243 217
242 220 216 241 218 215 244 246
245 216 217 246 242 215 221 220
147 201 148 176 175 203 204 202
246 234 221 248 233 218 222 217
220 249 233 218 222 223 232 248
231 250 227 224 223 220 221 225
257 224 226 221 225 227 228 222
256 228 257 226 225 227 255 223
227 223 257 229 228 230 226 224
223 224 257 229 227 230 228 225
229 228 231 223 230 226 222 225
230 231 223 227 226 224 229 225
200 228 18 230 201 227 226 225
19 227 228 229 18 225 226 231
222 29 227 30 233 234 232 230
30 234 29 235 231 233 227 221
235 236 31 220 231 232 221 234
233 236 220 232 32 36 231 235
33 237 233 238 236 232 234 36
34 234 217 237 233 235 238 36
238 39 216 36 35 235 236 234
35 237 236 39 36 216 215 235
242 241 436 422 240 243 438 452
423 436 241 242 215 239 422 216
242 215 216 422 217 240 243 239
216 244 239 243 215 245 246 241
244 240 239 245 246 264 242 241
264 243 245 242 241 217 246 247
264 248 243 244 249 247 246 242
218 245 243 244 248 242 217 247
246 243 262 248 244 249 264 245
246 220 249 247 251 261 245 250
221 247 260 252 245 251 250 248
222 249 255 248 247 251 259 252
252 248 259 260 250 249 258 255
259 256 253 254 255 258 251 250
254 258 252 250 251 256 255 257
252 258 255 206 207 257 253 256
251 224 257 253 254 256 258 252
224 225 253 252 223 254 257 255
224 223 226 252 256 255 225 253
251 259 255 252 254 250 260 253
258 251 260 262 261 250 252 279
263 259 262 251 261 258 270 249
270 277 262 263 264 251 260 259
259 270 276 263 264 261 265 260
270 264 260 261 266 262 265 269
245 243 265 263 244 262 266 247
263 270 262 267 266 244 269 264
269 267 262 273 263 243 265 264
268 266 452 265 453 272 269 264
470 453 438 455 452 454 471 451
272 265 267 274 275 273 266 271
263 262 277 278 261 275 276 274
290 470 273 272 269 472 471 486
269 274 267 271 266 275 273 290
274 271 272 269 266 275 289 276
277 273 288 275 276 272 270 269
269 270 287 276 274 272 273 277
274 270 286 275 277 278 279 262
276 274 285 270 261 275 279 278
281 279 275 284 277 260 276 270
280 281 278 276 259 260 277 283
279 284 282 259 278 283 281 258
278 277 284 283 258 280 279 282
283 284 281 295 291 279 280 285
295 292 291 281 284 285 286 282
292 283 285 287 282 286 291 296
286 288 284 292 291 277 283 287
298 292 287 276 285 288 284 283
286 288 275 285 284 293 289 292
274 286 290 293 292 294 287 289
286 293 287 290 288 294 301 273
288 302 272 289 293 486 294 287
295 296 307 283 282 297 284 292
297 285 296 286 299 287 298 284
300 305 301 302 294 289 290 288
293 289 290 301 304 303 302 300
291 310 292 307 298 296 283 297
292 307 295 311 291 297 298 308
308 296 298 299 292 306 295 291
299 300 305 297 306 292 308 296
300 292 297 301 308 306 305 298
299 304 302 305 298 306 293 301
293 302 300 304 305 306 294 299
293 304 294 306 303 300 301 305
501 305 293 304 302 301 486 294
316 300 305 294 317 301 303 302
302 306 300 301 316 304 299 315
315 314 308 305 299 300 301 298
295 319 296 291 311 210 310 309
312 299 297 313 306 311 298 314
312 165 311 169 319 307 310 295
319 169 309 307 311 165 312 193
308 193 310 312 169 165 313 319
311 314 313 308 193 165 310 169
193 311 314 165 308 312 315 169
308 193 306 320 312 313 315 316
308 317 306 321 316 314 313 320
320 305 322 315 317 321 314 326
326 320 315 514 321 322 304 316
516 328 517 515 526 324 514 525
311 169 165 166 310 312 193 309
316 321 323 322 317 326 314 315
514 326 317 316 322 323 315 320
317 321 326 336 323 316 527 320
317 514 321 336 525 326 322 527
330 525 529 318 517 329 331 516
535 533 334 333 522 521 530 520
317 321 323 322 527 320 336 316
534 335 523 524 528 837 838 857
525 329 330 323 318 527 324 526
331 525 526 328 529 527 330 324
536 324 529 526 329 530 331 328
526 536 529 329 333 330 530 324
169 337 166 194 195 339 165 193
325 330 334 530 533 535 529 331
333 529 535 533 530 331 544 325
533 534 334 327 523 524 857 545
328 323 348 322 326 537 349 527
195 345 339 344 332 346 194 347
332 319 350 343 341 340 342 166
337 332 195 342 346 345 344 343
342 350 212 211 351 341 338 352
351 355 342 343 350 356 338 340
339 344 355 345 359 343 338 341
355 345 344 341 339 195 359 342
339 337 345 346 343 342 195 359
363 347 337 344 339 359 346 343
363 345 348 339 347 344 337 359
349 364 348 363 344 337 345 346
365 347 364 349 345 363 336 346
547 348 537 364 347 363 346 336
354 353 356 352 355 341 340 351
353 350 356 354 352 340 341 355
354 353 356 355 350 340 341 351
213 356 350 214 352 354 355 351
357 356 355 350 352 358 353 351
356 343 341 359 358 357 344 342
352 351 360 357 354 359 358 355
359 354 358 356 343 361 355 360
567 357 344 361 356 355 360 359
343 360 344 357 339 358 355 345
357 345 365 363 358 362 359 361
359 362 358 363 365 364 360 346
363 364 366 358 365 360 361 347
347 346 365 348 362 361 345 364
365 363 349 347 348 366 362 361
348 366 362 363 360 367 364 361
362 367 363 365 364 349 547 368
563 364 562 366 368 550 547 365
365 369 563 367 379 378 366 562
374 377 381 378 375 388 376 368
375 371 567 386 374 387 372 373
373 387 372 386 370 374 384 391
387 371 386 370 374 392 375 373
393 370 374 375 567 387 372 371
369 372 376 375 373 377 370 388
381 369 377 388 373 374 395 376
381 378 374 369 396 377 388 375
379 375 376 378 389 369 381 388
389 573 377 369 388 379 381 376
381 562 377 389 574 368 378 573
405 384 385 382 404 406 214 383
389 376 397 388 377 378 379 398
383 390 386 385 403 404 380 384
382 390 384 387 385 386 380 371
386 383 385 382 371 387 390 401
390 402 383 401 387 386 382 384
390 383 371 385 384 372 391 387
392 391 386 371 373 370 372 390
395 381 376 398 377 397 396 375
378 581 582 573 574 398 381 379
391 392 401 385 402 384 387 386
393 387 401 390 386 400 402 392
391 387 390 400 399 394 401 393
373 387 391 399 392 400 394 395
388 392 399 400 397 393 396 395
399 394 392 388 397 396 393 400
394 388 397 398 376 399 395 381
381 395 398 396 388 389 377 399
396 388 389 581 582 378 381 397
388 393 396 395 392 394 397 400
396 395 393 401 391 392 399 394
386 400 391 402 385 387 390 392
392 386 391 403 401 390 385 404
385 401 404 384 390 402 405 406
402 385 406 401 382 390 403 405
406 404 385 383 380 382 403 402
405 402 385 383 404 382 403 380
60 63 416 408 415 414 62 61
417 407 409 64 418 63 416 65
420 417 64 67 419 65 418 408
423 424 411 413 412 57 39 58
39 423 413 410 414 412 424 58
411 415 414 413 410 59 58 60
407 60 410 426 412 411 414 415
415 416 427 407 61 413 412 417
413 417 62 408 416 414 428 407
408 407 418 415 417 429 63 414
408 416 418 415 407 430 419 409
408 409 65 64 417 416 419 420
432 409 420 417 418 408 421 416
418 409 434 421 604 419 67 433
600 434 605 604 409 420 84 419
438 239 423 241 215 240 436 424
426 437 425 424 422 410 436 240
422 411 436 425 426 437 439 423
428 437 427 436 426 424 423 440
428 413 423 427 437 424 425 429
426 414 437 430 429 428 425 424
443 415 429 430 425 427 426 431
426 428 427 417 416 432 431 430
427 429 446 431 445 432 417 428
447 430 429 433 446 428 445 432
419 434 429 433 446 447 431 430
435 434 431 432 449 419 420 448
433 432 420 435 419 615 421 431
433 604 449 421 616 434 615 617
240 422 438 439 423 437 425 424
424 423 425 440 436 426 439 427
239 240 440 439 437 268 451 436
436 438 451 454 437 424 440 441
439 425 451 438 436 441 442 437
442 443 439 437 456 455 440 451
440 443 441 457 444 451 437 445
446 444 440 445 450 458 441 442
459 447 450 442 445 441 446 443
447 450 446 442 444 430 443 460
450 431 443 445 461 447 448 444
446 444 450 464 432 445 448 449
694 450 433 446 464 447 463 449
448 434 695 447 435 694 446 433
459 460 447 446 461 444 445 464
469 454 455 268 440 456 441 457
239 453 268 438 470 267 454 471
470 451 472 452 268 455 471 454
470 268 451 453 456 469 455 471
268 453 457 456 469 470 451 454
458 441 469 475 457 451 454 455
454 451 460 459 469 456 455 458
461 456 459 460 469 443 457 455
468 450 460 457 461 444 478 458
462 467 468 464 450 459 461 458
462 468 467 464 460 463 450 459
466 450 468 463 467 464 461 460
448 461 468 462 465 467 464 466
466 450 468 462 467 463 461 460
694 463 769 710 711 709 467 466
467 710 769 462 465 482 464 463
482 468 462 481 463 464 466 461
464 462 479 460 467 461 481 480
456 475 455 476 451 458 457 474
452 268 473 471 453 455 454 472
453 472 452 470 268 474 454 473
485 271 470 471 474 484 453 473
470 484 469 472 471 475 485 474
476 471 485 473 484 475 469 472
476 469 473 477 485 456 478 474
485 479 469 477 475 483 478 474
474 475 479 476 469 483 478 492
459 475 468 479 476 483 477 480
494 478 481 480 483 476 468 477
481 467 482 461 479 468 483 478
466 467 468 479 462 482 496 480
468 480 777 467 497 481 463 466
492 477 478 480 479 476 494 493
485 487 472 488 486 489 473 474
487 474 490 475 473 484 489 488
488 294 290 484 303 271 289 501
489 498 490 491 484 485 488 492
487 489 484 490 486 498 473 485
485 490 484 488 491 498 503 487
484 488 492 485 491 487 498 489
498 483 487 485 493 492 490 489
490 495 498 493 487 483 491 494
492 494 491 490 495 483 478 498
479 499 493 500 492 495 496 483
493 497 500 492 483 496 494 499
493 480 481 494 497 499 500 495
500 511 818 499 819 496 482 495
491 504 505 506 492 489 490 487
510 497 511 494 500 509 496 495
510 511 496 494 499 495 509 508
486 516 515 488 503 504 303 502
501 516 488 504 505 489 503 303
512 502 504 501 505 489 498 517
518 506 512 498 505 502 503 513
507 513 504 506 512 503 498 491
498 505 513 507 512 508 520 504
513 512 521 506 500 508 509 505
507 506 510 513 499 512 509 500
499 511 510 523 506 507 508 500
499 523 508 500 507 524 511 509
835 509 499 497 510 834 836 500
505 507 520 506 513 518 504 519
507 512 506 522 519 521 520 518
321 323 317 525 318 322 515 516
514 517 324 318 323 525 516 501
515 324 318 518 514 517 502 525
503 518 519 515 324 516 525 318
520 521 516 519 512 324 517 513
325 512 513 518 517 521 520 324
325 522 512 533 518 521 519 513
522 533 523 325 513 519 512 520
513 523 533 521 325 512 524 520
509 522 325 520 521 533 327 524
327 509 335 837 510 521 522 523
515 328 329 318 526 324 516 514
527 324 329 536 328 525 318 330
526 329 323 336 525 322 328 318
327 838 859 867 858 866 857 534
535 333 324 329 331 330 536 530
535 333 325 334 331 324 330 529
844 864 860 863 861 862 865 532
860 858 859 844 531 862 863 861
523 521 335 535 522 333 334 325
858 528 524 838 857 545 327 335
542 325 544 334 333 533 530 543
541 539 330 529 329 540 538 331
547 536 349 527 336 539 548 538
547 540 548 526 536 537 539 328
536 541 548 537 538 329 540 546
330 546 538 548 542 541 539 536
529 542 540 536 539 543 553 546
543 546 541 535 536 554 540 544
546 333 542 535 555 540 541 544
535 556 334 541 546 543 549 542
867 868 549 335 534 857 558 557
541 539 553 542 540 554 543 536
550 349 538 551 366 537 367 548
552 540 539 560 538 550 547 551
557 555 559 558 543 545 544 556
548 553 551 547 538 367 552 560
564 560 547 553 548 539 550 552
554 560 548 550 546 553 551 565
548 552 556 560 546 551 555 554
555 546 556 553 551 560 542 552
568 546 556 561 553 554 543 559
554 553 555 544 559 569 561 549
867 549 876 868 590 558 875 545
875 589 557 867 559 549 545 590
570 555 568 558 556 569 561 549
565 552 550 551 564 553 548 563
555 570 568 554 571 559 569 556
563 379 564 367 560 368 550 574
566 565 367 564 560 550 574 562
565 560 552 563 551 566 562 575
552 568 560 564 566 572 571 563
571 564 565 568 560 563 572 569
374 372 358 370 369 360 373 357
561 566 565 555 570 572 569 571
580 570 566 571 568 556 559 561
561 569 580 571 568 589 559 556
579 566 568 561 569 578 565 572
578 579 566 571 580 576 577 575
574 379 575 582 583 581 389 576
389 582 573 563 576 379 378 575
576 583 572 577 578 564 573 574
579 578 573 574 572 577 565 575
575 572 578 580 571 585 579 576
575 577 576 586 580 579 572 571
587 578 580 571 576 577 568 572
571 569 577 572 588 578 595 579
389 583 573 397 584 398 582 379
585 574 583 389 575 581 573 584
584 582 581 573 575 585 586 576
583 582 577 587 585 586 575 576
578 586 583 587 588 577 582 584
579 578 588 577 585 584 587 583
584 596 585 579 588 580 578 586
587 585 586 595 579 596 580 597
558 591 559 593 590 884 570 592
885 591 886 589 884 875 882 592
893 894 589 885 592 590 884 593
590 594 894 893 589 591 884 593
595 598 597 592 594 589 591 893
595 592 598 596 588 597 580 593
598 593 588 580 597 594 596 587
595 597 594 588 587 580 586 598
599 593 596 598 595 587 588 594
596 599 592 593 597 900 594 595
598 900 597 593 901 902 893 894
605 604 86 606 87 84 85 601
86 88 602 87 607 600 606 605
608 88 87 606 607 601 89 609
610 66 93 612 609 611 91 92
85 420 601 606 615 421 605 600
600 421 606 602 607 604 86 601
607 87 602 605 608 601 600 604
600 606 605 618 601 602 608 609
609 602 610 601 607 606 603 89
607 611 602 603 608 90 610 612
603 621 611 609 91 612 613 608
622 609 92 613 610 608 612 603
611 93 623 66 603 613 614 610
611 624 614 610 603 612 93 94
613 624 632 105 625 631 94 612
618 604 616 605 434 435 617 694
604 615 617 695 619 435 618 605
618 620 606 616 615 619 607 696
617 620 621 616 607 619 697 615
608 622 698 616 620 621 617 618
619 609 617 622 621 626 618 623
620 626 623 610 618 622 624 619
701 611 621 626 619 624 623 620
702 622 621 612 624 626 620 701
626 703 622 612 625 613 621 623
614 645 624 631 646 704 623 647
700 620 702 622 624 623 621 701
112 130 640 629 638 113 639 628
639 640 629 642 130 113 627 641
638 641 639 642 640 628 627 643
110 108 635 633 109 632 636 634
645 633 614 106 646 634 647 632
634 107 633 645 630 631 635 647
636 632 648 630 634 645 631 635
645 636 635 630 633 637 109 632
637 644 634 630 636 650 110 633
634 637 643 111 635 644 630 638
638 639 644 112 636 643 629 635
642 644 629 640 637 636 639 643
640 638 629 644 642 637 643 641
628 639 627 642 638 629 643 641
628 643 639 642 640 656 130 629
629 655 643 640 656 639 641 638
640 644 653 638 637 654 642 639
638 639 652 637 643 651 636 653
631 632 647 630 646 634 648 633
649 647 648 632 720 631 645 625
648 632 650 721 649 625 646 645
649 633 645 722 647 650 651 646
634 645 723 646 647 651 650 648
651 652 647 649 644 635 653 648
648 649 644 652 636 725 653 650
651 637 643 655 653 644 650 654
654 650 643 652 651 644 655 638
643 652 653 728 656 642 644 655
652 657 654 643 642 658 656 653
654 749 657 659 642 655 641 658
658 678 730 655 679 659 749 656
679 677 656 678 655 657 659 749
677 678 680 749 657 679 658 656
131 673 674 134 672 128 133 132
669 135 672 670 134 136 671 662
138 661 137 663 668 136 669 670
137 668 138 664 139 669 667 662
668 667 663 662 138 665 666 139
667 663 668 666 139 138 687 664
665 667 664 663 687 139 689 668
665 663 668 687 669 664 666 662
662 670 664 666 669 667 663 676
661 676 670 663 667 668 662 671
663 662 676 669 671 661 668 672
673 670 669 672 661 675 676 677
660 674 677 675 671 670 673 661
660 672 677 671 661 674 675 680
672 132 675 671 660 677 679 673
679 674 659 677 672 671 680 673
683 684 682 668 685 671 670 669
674 680 678 681 673 675 679 672
680 681 749 677 659 679 658 682
675 677 678 658 680 659 657 681
675 682 677 678 679 746 659 681
683 746 679 678 682 754 680 677
746 681 683 677 684 754 680 676
685 682 681 747 676 684 746 759
759 676 683 747 686 746 682 685
676 747 759 686 683 746 764 684
691 684 690 764 683 747 685 689
667 664 688 666 686 665 690 689
666 690 689 692 687 665 667 691
666 690 688 692 667 691 686 687
691 686 692 689 747 688 687 693
685 747 693 690 692 689 686 764
691 689 690 747 686 693 687 688
691 686 764 765 690 747 766 692
705 709 615 710 695 696 449 697
711 710 696 705 709 694 697 698
694 698 695 709 699 697 706 705
695 709 707 699 705 706 696 698
699 697 708 700 696 707 705 706
626 698 701 708 700 697 706 707
698 626 707 701 708 699 702 706
626 699 700 703 622 707 702 708
701 704 718 700 708 703 623 626
700 701 624 626 704 702 719 718
625 702 720 624 735 701 703 719
695 694 697 698 706 712 709 696
714 697 699 698 708 713 715 707
698 700 714 699 716 715 706 708
717 700 715 706 707 714 699 716
711 705 465 769 712 713 695 710
709 465 777 466 712 711 713 769
770 710 705 769 713 709 465 712
713 709 714 770 710 705 711 769
711 771 714 706 709 715 712 770
712 771 706 776 715 770 713 707
708 713 706 714 771 716 707 717
717 771 774 718 708 707 715 714
716 708 772 719 718 715 774 707
708 717 716 719 774 772 715 773
717 772 773 718 774 735 716 703
722 721 704 736 737 734 733 723
722 734 720 724 723 737 733 647
738 734 724 733 720 721 725 723
722 734 732 733 725 724 721 726
726 722 733 725 740 723 727 732
732 723 726 727 731 724 741 728
725 742 728 727 732 731 724 723
731 725 724 728 726 729 732 743
744 727 730 725 729 732 726 731
728 655 726 727 745 730 731 654
729 656 751 750 657 752 749 728
743 725 727 728 729 742 726 732
731 727 725 740 742 724 726 741
722 734 736 738 721 739 723 737
722 737 738 736 735 721 720 733
773 736 791 720 775 734 719 737
785 720 791 734 737 735 733 738
739 734 736 721 733 785 738 735
733 736 785 740 786 734 739 737
785 786 733 740 741 734 738 737
786 738 741 742 785 732 739 733
740 743 787 739 732 742 786 785
744 743 787 740 788 731 732 741
745 742 787 741 744 788 732 731
741 788 742 743 787 728 731 745
744 729 799 742 788 787 743 731
759 760 681 684 754 682 683 755
686 685 684 759 764 683 760 765
752 757 753 758 751 756 755 810
679 657 750 659 751 730 658 678
678 753 730 657 751 752 659 749
750 749 753 729 678 752 730 748
730 753 802 749 751 750 745 748
745 802 751 750 752 803 748 799
683 681 759 682 755 746 760 756
761 757 760 756 762 746 754 759
748 758 754 762 760 755 757 761
810 756 763 761 758 755 762 748
806 763 756 757 748 809 762 810
754 765 746 760 764 761 755 747
761 765 755 766 759 762 756 764
756 766 762 757 760 767 763 765
756 757 760 767 768 763 766 761
810 758 768 762 809 757 767 761
765 759 747 685 746 766 760 761
764 759 762 760 766 767 747 761
761 764 767 763 762 765 768 760
761 760 757 765 762 766 763 768
758 761 767 762 766 809 812 763
711 709 777 712 778 710 465 466
711 712 776 713 714 780 779 771
782 715 776 770 714 713 781 716
716 719 783 773 718 774 708 717
719 735 783 718 772 717 774 775
716 715 773 772 718 717 783 771
907 791 772 790 826 789 773 792
770 784 714 771 781 780 782 779
710 779 784 819 817 778 466 769
780 817 784 770 779 769 820 777
784 781 778 776 780 770 817 777
776 770 781 784 782 779 778 817
782 783 780 776 779 770 784 771
771 781 770 780 774 776 783 784
782 716 771 825 781 776 774 772
779 822 776 780 781 817 778 821
739 738 740 794 786 733 793 737
794 738 740 785 796 793 795 739
798 742 797 741 788 744 745 743
787 797 742 799 743 744 745 798
791 909 792 908 775 790 907 793
791 908 793 909 789 775 792 794
790 793 775 794 789 736 792 737
785 794 786 789 791 793 909 790
785 795 790 786 791 789 794 792
793 790 911 785 786 792 795 796
798 797 785 796 793 740 794 786
797 795 913 794 786 787 741 798
787 788 796 795 914 742 786 798
743 914 788 795 787 915 797 796
800 802 744 803 745 788 801 753
917 802 799 801 803 918 919 916
800 804 919 803 917 802 799 918
801 799 752 800 753 805 804 803
804 802 801 753 919 810 800 805
802 810 803 805 808 806 809 807
810 807 804 806 808 803 758 809
807 805 808 811 804 810 809 758
806 811 809 923 808 922 805 812
763 810 806 805 811 809 812 807
807 811 810 758 806 808 763 805
805 809 806 804 758 748 763 757
808 763 806 813 768 809 807 812
768 807 815 809 808 806 811 813
812 811 925 808 768 814 926 815
811 816 768 812 693 813 767 815
768 812 816 926 811 925 813 814
814 926 815 925 813 924 959 812
820 778 780 821 779 822 823 784
828 821 497 819 834 827 777 820
817 834 820 821 822 827 818 828
784 821 827 817 828 822 819 818
820 822 828 817 823 819 827 784
820 821 824 823 784 827 817 840
824 822 821 784 825 820 817 781
832 833 823 821 822 829 782 825
830 829 833 824 832 783 823 845
907 832 833 775 830 825 831 829
828 819 817 818 834 820 821 822
839 818 821 820 835 834 827 819
833 826 832 825 845 850 830 831
851 845 850 832 831 829 833 826
907 830 850 829 833 826 855 832
829 850 833 846 851 831 845 830
850 846 851 832 830 829 825 845
827 835 511 818 819 828 836 839
838 827 511 837 836 839 834 828
835 327 511 837 839 524 838 834
835 524 838 839 511 327 834 836
836 835 327 839 858 528 837 534
834 837 841 836 835 842 828 838
823 821 842 843 822 827 828 841
822 842 840 839 828 844 827 843
844 843 839 828 841 846 840 847
840 842 844 861 860 839 532 841
843 861 841 531 862 842 532 860
830 852 851 832 850 847 846 833
850 851 845 848 832 833 852 847
846 849 850 848 852 853 851 845
846 852 851 847 849 856 854 853
856 847 863 854 852 853 864 848
846 830 832 833 845 851 852 847
832 852 847 833 845 853 850 846
850 851 846 854 845 848 847 853
846 849 847 856 854 851 852 848
847 853 852 849 856 848 851 864
928 856 851 831 960 942 850 830
854 851 848 855 849 853 852 966
545 335 533 528 838 524 534 327
859 860 868 838 528 866 532 861
531 528 866 861 858 862 860 532
532 844 531 859 858 862 866 861
860 859 862 844 531 865 532 863
864 861 860 532 863 865 531 844
862 864 861 849 873 531 865 532
865 854 849 872 874 531 862 863
863 862 531 861 874 864 873 872
858 859 868 860 871 869 870 867
528 869 557 545 858 875 868 866
875 871 869 866 867 859 858 870
866 876 870 867 868 875 871 859
871 869 876 861 860 866 877 868
532 870 873 861 878 866 868 869
865 863 874 880 881 995 864 873
872 864 863 881 874 871 880 865
863 872 995 865 864 873 881 871
868 557 882 878 869 876 884 877
557 868 875 878 885 882 869 877
886 870 883 878 879 876 882 875
876 882 877 880 883 879 875 871
878 880 881 883 888 889 877 887
883 873 881 877 878 995 889 879
879 873 878 890 872 874 995 880
884 885 891 876 887 886 877 883
885 878 882 888 887 889 886 891
882 591 893 885 875 891 886 590
888 884 891 882 887 883 886 590
891 885 883 884 882 887 888 895
886 883 885 892 891 888 889 882
892 882 886 890 883 889 887 891
892 887 890 883 888 891 880 886
888 889 899 898 887 883 892 881
884 882 888 885 886 895 887 883
896 898 889 888 897 899 887 890
591 592 894 895 884 900 891 896
893 900 895 901 891 885 896 897
886 896 891 898 894 893 902 897
891 897 895 898 892 903 887 894
896 888 895 892 898 894 899 891
896 905 889 892 899 904 897 895
890 906 898 896 892 889 1048 897
903 895 598 902 599 894 893 901
599 893 903 895 902 894 900 904
599 901 904 895 903 894 905 900
904 902 900 896 901 906 905 897
903 898 902 896 906 901 897 905
903 898 904 897 896 899 906 902
898 904 903 1060 897 905 899 902
928 908 826 790 789 831 909 929
930 928 910 909 929 907 789 790
930 928 911 789 908 910 929 907
928 912 931 930 911 908 909 929
910 909 912 930 913 929 932 931
913 911 932 931 933 927 910 914
932 912 911 915 933 931 914 927
938 913 927 934 933 915 935 916
913 927 916 935 933 934 936 914
937 917 936 927 935 934 915 914
935 937 918 936 950 800 916 801
920 937 803 939 800 917 919 801
920 922 800 803 918 939 921 940
918 939 919 941 922 921 940 952
920 939 940 919 941 923 922 807
921 807 939 940 941 923 924 920
922 941 940 921 955 925 924 807
922 807 925 956 923 941 926 811
924 923 957 813 958 812 922 926
924 957 925 923 813 958 959 812
933 912 934 913 932 938 914 915
930 907 943 942 929 908 960 909
942 928 909 930 943 944 910 908
945 943 929 910 909 931 928 944
945 911 944 910 930 946 912 932
912 913 947 933 938 931 946 927
927 948 938 934 947 913 914 932
915 948 927 914 938 949 935 933
949 933 936 915 934 916 914 938
950 916 935 937 934 917 949 915
950 918 917 916 936 800 935 934
949 933 947 935 927 932 948 934
940 953 941 919 952 954 951 920
941 951 952 953 954 939 920 921
953 954 921 952 922 940 955 939
960 961 943 930 928 855 929 944
945 961 960 929 930 928 944 942
946 942 930 945 929 943 931 961
930 932 931 943 946 961 947 944
933 932 944 948 931 945 938 947
938 931 948 932 945 933 949 946
933 932 947 935 934 938 946 949
933 963 934 947 935 936 948 938
917 937 936 975 949 951 935 963
954 953 977 940 919 964 939 952
941 955 954 940 951 964 939 953
965 940 955 939 952 951 954 941
941 940 965 953 952 955 956 939
952 954 941 940 957 965 956 953
957 953 982 955 954 965 958 941
955 958 956 959 925 983 984 965
925 926 955 983 957 984 959 956
925 988 987 957 958 926 956 984
942 967 966 943 928 855 968 961
969 960 968 970 945 943 967 944
948 963 973 947 985 974 971 972
962 950 948 974 975 949 973 985
980 978 952 953 979 991 965 977
953 979 956 981 980 955 954 982
968 855 967 942 961 960 997 856
960 970 942 968 961 966 856 969
943 961 970 966 960 971 969 967
971 968 961 944 972 970 967 945
972 971 969 961 962 945 973 968
973 970 961 946 972 962 969 968
973 947 971 985 970 969 974 962
963 971 985 970 974 962 1080 972
973 949 962 971 985 963 972 975
976 993 963 990 974 950 985 986
986 990 992 978 977 975 951 964
990 992 978 976 979 991 986 964
992 965 964 979 976 980 991 977
964 981 965 977 991 992 978 980
982 965 991 964 978 983 981 979
965 979 984 983 991 980 964 982
981 956 984 987 979 965 980 983
988 965 984 980 987 981 982 957
987 957 988 958 982 1081 983 981
1080 993 975 962 974 963 973 972
992 950 977 978 976 1075 975 990
959 989 982 1081 983 988 984 958
1095 987 989 959 983 984 1081 1096
1095 984 983 959 988 1096 987 1097
1072 1075 975 986 976 993 992 977
977 992 1076 978 1078 979 964 980
979 1078 1075 978 1076 991 977 976
985 1021 990 1073 1080 1020 1072 975
999 998 849 997 854 1000 856 864
881 1023 880 872 1001 996 1022 874
1025 995 1023 1022 999 1000 1024 1001
998 999 856 966 967 994 1000 968
1001 966 1000 997 994 1002 1003 999
1001 1023 1000 997 1004 998 996 994
997 1023 996 1001 1022 998 1024 999
1000 996 999 1022 1023 998 1025 1024
1005 1008 1014 1004 1009 1010 1003 1013
1011 1002 1005 1010 1014 1004 1008 1009
1006 1008 1005 1009 1010 1003 1011 1002
1007 1004 1003 1009 1006 1010 1011 1012
1026 1028 1004 1027 1005 1011 1012 1007
1011 1006 1029 1027 1012 1017 1028 1030
1002 1080 1009 1015 1013 1003 1014 1010
1013 1008 1010 1019 1080 1015 1003 1014
1009 1018 1011 1019 1016 1004 1015 1014
1009 1012 1017 1018 1010 1015 1005 1016
1006 1016 1010 1028 1017 1005 1007 1011
1080 1014 1009 1020 1008 1015 1019 1010
1010 1009 1008 1020 1080 1019 1015 1013
1018 1014 1010 1019 1011 1016 1009 1020
1010 1014 1011 1017 1019 1012 1018 1015
1018 1007 1012 1015 1016 1030 1011 1029
1020 1021 1019 1017 1011 1015 1014 1016
1015 1021 1014 1013 1016 1010 1020 1018
1021 1015 1080 1013 1019 1009 1014 1018
1014 1019 1020 1073 1015 1080 1072 1018
1023 1024 995 996 881 1001 1033 1034
1035 996 1025 1001 1034 1024 1022 1000
1001 1026 1023 1031 1035 996 1025 1027
1023 1036 1026 1027 1028 1024 1031 1006
1006 1025 1027 1007 1037 1031 1028 1024
1025 1026 1029 1006 1031 1012 1028 1007
1029 1030 1031 1006 1026 1012 1007 1027
1007 1027 1012 1030 1028 1032 1031 1017
1032 1028 1016 1017 1007 1012 1027 1029
1028 1027 1039 1037 1025 1007 1038 1026
1125 1030 1029 1028 1044 1039 1041 1040
1034 1048 890 1022 1023 1042 1049 1035
1036 1035 1033 1050 1045 1042 1023 1024
1042 1050 1034 1037 1038 1036 1024 1045
1038 1025 1042 1031 1045 1034 1035 1037
1042 1038 1039 1043 1046 1036 1031 1035
1027 1046 1040 1043 1031 1037 1039 1036
1041 1044 1038 1046 1040 1031 1037 1043
1032 1044 1046 1047 1038 1039 1041 1043
1044 1032 1046 1040 1043 1047 1039 1030
1035 1051 1050 1045 1052 1034 1036 1037
1054 1040 1044 1037 1046 1039 1038 1055
1041 1039 1046 1056 1043 1055 1047 1040
1051 1037 1052 1050 1042 1036 1034 1035
1047 1039 1056 1052 1043 1055 1053 1054
1041 1046 1056 1055 1040 1043 1044 1054
898 1034 1049 890 1033 892 899 1045
1048 1033 1050 1045 1061 1060 1034 899
1051 1062 1052 1045 1035 1036 1042 1053
1050 1042 1053 1045 1036 1052 1054 1063
1058 1046 1057 1053 1054 1051 1045 1050
1043 1046 1052 1057 1051 1054 1058 1055
1053 1046 1043 1052 1055 1047 1056 1058
1046 1054 1047 1053 1058 1056 1044 1043
1046 1070 1047 1054 1055 1044 1059 1058
1058 1063 1053 1067 1052 1065 1064 1066
1057 1067 1055 1066 1046 1065 1053 1054
1071 1068 1067 1069 1158 1070 1065 1056
1061 906 899 1049 905 1048 1062 1063
1060 1049 1045 1051 1050 1064 1063 1062
1050 1060 1057 1051 1061 1052 1063 1064
1062 1064 1050 1051 1061 1066 1057 1052
1058 1067 1052 1062 1063 1066 1057 1053
1058 1067 1070 1068 1069 1059 1057 1066
1063 1069 1065 1068 1064 1058 1067 1057
1069 1070 1058 1066 1068 1065 1057 1059
1067 1066 1069 1058 1059 1071 1065 1070
1056 1059 1067 1068 1065 1070 1066 1071
1065 1068 1071 1059 1067 1069 1056 1158
1069 1065 1059 1158 1067 1159 1068 1070
1073 1021 990 985 1019 1074 1020 993
1082 1072 1074 1019 993 1020 1018 1021
1073 993 1082 1083 1091 1072 1021 1100
992 977 1084 1076 990 1078 991 1083
1083 1084 1079 978 991 992 1078 1075
981 1087 1079 1086 1081 991 1088 1078
1077 1076 1079 1081 1086 991 992 1075
1077 1076 1078 1088 981 991 1081 1087
1009 1020 1019 1021 1013 1014 1008 1015
983 1095 1089 1079 1078 1088 1090 1077
1073 1091 1083 1093 1084 1092 1075 1074
1085 1093 1103 1075 1084 1092 1082 1091
1091 1101 1086 1082 1083 1093 1092 1085
1083 1087 1091 1086 1084 1093 1092 1101
1092 1087 1084 1085 1101 1089 1088 1093
1086 1093 1088 1090 1101 1089 1085 1077
1089 1087 1086 1090 1085 1077 1102 1095
1095 1109 1090 1087 1081 1086 1088 1102
1089 1098 1081 1088 1095 1109 1087 1102
1104 1083 1084 1082 1092 1093 1085 1103
1105 1084 1091 1104 1103 1083 1093 1101
1091 1084 1086 1092 1104 1083 1101 1085
1166 1164 1157 1162 1163 1150 1165 1152
1088 1090 1077 1097 1089 1081 1087 1098
987 1098 984 1095 988 1099 1097 989
1098 1096 1095 988 1117 1089 1099 1090
1117 1118 1110 1099 1090 1116 1097 1102
1121 1118 1117 1098 1096 1119 1097 1110
1103 1082 1074 1126 1127 1091 1032 1125
1107 1085 1112 1104 1105 1092 1106 1093
1113 1089 1116 1090 1108 1109 1107 1114
1104 1112 1111 1092 1101 1091 1105 1093
1101 1092 1105 1091 1106 1111 1103 1112
1106 1103 1101 1104 1112 1093 1092 1107
1104 1105 1113 1112 1093 1108 1107 1101
1112 1109 1114 1108 1106 1113 1105 1101
1106 1101 1115 1114 1113 1102 1107 1109
1102 1113 1116 1107 1114 1135 1108 1115
1109 1117 1115 1098 1116 1119 1102 1118
1131 1138 1129 1104 1139 1132 1112 1130
1101 1111 1131 1107 1104 1103 1105 1106
1108 1109 1134 1133 1115 1107 1114 1106
1109 1135 1133 1108 1113 1107 1134 1115
1109 1141 1113 1136 1116 1114 1134 1135
1118 1110 1109 1102 1115 1117 1136 1119
1109 1102 1118 1119 1110 1098 1116 1115
1137 1098 1110 1119 1120 1116 1117 1121
1118 1136 1121 1110 1137 1116 1120 1117
1118 1110 1137 1117 1121 1119 1156 1155
1119 1116 1137 1120 1117 1099 1118 1110
1123 1151 1158 1128 1159 1146 1124 1147
1146 1127 1125 1147 1122 1126 1124 1128
1146 1122 1129 1123 1128 1126 1125 1127
1044 1126 1041 1124 1128 1123 1127 1032
1127 1032 1124 1129 1125 1128 1123 1100
1128 1126 1130 1124 1111 1129 1125 1103
1127 1123 1129 1124 1151 1147 1142 1126
1130 1124 1111 1138 1127 1142 1128 1131
1138 1129 1131 1139 1142 1111 1127 1132
1132 1111 1133 1130 1138 1143 1129 1139
1138 1139 1140 1130 1131 1133 1111 1134
1132 1144 1140 1131 1139 1135 1134 1114
1135 1133 1115 1141 1140 1114 1136 1132
1115 1136 1141 1134 1114 1140 1133 1145
1145 1134 1114 1140 1137 1141 1115 1135
1119 1155 1115 1118 1136 1120 1156 1141
1142 1139 1129 1131 1111 1132 1130 1143
1133 1131 1138 1132 1144 1143 1130 1150
1134 1139 1133 1144 1132 1145 1135 1141
1134 1135 1145 1154 1136 1115 1140 1153
1139 1148 1130 1143 1147 1149 1151 1138
1138 1148 1151 1131 1149 1142 1150 1139
1133 1143 1152 1139 1140 1153 1145 1150
1134 1141 1135 1153 1154 1144 1152 1140
1158 1151 1124 1159 1128 1122 1147 1123
1128 1142 1146 1148 1122 1143 1149 1151
1149 1147 1138 1150 1151 1139 1142 1143
1148 1147 1143 1142 1150 1138 1139 1151
1157 1143 1149 1144 1139 1152 1148 1142
1142 1146 1147 1149 1122 1143 1148 1138
1145 1157 1153 1144 1141 1140 1154 1150
1140 1144 1157 1145 1152 1141 1155 1154
1141 1156 1152 1145 1155 1157 1167 1153
1171 1154 1137 1153 1145 1156 1141 1170
1171 1170 1120 1153 1155 1154 1137 1172
1164 1163 1094 1150 1166 1153 1152 1165
1071 1069 1122 1146 1059 1159 1160 1070
1162 1151 1147 1122 1160 1146 1161 1158
1159 1162 1122 1151 1161 1163 1147 1148
1094 1164 1163 1160 1162 1148 1159 1149
1163 1149 1160 1165 1094 1161 1164 1150
1161 1094 1165 1164 1160 1162 1150 1157
1165 1162 1163 1161 1094 1166 1167 1157
1167 1163 1094 1152 1166 1168 1157 1164
1165 1157 1167 1164 1168 1153 1094 1169
1170 1168 1169 1171 1166 1165 1154 1157
1169 1165 1167 1172 1166 1170 1171 1164
1168 1171 1165 1166 1172 1170 1155 1167
1168 1171 1169 1155 1166 1167 1156 1172
1156 1168 1170 1166 1172 1169 1167 1155
1156 1171 1168 1169 1166 1167 1155 1170