1 35 34 36 14 33 32 15
36 35 34 33 14 31 32 15
29 32 3 31 14 30 13 28
13 26 37 30 28 12 29 27
23 11 24 27 5 26 12 25
22 10 11 21 38 25 24 23
9 10 18 19 21 22 7 20
9 20 18 16 17 19 39 8
9 20 18 16 17 19 39 7
8 20 18 39 17 19 6 7
22 38 11 19 21 5 6 20
10 38 22 24 4 5 23 25
27 24 26 3 4 25 13 37
27 29 2 3 28 30 37 12
31 1 2 30 32 36 15 29
0 1 35 34 32 36 14 33
8 9 20 18 17 19 39 7
8 9 20 18 16 19 39 7
39 9 20 17 16 19 6 7
20 9 10 39 21 18 6 7
19 9 10 17 39 18 6 7
23 22 10 11 38 5 6 19
23 24 10 11 21 5 6 38
38 21 25 24 4 5 22 11
25 38 12 23 4 5 22 11
24 12 38 23 4 5 26 11
28 13 25 3 4 37 12 27
37 13 26 3 4 29 12 28
30 29 2 3 27 13 26 37
14 28 2 3 27 13 37 30
37 28 2 3 31 13 14 29
30 1 2 36 15 32 14 33
31 1 2 36 15 35 14 33
0 1 35 32 15 34 36 31
0 1 35 32 15 33 36 31
0 1 34 32 15 33 36 31
35 1 34 32 15 33 14 31
12 27 30 3 29 26 28 13
11 22 10 23 25 5 24 21
8 9 19 17 16 18 20 7
59 41 62 60 63 61 57 58
59 62 57 60 61 40 63 58
43 65 64 55 67 56 66 54
65 55 66 54 56 67 42 64
53 71 70 51 69 45 52 68
52 70 51 44 53 68 69 71
49 48 50 75 73 72 74 47
75 48 72 49 73 50 74 46
74 46 72 47 73 49 50 75
50 76 48 47 72 73 74 75
47 48 49 75 72 73 74 46
53 71 68 69 70 45 52 44
68 51 78 69 71 45 70 53
68 71 44 51 45 52 69 70
56 67 66 64 65 43 42 55
80 66 65 56 67 43 64 54
42 55 54 64 65 66 43 67
63 62 61 58 60 40 41 59
82 62 60 57 61 41 63 59
63 41 61 57 40 60 58 62
40 41 63 57 61 59 58 62
40 58 59 63 60 57 41 62
82 61 59 57 60 41 63 58
82 61 59 57 60 41 62 58
56 54 42 66 65 55 43 67
66 42 56 64 54 67 55 43
65 43 56 55 67 64 80 54
80 65 43 55 66 64 56 54
53 71 44 69 45 52 70 51
71 70 45 44 51 68 53 52
71 68 78 53 69 45 51 52
68 51 78 53 70 45 69 52
47 46 49 75 74 73 50 48
49 48 76 47 74 72 50 75
49 46 75 48 73 72 50 47
49 48 76 47 73 72 50 74
49 75 74 93 72 73 92 91
50 91 93 90 94 95 115 114
70 96 71 97 69 89 68 52
98 112 53 113 97 88 89 99
65 64 100 87 66 55 67 101
111 56 87 103 102 86 110 101
63 61 104 105 60 58 85 62
109 107 108 105 106 59 84 85
85 108 104 109 105 106 83 107
106 105 60 82 83 109 104 61
104 82 111 63 81 87 103 110
80 65 101 64 100 111 81 102
89 112 100 67 99 113 80 79
98 113 69 78 79 96 97 68
96 114 78 91 77 71 95 115
77 76 74 94 115 72 92 93
76 77 94 91 93 73 74 115
76 77 115 91 92 73 74 94
77 76 93 115 95 114 92 91
78 91 77 114 90 115 96 94
78 113 95 79 98 97 69 89
98 89 69 70 78 96 113 79
112 99 113 78 89 96 79 97
98 112 100 113 88 89 79 80
99 111 81 80 101 87 102 65
100 102 66 65 87 81 111 80
80 111 87 101 100 103 81 110
82 81 104 102 87 110 86 111
105 83 106 61 103 109 82 85
82 62 61 85 109 104 106 83
105 85 108 82 83 107 104 109
84 105 85 108 104 106 83 109
84 106 85 109 104 107 83 105
104 84 85 108 105 107 83 106
86 81 101 82 111 87 102 103
103 81 110 87 86 102 101 100
97 98 79 89 88 99 113 80
99 88 96 112 89 98 97 79
93 90 95 115 91 94 77 78
91 95 90 77 93 114 94 92
136 140 137 138 141 139 117 142
136 116 139 140 137 142 138 141
135 144 132 143 133 145 119 134
132 118 133 134 145 135 143 144
129 131 130 148 121 128 147 146
146 128 148 130 120 131 129 147
125 124 126 123 127 150 151 149
150 149 124 151 127 122 125 126
150 149 122 127 126 151 123 125
150 123 122 126 127 151 149 124
150 149 123 125 151 122 127 124
122 125 123 151 124 149 126 150
129 120 146 148 131 147 130 121
128 146 131 147 120 148 130 121
128 121 131 146 129 148 147 120
147 146 130 148 121 120 128 129
118 145 135 134 119 133 144 143
145 118 135 132 119 144 134 143
145 119 144 143 135 118 133 132
134 144 132 145 119 133 143 118
138 142 139 137 116 117 140 141
140 141 139 136 117 116 138 142
140 136 117 137 142 116 141 139
116 138 142 140 137 136 141 117
139 138 142 117 141 137 116 136
139 140 138 136 137 116 117 142
139 140 138 136 117 116 137 141
118 132 144 119 145 134 133 135
143 118 133 134 132 145 135 119
144 134 118 132 119 143 133 135
148 129 131 128 130 120 147 121
120 131 128 129 130 148 146 121
128 129 130 146 120 147 131 121
127 123 122 125 126 150 151 124
127 122 124 125 126 149 123 151
127 123 122 125 126 150 149 124