1 2 3 4 5 6 148 91
0 2 3 4 5 6 92 91
0 1 3 4 5 6 92 91
0 1 2 4 5 6 92 91
0 1 2 3 5 6 92 91
0 1 2 3 4 6 92 91
9 1 91 92 4 5 7 8
9 91 11 10 4 13 6 8
9 12 11 10 91 13 6 7
8 12 11 10 87 13 6 7
8 12 11 9 87 13 89 7
8 12 10 9 89 13 87 7
89 11 10 9 14 13 15 87
84 11 10 87 88 12 89 90
17 20 19 18 84 12 15 16
17 20 19 18 86 84 14 16
17 20 19 18 84 22 14 15
16 20 19 18 21 22 14 15
16 20 19 17 80 82 14 15
16 20 18 17 21 22 78 80
16 19 18 17 21 22 14 23
81 19 78 80 20 22 23 79
78 19 18 17 20 21 24 23
25 19 74 78 20 21 24 22
25 79 26 74 76 21 23 22
24 72 26 27 71 76 23 74
24 28 25 27 74 72 73 71
24 28 25 26 72 71 73 70
73 27 25 26 72 68 70 71
33 67 34 65 66 31 32 30
33 65 34 67 62 31 32 29
33 65 34 35 62 30 32 29
33 63 34 65 62 30 29 31
32 67 34 65 62 30 29 31
32 36 33 35 37 30 31 62
32 36 61 34 37 41 31 39
41 35 39 34 37 40 42 38
41 35 39 34 36 40 42 38
42 44 40 43 56 59 45 57
41 45 38 44 36 40 42 37
41 44 38 43 56 39 42 45
40 45 38 44 36 39 42 37
40 44 38 43 56 39 41 45
47 44 48 42 46 38 45 56
40 43 38 42 46 56 47 45
40 43 38 42 46 56 47 44
40 43 49 56 45 48 47 44
50 43 56 49 45 48 46 44
50 43 51 49 45 47 46 44
50 43 51 48 45 47 46 52
49 43 51 48 53 47 46 52
49 55 50 48 53 47 46 52
49 54 50 48 53 47 55 51
115 54 50 49 52 113 55 51
55 52 113 115 53 116 51 114
54 53 113 115 52 116 51 114
46 43 57 59 45 38 44 58
56 111 60 59 43 38 109 58
107 57 105 109 56 38 59 60
57 58 56 111 43 38 60 109
57 59 56 107 111 38 58 109
64 104 63 106 35 62 105 58
32 61 106 34 65 64 63 104
32 61 106 67 64 65 62 104
32 62 65 104 105 106 63 61
32 64 33 67 62 104 63 31
32 65 33 69 67 30 29 68
32 66 33 63 62 104 69 65
67 28 33 66 69 73 29 70
68 73 33 103 70 66 29 67
71 28 72 26 27 73 69 68
76 74 25 26 27 72 77 73
76 28 25 26 27 70 73 71
71 28 25 26 27 76 70 72
24 76 79 77 71 21 75 78
80 76 78 81 101 77 74 79
79 71 78 81 21 75 74 77
79 102 74 71 101 76 81 75
74 19 101 79 21 75 81 80
78 77 81 74 21 75 76 101
83 19 98 101 21 78 79 81
74 80 79 78 21 75 83 101
97 94 95 98 99 83 86 93
94 99 97 86 81 98 80 82
93 85 89 82 94 86 90 15
86 89 88 94 90 84 95 93
97 95 93 83 82 85 84 94
84 11 90 85 13 12 89 88
87 90 140 84 13 93 85 89
85 86 88 84 13 93 87 90
84 86 93 85 13 89 87 88
8 1 92 143 4 5 6 7
143 144 142 91 4 5 6 145
86 94 90 96 95 84 85 97
98 86 96 83 93 97 82 95
138 86 93 97 85 96 82 94
97 138 94 86 82 98 95 93
83 86 99 82 95 98 94 96
97 94 100 82 80 83 101 99
82 97 83 80 101 100 98 94
98 83 82 94 99 101 96 97
75 80 79 78 81 98 99 83
128 129 132 134 77 135 103 131
128 133 129 130 102 131 132 134
106 62 105 65 64 63 61 67
60 61 109 106 64 58 108 107
107 62 109 61 104 64 63 105
108 106 109 60 105 58 110 111
111 112 127 107 110 105 109 60
105 107 110 60 58 108 57 59
112 60 122 126 108 127 111 109
112 59 110 122 108 109 60 57
126 110 125 111 123 108 122 127
119 117 55 115 54 118 116 114
119 116 120 113 121 118 115 117
119 117 55 114 54 118 116 113
119 115 179 113 121 118 114 117
115 113 120 118 121 114 119 116
117 113 179 116 114 121 119 115
179 180 118 117 114 121 120 116
117 124 121 119 118 123 125 174
123 120 118 119 117 125 114 124
127 176 112 110 126 125 124 123
174 126 121 122 125 124 120 176
126 125 176 121 174 122 123 120
126 176 120 175 174 123 124 122
127 170 174 171 124 122 176 125
172 171 110 126 170 122 168 173
102 134 103 133 130 129 131 132
103 133 130 131 102 128 132 164
165 133 131 128 132 164 129 103
128 103 135 132 134 133 129 102
129 131 136 133 134 135 128 102
132 135 130 136 134 161 163 162
136 162 132 133 131 137 102 135
102 162 136 134 137 133 161 132
133 132 135 134 163 161 162 137
135 161 133 162 132 136 134 163
93 95 140 94 139 160 97 96
96 159 140 210 158 160 95 138
139 141 93 96 90 160 138 88
140 88 139 142 157 158 138 90
92 145 141 156 155 157 143 140
155 142 92 91 153 145 154 144
151 146 143 152 147 154 145 153
154 144 143 153 147 146 152 151
148 147 149 150 152 144 151 153
144 148 153 146 152 145 151 150
150 146 147 149 152 153 151 144
150 146 147 148 152 144 151 153
146 154 153 147 149 152 151 148
154 153 147 146 149 152 150 148
150 147 146 144 151 154 149 153
150 144 151 154 145 146 147 152
150 155 152 153 145 144 147 151
143 152 144 154 156 153 145 213
155 141 143 158 213 142 157 212
141 211 140 160 158 156 159 212
210 208 211 139 160 157 159 212
210 208 209 160 158 206 139 207
140 210 209 158 139 96 159 138
162 163 135 137 201 133 136 134
135 134 163 136 133 161 137 132
162 200 165 164 136 133 201 161
130 201 162 165 133 163 200 129
199 200 201 164 133 198 130 163
165 235 197 196 233 200 167 164
166 164 196 200 130 197 165 233
194 169 172 173 193 191 190 127
173 127 191 195 193 194 190 168
188 176 178 173 172 175 171 177
173 170 127 175 176 126 178 172
189 175 170 188 176 173 178 171
176 168 171 172 126 127 178 170
126 176 171 125 124 175 177 170
188 176 177 186 170 174 178 171
177 174 125 126 175 171 170 178
176 172 188 178 175 186 170 174
189 170 177 176 175 188 186 172
121 180 119 118 182 181 116 117
185 119 118 181 179 182 183 184
184 183 179 180 185 255 182 119
255 184 181 253 183 180 185 179
255 181 184 182 180 256 185 253
253 252 180 182 255 185 181 183
252 181 253 182 183 255 254 184
177 188 187 175 170 172 189 178
249 186 250 252 251 247 189 188
186 172 189 178 170 177 175 187
249 186 190 187 188 172 191 178
168 193 189 192 194 169 172 191
193 190 195 189 244 194 192 250
191 246 245 244 194 195 193 190
192 191 246 195 190 168 194 169
192 169 173 193 190 191 195 168
194 193 191 190 242 246 192 241
234 235 166 236 237 197 233 167
273 233 166 167 200 235 196 234
227 202 229 200 199 201 231 232
202 200 201 198 231 229 232 227
164 201 227 198 199 130 163 165
200 199 163 202 228 198 227 229
201 230 298 198 227 228 199 229
205 207 204 225 206 223 222 298
223 222 206 207 203 298 225 205
222 206 210 204 298 203 209 207
222 207 209 204 223 219 210 203
206 203 223 209 210 219 208 222
221 210 219 209 223 207 211 220
219 206 210 159 223 221 208 207
205 223 209 159 208 219 206 207
216 212 219 208 221 217 220 215
211 217 158 216 220 215 208 221
156 291 292 214 153 294 154 155
290 289 292 291 294 213 155 293
212 216 220 217 208 211 221 286
215 286 212 287 217 211 220 221
220 208 219 216 211 215 212 221
221 284 219 285 222 223 220 283
222 223 208 207 206 220 221 209
207 223 221 211 208 217 218 219
209 219 211 217 207 208 220 212
206 225 204 209 207 223 203 219
206 207 219 203 222 220 209 208
283 230 298 225 281 279 226 282
203 298 282 224 226 222 279 204
228 225 230 282 224 298 222 203
201 232 230 229 202 198 228 199
229 298 202 199 227 230 226 201
228 232 202 227 199 275 231 230
202 229 228 281 226 224 232 227
229 199 232 276 275 274 198 278
230 278 229 276 275 227 274 231
166 197 234 272 196 273 235 167
231 196 197 233 273 272 276 235
197 271 237 272 233 236 239 240
237 240 239 271 241 235 242 238
271 235 236 272 270 238 239 240
242 268 240 269 270 239 236 241
268 237 241 242 236 240 238 270
237 242 270 238 236 239 235 271
238 193 195 192 242 239 268 246
195 269 241 239 270 238 268 246
250 249 245 267 248 244 246 247
246 243 245 250 191 248 192 249
242 243 192 244 246 195 250 248
192 242 243 244 241 195 245 193
248 249 250 243 244 266 267 187
267 243 244 250 245 247 246 249
248 243 191 250 247 187 244 189
244 248 249 243 187 247 189 191
260 187 254 259 253 262 252 265
185 186 187 260 254 253 262 251
255 254 258 251 185 259 260 261
261 252 253 259 251 263 262 260
185 182 252 253 259 254 184 183
259 258 260 253 255 183 257 261
256 253 258 261 259 260 263 254
256 260 261 257 253 259 254 263
258 262 263 254 260 251 253 261
253 262 251 261 259 254 263 265
263 258 262 253 254 260 259 264
251 254 263 259 265 260 261 264
260 259 254 262 261 264 265 266
265 267 263 261 262 260 254 266
264 260 267 251 262 266 263 247
247 263 265 262 243 248 264 267
249 243 264 266 265 247 262 248
242 240 270 245 238 241 269 239
242 245 270 246 268 241 240 238
271 239 268 242 238 241 269 240
268 235 237 238 270 236 240 272
273 271 236 235 234 240 233 237
233 271 272 276 235 237 197 234
232 229 278 276 277 275 280 231
229 277 278 232 230 231 276 274
232 231 229 230 274 277 275 278
281 275 280 282 278 232 274 276
275 229 232 274 276 280 281 277
281 224 283 284 280 282 225 226
277 230 282 281 279 278 224 275
282 280 279 230 278 277 224 229
225 280 281 224 277 226 279 283
281 218 225 284 285 282 224 279
218 285 283 220 224 225 279 282
220 283 218 224 284 223 219 279
220 217 215 211 216 287 212 288
216 290 291 288 215 286 217 289
289 290 216 286 291 215 292 287
286 294 291 292 287 214 288 290
289 286 288 287 214 292 291 216
292 288 294 289 214 287 293 290
214 289 290 291 213 293 294 288
294 292 295 297 291 296 213 214
213 214 295 291 296 292 297 293
292 296 293 213 297 291 294 214
214 292 294 295 291 297 293 213
214 295 292 294 293 296 149 213
228 226 225 203 204 205 224 222