1 2 3 4 5 51 48 45
0 2 3 4 51 48 49 45
0 1 3 4 49 51 48 45
0 1 2 4 5 6 45 48
44 1 2 3 5 6 45 42
45 42 44 3 4 6 7 8
9 42 40 44 4 5 7 8
9 10 40 39 42 5 6 8
9 10 11 40 39 5 6 7
8 10 11 12 40 39 6 7
8 9 11 12 40 36 39 7
8 9 10 12 13 36 35 39
8 9 10 11 13 14 15 36
35 9 10 11 12 14 15 16
32 34 33 11 12 13 15 16
32 34 33 35 12 13 14 16
34 33 32 35 12 13 14 15
66 19 18 20 94 67 68 93
66 19 17 20 21 67 68 65
66 18 17 20 21 67 23 65
64 18 65 19 21 22 23 66
65 66 64 19 20 22 23 67
64 66 65 19 20 21 23 24
64 66 65 67 20 21 22 24
25 64 65 63 20 21 22 23
26 27 62 28 29 72 63 24
27 25 30 28 29 63 62 72
28 72 26 29 30 62 63 25
27 25 63 29 30 62 72 26
62 25 27 28 61 26 30 31
62 61 27 26 25 28 29 31
16 30 59 61 29 32 58 60
16 33 35 34 36 13 14 15
16 34 32 35 36 57 14 15
16 33 32 36 35 57 14 15
34 56 32 11 36 13 37 33
33 10 39 11 38 37 35 34
39 10 41 11 36 40 35 38
41 43 42 10 39 44 37 40
42 10 9 11 40 37 38 41
42 10 41 39 44 38 43 7
39 38 37 46 44 40 43 42
40 41 38 39 43 44 6 45
38 44 48 45 46 42 41 47
48 41 43 40 4 5 45 42
44 1 48 46 4 5 42 43
44 50 48 49 47 55 45 43
48 54 50 51 46 49 45 43
47 1 51 45 49 44 46 43
53 1 51 50 47 46 52 48
48 1 53 46 47 51 49 52
50 1 2 49 48 46 47 45
55 53 49 47 46 54 51 50
54 52 55 47 49 50 46 81
53 49 46 52 50 55 47 81
49 47 81 46 54 53 80 52
78 57 37 38 36 35 34 79
58 34 76 56 33 35 77 59
59 60 76 77 86 75 57 74
58 86 60 75 76 77 74 61
58 59 75 77 61 76 74 86
59 75 30 60 74 76 31 58
27 25 72 28 29 30 73 26
24 26 25 27 28 62 73 72
71 65 67 66 20 21 22 23
66 67 64 68 20 21 22 23
65 68 64 67 20 21 22 23
64 18 65 68 69 90 66 70
88 89 90 67 69 71 66 70
89 70 88 90 68 87 67 71
90 67 88 89 69 87 68 71
88 90 69 64 89 70 68 87
27 62 26 28 73 30 63 25
108 25 28 26 72 30 63 62
86 61 76 58 75 60 77 59
59 77 61 86 76 74 60 58
86 77 75 74 59 85 60 58
85 58 57 76 60 86 75 59
80 81 41 38 37 79 57 56
37 38 56 55 81 80 41 78
54 41 43 78 79 38 55 81
80 54 79 52 53 78 55 43
148 83 53 50 84 52 185 186
148 84 225 226 82 52 186 185
83 82 186 226 148 225 52 185
57 58 77 86 60 75 76 59
76 75 60 59 85 77 74 58
88 89 69 105 90 70 106 71
89 87 105 90 104 70 69 71
90 69 88 87 104 71 103 70
87 69 88 89 68 104 103 70
101 114 90 103 102 116 92 93
116 99 91 101 93 102 114 119
99 100 91 94 116 101 92 119
93 96 99 97 95 98 100 122
124 97 99 96 94 98 100 127
97 98 99 127 94 124 95 129
124 95 99 122 94 98 127 96
127 122 124 125 128 129 126 97
100 97 95 94 93 122 92 119
99 121 116 119 122 123 124 94
92 90 93 103 114 116 102 91
116 117 114 112 113 103 115 101
106 104 89 88 101 102 90 105
89 103 112 88 90 106 87 105
88 103 106 89 87 70 90 104
88 87 105 89 90 104 103 107
145 143 108 111 106 105 87 146
145 109 143 146 106 111 107 110
146 145 144 110 108 143 111 147
144 145 111 109 143 108 146 147
110 145 109 143 146 144 108 147
114 104 113 103 142 115 117 102
103 115 112 114 116 118 117 102
117 119 116 113 102 120 118 115
113 117 141 118 102 114 120 116
115 120 102 118 114 121 119 117
115 116 114 140 119 118 120 113
115 116 121 120 119 139 117 114
118 117 100 121 114 115 120 116
117 116 121 118 138 139 115 119
118 120 123 122 116 125 119 100
125 121 126 100 128 124 123 98
125 126 124 121 135 122 128 136
123 98 122 100 128 127 126 125
135 134 122 128 123 126 124 98
125 129 123 122 128 127 124 98
126 125 98 124 130 129 128 97
124 98 125 126 133 129 123 127
126 132 98 131 124 127 128 130
126 132 98 129 128 131 127 133
164 132 166 128 130 163 127 129
129 163 164 131 127 130 128 166
126 161 136 134 163 135 162 128
162 133 126 135 136 159 161 128
123 161 159 125 126 136 134 133
134 123 157 137 125 135 159 133
138 139 156 136 135 155 158 157
155 118 120 157 140 139 141 137
138 141 137 155 120 118 117 140
151 115 155 139 118 138 141 117
115 138 139 117 140 152 151 142
112 153 152 151 141 140 149 150
108 110 145 144 107 146 147 111
110 145 184 146 111 143 109 147
146 107 110 144 108 111 147 143
145 109 144 143 147 110 108 111
144 143 145 109 146 110 184 111
186 225 226 185 228 281 82 83
142 151 152 191 150 183 153 182
151 152 140 149 154 141 142 153
149 152 154 141 150 140 153 142
141 149 181 154 150 153 151 142
150 155 152 182 180 151 154 181
180 156 155 178 152 181 153 140
153 154 137 138 140 156 157 139
154 177 158 155 157 178 137 176
155 138 156 176 159 137 158 178
137 176 156 178 157 177 159 160
174 136 161 135 158 134 160 157
158 134 159 175 174 133 172 161
162 134 133 159 160 135 163 172
161 166 160 133 164 163 134 165
165 164 168 161 162 133 134 166
162 166 161 168 169 165 163 167
172 164 168 166 163 169 167 162
169 162 132 165 167 163 164 168
207 168 169 165 206 170 166 171
165 170 169 164 163 167 166 171
168 167 172 166 171 206 165 170
172 173 207 171 169 167 206 205
203 205 172 206 169 204 170 173
160 204 203 170 174 173 171 205
205 204 202 170 203 172 171 174
201 173 203 172 175 176 160 200
200 174 199 202 176 198 203 201
198 158 177 199 157 178 156 175
196 198 197 178 179 199 175 176
196 157 180 176 156 158 179 177
177 181 180 178 195 196 194 156
181 182 154 195 194 153 179 178
182 153 191 179 180 154 193 194
153 192 183 194 193 181 191 180
149 193 191 150 190 192 182 181
147 144 145 146 189 183 143 149
186 225 226 148 281 228 282 227
280 148 224 188 229 231 230 187
229 230 188 224 280 186 279 231
224 187 230 284 186 229 231 279
221 183 184 222 191 223 192 190
192 221 220 189 191 183 182 193
192 183 182 190 181 180 194 193
182 195 183 191 181 194 190 193
194 195 191 192 181 179 180 182
181 179 182 180 193 196 192 195
193 196 178 194 197 179 180 177
179 177 197 195 198 178 194 215
214 195 215 196 177 199 216 198
199 196 175 177 176 215 197 200
196 175 201 200 198 197 177 176
176 202 174 199 175 198 203 201
204 202 175 174 199 173 200 203
174 175 173 200 201 204 203 205
172 204 171 173 174 175 201 202
203 206 202 171 173 201 170 205
202 206 207 204 171 170 173 203
207 170 205 169 204 173 172 171
208 206 171 170 169 167 204 205
209 252 247 207 250 249 248 251
248 246 210 250 249 211 247 245
248 209 247 212 245 249 246 211
247 244 245 210 213 212 209 246
213 243 214 244 242 245 210 211
215 212 243 244 241 211 214 242
241 212 215 242 244 243 216 213
216 217 198 196 213 214 240 197
239 240 215 214 241 197 217 218
219 238 216 239 218 240 215 237
219 237 216 217 220 239 240 238
217 238 218 235 220 237 236 239
221 234 237 235 236 218 219 238
232 233 234 190 235 236 220 222
233 221 189 223 234 232 235 190
233 272 222 232 221 190 273 189
229 230 279 186 284 188 187 231
281 282 148 228 226 283 185 227
148 282 225 228 283 227 185 281
281 282 283 228 343 225 342 226
281 283 226 227 341 225 282 343
231 224 280 186 281 187 230 279
188 187 229 231 279 285 224 284
286 230 279 187 188 285 284 224
270 269 233 235 221 234 222 271
236 234 221 270 271 269 235 232
220 232 269 235 237 233 221 236
233 268 220 237 238 234 232 236
233 238 219 235 220 239 234 237
220 238 218 234 235 236 239 219
236 235 240 219 239 218 217 237
240 236 238 264 237 217 218 219
217 241 238 242 215 216 218 239
216 243 242 244 240 214 261 262
240 241 214 260 244 213 261 243
242 260 244 241 213 214 259 212
242 212 259 241 245 213 211 243
244 210 247 212 211 258 246 248
248 257 210 211 249 209 245 247
245 246 210 248 256 209 249 251
250 246 245 251 247 255 209 249
248 210 208 209 247 252 250 251
251 248 208 247 252 249 210 209
249 247 255 248 208 250 252 254
253 248 247 251 254 208 249 250
256 254 248 255 252 314 315 251
255 252 248 315 253 251 256 314
313 254 257 315 314 258 248 256
314 315 247 254 257 313 255 258
314 312 246 255 313 247 258 256
312 257 311 245 255 313 259 256
244 262 311 312 260 258 261 309
259 262 261 244 309 311 243 242
260 309 242 308 241 263 259 262
263 308 261 309 241 260 259 307
306 264 265 308 307 261 262 309
265 239 267 266 306 307 263 305
306 264 305 266 268 238 267 263
265 237 268 269 304 264 305 267
305 265 304 268 264 266 269 236
265 266 271 267 269 304 270 235
268 267 266 270 301 234 271 304
301 269 233 300 267 271 234 268
232 269 270 268 300 234 301 233
275 300 276 273 297 299 274 298
298 296 299 272 276 274 297 275
298 296 297 276 273 275 277 272
277 295 296 276 274 273 278 272
275 278 295 277 273 296 294 274
276 296 274 294 295 278 275 293
274 276 295 275 294 296 293 277
339 287 230 231 284 288 285 286
229 281 341 340 228 230 186 224
225 227 341 228 229 342 340 280
341 228 283 227 343 225 342 226
341 228 225 227 342 226 343 282
339 287 288 231 279 230 285 286
284 287 288 286 230 279 231 339
279 287 344 346 285 288 284 339
345 285 348 346 289 288 286 347
348 351 289 346 290 345 347 287
290 288 353 348 350 291 287 351
356 352 289 351 353 288 292 291
289 290 358 353 292 355 356 357
291 357 355 356 354 289 290 358
337 278 296 338 336 277 294 295
338 296 297 293 335 336 295 337
293 294 336 334 296 297 337 335
297 334 298 294 335 336 295 333
298 334 299 332 335 295 296 333
299 297 332 335 333 295 296 334
297 298 273 333 272 296 334 332
303 302 271 329 268 269 301 270
304 300 302 269 271 329 270 303
303 301 328 329 331 304 300 330
300 330 304 327 301 302 328 329
305 266 267 268 303 265 269 301
264 303 265 267 266 306 268 304
308 266 262 263 305 307 265 264
261 309 308 305 264 263 262 306
309 260 306 310 261 262 307 263
262 311 261 310 259 307 308 260
322 312 311 321 308 309 320 260
260 321 310 259 312 313 258 309
314 310 259 311 256 257 258 313
314 257 258 315 255 312 311 256
254 258 256 313 312 257 255 315
258 255 253 257 314 254 313 256
314 315 320 318 319 313 312 317
312 320 316 313 315 314 318 319
319 316 321 320 314 312 313 317
318 312 321 320 310 322 311 317
319 312 322 318 323 321 310 311
323 324 310 319 311 322 309 320
309 321 323 324 319 310 325 320
321 325 310 320 308 309 322 324
321 306 307 325 322 323 326 308
327 305 326 306 307 323 322 324
328 330 329 303 327 305 325 324
328 325 329 303 304 302 330 326
301 327 302 329 326 303 331 330
328 330 327 331 300 302 301 303
301 329 326 327 328 331 302 303
330 328 302 301 303 332 329 300
297 364 298 334 299 335 365 333
299 334 296 335 297 298 336 332
298 336 299 296 332 333 297 335
336 337 296 294 297 333 334 295
295 338 296 297 335 294 334 337
335 293 336 294 338 334 296 295
335 360 293 295 337 359 294 336
345 284 287 346 344 279 285 286
229 281 341 370 371 342 372 280
342 343 228 282 340 281 283 280
341 227 282 228 283 340 343 281
281 227 342 282 283 228 340 341
375 347 348 350 346 287 345 349
350 287 351 346 349 344 348 347
348 345 347 344 288 349 351 287
346 351 345 350 349 344 348 352
350 349 346 347 351 345 288 344
350 345 351 352 348 353 347 346
345 351 354 347 348 349 352 353
349 347 352 289 353 350 354 348
350 354 348 351 353 349 355 356
355 349 354 350 351 356 290 352
351 356 357 358 352 355 350 353
357 354 353 356 358 351 352 350
357 355 354 352 353 291 358 292
356 291 292 358 355 354 353 352
292 356 357 352 353 291 355 354
361 360 369 336 337 338 362 363
368 337 338 363 361 362 336 359
363 359 360 362 368 337 364 336
359 335 365 363 368 360 364 361
334 361 362 360 367 364 368 365
365 367 361 366 362 363 368 333
333 367 368 362 332 366 364 363
364 368 365 367 361 363 377 362
364 365 368 377 366 362 361 363
363 365 364 360 366 361 362 367
368 362 360 337 361 359 338 363
383 381 373 382 393 372 371 374
372 382 373 370 374 380 383 381
374 381 373 382 370 380 383 371
370 374 371 390 372 380 381 382
382 372 381 390 373 370 371 380
344 376 346 347 378 379 345 348
379 378 345 347 350 349 344 375
366 384 368 364 367 365 363 362
347 375 389 376 344 388 345 379
344 378 375 388 345 347 376 389
373 381 371 391 374 372 390 382
371 383 370 393 372 382 394 380
372 393 371 383 392 394 370 381
371 392 370 382 393 394 381 396
377 386 366 400 385 387 367 368
399 384 386 400 387 366 377 367
400 366 385 387 384 377 367 399
377 366 399 385 367 384 386 400
378 347 379 375 345 376 389 344
344 390 379 378 388 376 375 391
393 391 374 398 397 392 394 380
394 390 396 397 393 398 392 380
383 395 391 393 396 381 397 394
394 392 397 396 382 395 383 381
393 382 395 381 396 383 397 392
398 392 383 394 391 396 397 393
394 398 383 393 395 391 397 392
391 383 395 393 398 396 394 392
392 396 391 395 394 390 393 397
415 414 377 386 400 385 387 384
415 384 387 385 399 386 414 377
427 403 416 399 428 404 400 417
412 411 425 407 424 410 409 408
427 428 417 430 401 399 416 404
417 428 427 399 430 403 416 401
391 398 390 406 397 412 395 396
405 422 397 412 395 421 411 398
409 412 423 410 408 402 424 425
409 423 412 402 410 407 424 425
425 410 423 407 408 411 424 412
425 424 423 412 409 411 407 408
424 421 410 422 412 409 426 423
424 421 411 410 423 409 408 422
389 406 405 419 418 378 388 420
384 385 387 399 377 400 386 415
386 387 384 400 399 377 385 414
427 404 401 430 428 403 399 417
427 428 401 403 416 404 399 430
419 405 378 413 420 406 388 389
389 406 418 420 378 388 405 413
413 405 389 406 418 378 388 419
411 424 422 423 409 429 412 426
409 412 410 421 423 411 426 424
421 425 426 429 424 409 410 422
426 411 410 425 408 409 423 422
424 409 429 407 408 410 426 423
423 411 425 422 421 409 424 429
399 428 430 416 404 403 401 417
403 427 404 416 430 415 417 401
423 431 425 422 421 432 424 426
404 417 403 401 416 427 415 428
425 422 421 424 423 426 429 432
426 424 421 425 423 422 429 431
434 402 408 437 436 425 435 407
433 402 435 438 437 343 436 283
433 402 438 437 436 343 434 283
434 402 407 435 437 438 433 283
433 402 407 435 438 436 434 283
437 434 436 283 282 433 343 435