1 2 3 47 26 25 24 23
0 2 3 4 26 25 24 23
0 1 3 4 5 25 24 26
26 1 2 4 5 27 25 24
26 25 2 3 5 6 27 28
29 26 2 3 4 6 7 27
29 28 30 3 4 5 7 8
52 29 30 28 31 5 6 8
9 10 31 33 29 32 6 7
8 10 11 12 33 32 34 7
8 9 11 12 34 56 33 32
34 9 10 12 13 35 33 32
34 35 10 11 13 36 33 32
33 34 10 11 12 14 15 38
39 38 37 11 12 13 15 16
17 41 38 39 37 40 14 16
17 18 40 39 38 41 14 15
16 18 19 41 39 40 42 15
43 17 19 20 41 40 39 42
41 17 18 20 44 42 43 40
45 44 18 19 21 22 42 43
45 44 18 19 20 22 42 43
45 44 68 19 20 21 42 43
0 48 2 47 46 26 25 24
0 1 2 3 47 26 25 23
47 26 2 3 4 27 24 48
49 25 2 3 4 27 24 47
28 25 26 3 4 51 49 29
26 52 27 30 4 29 49 51
31 28 52 30 51 5 6 7
28 54 51 52 31 29 53 7
32 54 55 29 30 53 52 56
34 55 10 57 12 56 31 33
34 57 10 11 12 35 32 56
33 35 10 11 12 56 32 57
58 36 56 57 12 37 34 59
35 58 34 59 60 57 38 37
35 36 58 38 61 59 60 62
62 39 61 36 37 60 14 15
63 17 18 40 38 41 61 15
16 17 18 19 41 42 39 15
42 17 18 19 43 40 39 15
40 17 18 19 20 43 44 41
66 44 18 19 20 65 42 45
43 42 66 19 20 21 68 45
43 67 68 19 20 21 22 44
92 69 47 71 48 70 24 23
71 26 49 46 48 25 24 23
72 25 73 49 47 26 50 71
28 73 27 50 51 72 48 71
75 49 73 48 51 71 72 74
49 52 27 29 53 28 30 50
27 30 29 28 53 31 51 54
52 30 54 75 31 55 76 77
56 55 77 30 52 31 78 53
31 79 53 32 54 56 78 57
32 31 57 79 55 54 34 58
32 34 56 55 58 35 79 36
36 57 37 81 56 35 34 59
82 36 60 37 83 35 81 58
36 85 59 37 62 38 82 61
38 39 60 37 62 63 85 64
86 39 85 37 63 61 60 64
65 64 60 85 61 86 39 62
86 87 63 61 85 65 62 88
89 43 64 67 66 86 87 88
89 65 91 67 68 44 43 88
68 44 89 66 88 65 91 43
44 65 45 66 91 67 89 43
92 115 48 116 46 70 71 93
92 93 69 48 46 71 95 72
46 70 72 49 47 50 48 73
71 49 73 70 48 74 95 50
72 50 49 71 48 96 95 74
75 73 97 50 98 96 95 76
97 73 74 98 99 53 76 77
98 99 77 97 75 53 74 54
78 79 53 99 76 75 54 100
56 77 80 53 76 55 54 79
54 56 78 80 81 57 55 58
82 78 105 79 104 101 81 103
80 35 82 79 105 58 59 83
104 59 81 105 84 60 83 80
85 84 104 81 59 105 82 106
85 106 109 83 105 82 107 108
86 83 60 109 84 63 62 61
65 109 88 63 85 64 87 62
109 65 111 89 112 86 64 88
112 89 87 64 66 90 111 65
90 65 66 87 111 88 67 112
111 112 91 89 113 88 114 67
67 112 89 114 68 88 66 90
95 115 93 94 116 70 71 69
115 94 70 116 95 69 117 92
116 118 117 115 92 93 140 95
96 74 94 93 73 72 97 118
97 75 73 74 95 118 119 98
75 96 95 122 99 98 119 74
99 123 119 96 97 100 122 74
76 122 77 100 101 98 75 97
125 101 99 102 124 98 123 122
100 123 99 80 103 102 125 124
100 125 126 80 123 101 103 124
124 80 104 101 125 105 102 128
128 80 125 105 103 106 83 127
83 128 103 80 104 82 84 106
107 130 108 83 128 84 105 104
109 128 129 108 131 130 106 84
106 107 109 84 130 133 131 110
86 106 84 108 133 107 85 87
111 87 132 133 108 157 135 134
87 88 113 110 133 89 112 90
90 88 114 91 89 87 113 111
112 136 137 90 89 111 114 135
111 112 90 91 137 113 89 160
93 138 92 94 117 69 116 140
117 140 118 92 93 138 115 94
141 118 116 94 138 93 115 140
116 140 117 119 94 120 95 96
118 120 96 122 95 97 98 143
144 119 122 142 98 118 121 143
143 145 123 168 120 122 144 146
119 121 100 120 99 123 98 97
124 125 145 121 122 100 98 146
123 101 125 126 102 147 100 146
147 101 124 100 102 126 103 123
125 172 150 124 147 127 148 149
126 152 149 104 150 151 129 128
127 104 150 105 106 107 129 130
150 130 153 151 131 128 127 152
108 107 154 106 131 129 128 132
130 108 154 132 133 153 107 106
133 130 156 155 131 134 154 110
108 109 110 131 135 134 111 132
132 110 159 135 157 133 136 158
110 133 159 158 157 160 136 134
160 157 159 134 158 135 137 113
135 160 90 159 112 113 136 114
139 162 117 140 141 115 116 161
141 140 162 184 138 163 117 161
118 94 116 117 141 139 142 138
139 117 162 143 165 142 140 163
164 141 163 144 166 140 143 165
142 167 141 121 119 166 120 144
169 166 168 167 142 121 143 145
146 147 123 168 169 167 144 121
145 123 121 148 124 147 168 169
145 171 126 124 149 148 123 146
172 146 171 147 126 149 150 127
127 147 171 151 148 172 126 150
149 148 151 129 127 172 126 152
150 153 149 129 172 127 174 152
153 150 154 177 151 127 129 174
127 155 154 151 152 129 177 131
130 131 152 132 177 153 156 155
131 132 156 179 154 153 178 177
178 179 177 181 157 155 154 158
158 156 134 159 135 132 136 181
134 156 136 181 182 157 159 135
157 136 135 134 160 181 158 182
182 137 136 157 135 134 159 158
139 140 163 164 138 162 141 184
184 141 163 161 139 164 138 165
165 142 141 162 139 161 164 187
188 165 187 163 189 186 166 162
163 141 187 164 166 188 189 142
167 164 143 142 144 165 168 189
145 168 166 169 191 143 165 144
144 170 169 146 167 166 145 191
145 168 191 171 167 170 146 144
172 191 194 169 171 192 168 193
148 193 147 149 126 170 169 172
126 151 171 149 147 150 148 173
196 197 174 151 175 172 149 195
199 175 198 176 152 197 151 173
198 173 177 200 174 199 176 197
177 199 198 178 174 197 200 175
176 179 153 156 155 154 152 178
201 155 202 179 156 200 177 180
156 181 177 178 202 201 180 155
204 181 202 203 178 156 179 182
182 156 179 159 203 157 158 180
181 206 158 160 183 136 159 180
206 181 182 203 205 204 180 228
139 186 163 162 208 161 185 207
184 187 186 209 207 208 232 210
208 188 164 187 211 209 163 185
189 188 186 185 164 211 208 163
164 186 187 211 190 210 189 165
186 211 188 164 191 190 187 165
189 191 213 188 192 215 214 193
189 192 190 193 169 170 168 167
215 214 193 194 170 216 191 190
171 169 170 194 192 191 195 216
217 196 218 195 192 170 216 193
219 196 194 220 216 197 173 218
197 194 173 198 220 218 195 219
175 196 221 174 199 198 220 173
221 176 197 175 199 174 220 196
221 223 220 198 197 176 200 175
177 223 175 199 202 178 201 176
180 223 178 202 203 225 179 200
179 225 201 200 156 178 203 180
202 179 204 181 205 201 180 228
206 228 183 203 227 180 229 205
180 183 229 227 204 203 228 206
183 205 229 228 182 227 204 203
231 209 210 230 184 208 232 185
185 232 187 209 210 207 184 186
207 211 208 210 231 233 232 185
233 234 232 209 211 231 235 212
186 210 212 209 235 188 187 189
233 236 211 235 210 213 214 234
236 237 190 235 212 234 214 215
236 213 212 235 237 215 238 190
237 216 213 192 239 214 238 190
215 218 193 195 217 192 194 240
239 238 242 216 240 194 218 219
195 219 216 220 242 217 240 196
218 244 196 243 240 220 217 242
221 199 219 198 195 197 218 196
198 199 244 245 222 197 220 223
223 221 199 244 246 224 245 247
222 200 224 199 221 198 201 225
225 223 201 226 247 248 246 222
247 203 226 201 248 202 224 223
224 223 225 248 271 227 249 247
250 228 229 252 204 226 205 251
206 229 203 252 205 204 227 183
228 206 183 204 205 251 227 252
232 231 209 255 253 208 254 207
230 253 210 209 232 255 207 233
207 210 233 209 208 230 231 255
257 209 212 255 232 234 210 231
233 212 255 258 257 235 210 236
210 214 237 213 212 234 211 236
235 214 212 234 213 259 237 257
215 235 213 238 214 236 259 239
217 239 263 215 240 261 214 237
241 238 263 240 217 215 261 237
238 241 264 242 217 218 239 219
219 263 243 265 266 264 242 240
218 243 240 220 241 244 217 219
244 264 266 218 219 241 242 265
221 242 222 266 243 245 267 268
267 244 266 268 243 247 222 246
270 269 268 271 245 247 248 222
224 271 245 226 270 222 246 248
246 271 249 224 223 226 247 225
248 274 270 247 250 271 273 272
249 271 275 273 272 274 251 227
273 275 298 274 250 252 227 249
273 228 251 250 227 274 229 275
231 276 232 230 233 207 255 254
255 276 231 256 253 278 230 277
231 254 253 230 232 256 276 233
255 259 280 258 281 278 257 279
236 258 279 234 233 259 256 281
256 233 279 257 259 281 280 234
282 236 237 261 260 281 258 257
305 283 281 285 261 259 284 282
285 239 260 286 259 263 237 262
263 285 286 264 239 261 260 287
239 240 261 238 264 262 241 285
288 240 263 266 265 242 241 243
264 241 288 243 289 268 266 267
268 264 244 265 289 243 241 267
244 265 268 291 269 245 266 289
246 265 267 266 245 269 244 291
292 268 267 247 246 271 270 291
272 249 246 248 269 247 271 245
246 250 272 248 247 269 249 270
296 294 249 250 273 295 271 270
296 271 272 250 249 251 275 274
250 249 275 272 273 296 251 298
251 252 274 298 297 250 296 273
254 278 253 230 277 301 255 279
279 276 302 299 301 300 254 278
301 277 254 279 302 256 300 276
280 277 278 257 258 256 303 281
303 279 281 305 256 283 258 282
257 279 282 259 280 260 256 258
305 259 280 281 306 284 260 283
306 329 284 260 280 282 307 305
306 260 305 307 308 282 285 283
287 260 283 286 284 263 262 261
262 308 309 285 284 310 288 287
265 289 309 311 310 288 262 286
289 265 266 241 287 263 264 286
287 267 290 265 288 264 291 266
315 313 291 288 314 289 292 293
290 313 269 314 289 267 268 292
314 313 315 269 293 290 294 291
316 295 317 292 294 315 314 313
316 272 315 293 317 296 295 292
317 272 296 318 319 293 316 294
272 320 297 273 295 319 294 274
321 274 275 319 295 298 320 296
275 321 296 251 320 297 274 273
300 278 324 323 322 301 302 277
323 324 277 278 302 322 299 301
324 303 299 277 302 278 300 279
324 301 303 300 278 325 277 326
280 327 305 278 302 301 304 279
327 303 328 326 306 307 305 329
284 306 329 280 304 282 283 303
307 305 304 327 283 329 284 330
308 328 284 331 306 309 330 329
309 332 331 286 310 307 284 330
332 311 331 330 310 308 307 286
308 287 309 311 334 312 333 286
331 332 312 333 309 334 335 310
334 333 310 337 335 313 311 336
293 315 314 291 312 290 292 289
291 290 315 293 338 316 292 313
313 316 314 292 290 293 337 338
339 337 293 294 315 317 338 314
293 316 294 342 315 319 318 295
316 319 342 320 317 343 295 341
343 320 318 295 342 317 341 296
342 343 319 296 295 297 318 321
320 298 296 342 319 344 343 297
346 299 323 324 345 300 347 348
324 299 345 322 348 347 346 300
325 301 348 347 302 323 326 300
349 327 326 324 348 350 346 347
348 302 349 324 350 327 325 347
349 325 303 329 304 306 328 326
352 330 306 329 304 327 351 307
328 304 330 306 307 327 305 283
306 307 308 329 332 331 328 354
310 309 332 330 308 355 307 354
356 355 353 331 330 333 354 334
335 311 312 355 334 356 357 332
333 357 311 356 332 312 310 335
311 333 336 359 334 337 312 357
335 338 361 382 359 360 337 358
315 336 360 338 335 339 361 316
335 316 337 315 336 339 361 314
340 337 361 362 338 363 316 364
342 341 364 363 365 362 385 339
343 365 342 319 363 318 364 340
317 318 341 364 365 319 320 343
365 319 341 318 344 321 342 320
367 342 341 319 321 366 365 343
348 347 346 323 370 322 324 369
347 322 370 369 323 345 348 324
345 348 323 349 370 346 326 325
347 370 325 323 349 324 326 346
327 348 347 326 325 346 370 350
348 326 352 372 349 373 351 325
352 375 353 350 374 328 372 373
354 328 373 350 351 375 353 330
355 378 332 352 354 375 351 377
377 330 355 352 332 331 356 353
356 357 378 354 353 332 377 333
334 357 378 333 332 379 355 354
378 355 379 380 356 334 333 358
359 360 380 382 335 336 381 357
383 335 336 384 382 360 358 361
361 336 385 382 359 384 362 358
362 384 338 359 360 337 339 336
360 361 385 339 384 340 363 364
340 341 364 339 361 362 385 365
340 341 342 363 366 365 362 339
340 343 341 367 342 363 364 366
344 367 365 412 388 389 390 364
389 390 364 341 366 344 365 343
392 393 369 370 391 346 345 371
368 393 371 345 370 394 392 391
369 393 371 348 347 394 346 392
373 393 395 372 392 394 370 369
374 370 394 396 350 395 371 373
372 375 371 394 351 374 350 396
373 351 398 376 372 375 397 396
397 373 353 352 351 376 350 374
399 421 377 375 397 398 400 374
378 400 355 354 379 402 376 353
357 402 377 379 356 353 355 380
377 403 402 357 355 356 380 378
378 358 381 402 382 403 357 379
358 405 382 406 380 403 404 383
360 336 383 381 359 358 384 380
404 360 407 382 381 406 405 384
385 382 359 360 361 383 408 362
362 386 387 409 384 360 363 361
411 387 409 410 407 362 408 385
412 389 410 386 411 388 408 409
410 411 390 413 412 389 387 409
388 367 390 411 387 366 412 410
411 389 366 413 412 410 388 367
416 393 417 414 415 368 392 369
369 370 393 394 368 391 371 417
371 394 368 392 391 369 417 370
372 395 373 370 393 371 392 369
397 420 419 371 418 396 417 394
374 372 398 420 394 373 395 397
420 376 374 399 421 398 396 395
399 374 376 420 400 421 397 396
421 397 401 376 400 398 375 374
421 402 424 377 398 376 399 401
400 403 402 423 426 425 404 424
403 380 404 379 378 377 400 401
401 405 402 380 381 379 425 404
406 403 380 428 381 402 405 427
406 404 429 407 381 383 427 428
429 383 430 427 405 428 404 407
386 430 383 429 431 406 405 408
387 385 384 407 430 386 410 409
387 388 386 408 385 362 411 410
388 389 408 409 411 387 412 386
413 386 409 410 389 388 412 387
387 389 388 366 411 410 413 390
412 436 390 388 411 435 434 459
440 439 416 391 417 415 437 438
418 417 438 414 440 439 391 416
439 440 438 437 414 415 418 417
418 393 416 394 415 371 395 440
420 395 416 440 396 419 394 417
440 395 420 418 441 421 443 442
418 419 397 395 422 421 398 396
419 398 399 396 420 422 397 376
443 423 420 445 444 446 447 421
447 401 425 424 445 448 446 422
448 400 446 423 447 401 426 425
428 404 448 427 401 426 449 424
450 448 427 424 425 428 449 405
428 429 426 450 425 448 405 406
426 404 427 450 425 406 429 405
452 428 427 430 454 407 405 406
454 408 429 431 433 407 406 432
429 430 407 454 433 408 455 432
408 434 435 431 430 409 455 433
432 430 411 435 431 434 410 455
435 459 456 457 458 455 433 432
459 434 413 432 433 411 412 436
388 413 434 390 412 411 435 459
461 439 416 414 483 462 438 460
440 415 462 439 414 437 416 461
438 464 416 461 440 441 462 463
415 441 418 439 395 417 419 416
439 464 440 466 442 419 463 443
467 465 441 463 464 466 443 444
466 419 441 444 445 467 442 422
422 467 443 445 442 446 465 466
469 444 447 446 468 422 470 467
445 424 470 447 444 467 423 422
423 445 449 446 448 471 470 424
426 427 470 425 450 424 447 449
471 448 426 470 472 473 450 451
452 473 451 448 426 449 427 472
453 475 474 449 472 452 473 450
429 475 454 474 476 451 450 453
475 454 451 429 452 455 476 478
429 478 431 455 476 475 452 453
478 434 453 431 432 433 456 454
454 434 457 455 478 479 480 458
459 478 482 480 481 458 434 456
434 456 481 480 482 478 459 457
435 482 434 436 458 413 481 457
461 483 484 486 438 462 437 485
462 438 437 460 483 485 463 439
439 485 460 437 438 461 464 463
485 464 442 461 465 441 462 439
466 465 441 442 463 485 462 439
463 489 466 487 467 490 464 442
467 441 442 444 463 465 464 443
443 444 465 466 490 468 469 445
515 493 467 469 492 490 491 445
470 493 445 492 490 468 491 467
447 472 446 445 471 449 469 448
472 450 446 473 448 449 447 470
450 451 473 474 470 449 496 471
449 450 474 451 497 496 471 472
498 496 451 452 476 472 473 475
473 477 454 451 476 453 452 474
452 499 453 454 475 478 477 474
476 479 502 475 499 500 478 501
457 455 454 476 480 456 479 477
502 456 504 503 478 501 480 477
504 457 481 478 458 502 503 479
459 504 458 480 456 479 457 482
505 480 503 457 481 504 458 459
438 485 461 460 462 506 437 484
508 506 462 460 483 461 486 485
486 484 462 464 487 463 461 460
510 488 508 485 484 487 509 511
509 485 486 465 511 489 488 510
513 511 487 510 486 512 465 489
467 513 491 490 465 488 511 487
492 469 515 489 513 467 491 468
513 492 493 489 490 468 469 515
491 494 515 513 468 469 493 490
490 491 494 492 515 469 468 495
493 515 495 517 469 496 518 492
518 497 519 520 493 494 517 496
474 518 497 494 472 495 498 473
521 518 520 495 498 473 519 496
474 499 522 473 520 497 521 496
523 521 497 522 500 498 477 501
502 523 477 522 499 524 525 501
522 524 525 500 502 523 499 477
479 523 500 524 503 525 480 501
525 528 502 524 526 527 480 504
480 527 482 503 481 502 505 479
528 482 504 527 503 525 526 480
509 484 460 507 529 483 508 531
509 532 531 486 530 508 506 529
506 509 510 487 484 507 485 486
488 508 486 533 510 487 507 511
487 512 511 486 509 485 508 488
509 488 486 510 487 512 513 489
511 514 537 536 535 488 534 513
512 490 492 515 514 489 491 511
537 492 491 516 515 513 512 536
493 491 492 468 469 490 514 513
537 514 540 517 515 561 538 539
518 540 516 494 541 539 519 495
520 495 497 519 517 540 496 494
520 521 497 543 518 495 541 517
498 519 518 543 521 495 522 497
520 497 522 523 499 498 543 519
520 498 501 499 523 500 521 524
502 499 547 522 501 525 500 524
502 523 526 548 500 501 547 525
526 501 502 549 503 548 527 524
549 528 502 527 548 503 525 524
528 526 505 525 548 503 549 524
551 505 526 503 525 549 527 548
531 553 507 552 532 554 506 530
554 555 507 531 552 532 529 553
529 507 555 530 532 533 553 554
556 530 533 531 554 553 555 534
532 556 534 555 530 535 531 509
533 536 558 535 532 512 559 556
556 537 558 512 559 536 534 560
538 534 514 513 512 537 535 559
560 514 536 535 516 561 538 512
537 561 560 514 562 516 539 536
563 564 562 516 540 561 538 517
517 564 539 538 518 516 541 563
563 519 542 543 540 564 539 517
563 566 544 564 565 567 541 543
544 567 520 521 541 519 542 545
568 546 545 567 566 569 542 543
568 569 546 542 547 543 567 544
568 547 570 569 545 544 571 567
526 569 545 548 546 523 524 549
523 549 525 526 524 547 503 527
525 526 548 550 527 528 551 524
548 572 574 528 526 573 549 551
528 550 548 526 573 574 549 527
507 553 531 554 555 530 529 532
555 556 531 529 532 552 554 530
531 553 555 530 556 552 532 529
554 532 530 557 556 553 531 533
532 533 558 534 531 555 535 557
533 554 534 555 558 532 559 556
534 557 535 560 559 561 556 536
560 561 535 538 537 534 536 558
561 535 558 559 536 537 538 562
562 516 563 537 538 559 560 539
539 538 564 516 561 540 560 563
540 562 539 561 542 541 564 538
566 541 562 542 563 540 565 539
567 564 544 541 566 542 563 568
542 567 564 568 545 541 565 544
543 544 542 546 545 569 566 568
571 546 569 567 570 545 544 566
544 570 545 571 568 547 546 567
571 568 546 567 569 547 573 572
573 569 572 568 546 550 570 547
550 547 574 549 570 573 569 571
550 572 551 549 571 570 574 548
527 572 526 550 551 549 528 573