1 51 36 16 22 48 14 24
45 17 11 16 22 6 40 36
28 18 32 4 9 29 7 8
33 10 37 23 5 12 27 42
28 18 2 29 9 32 7 8
33 10 37 3 42 12 27 39
36 1 17 11 16 22 40 45
30 19 2 28 4 35 18 29
17 28 2 11 4 9 38 32
38 18 2 11 4 8 28 32
42 33 37 3 23 5 12 27
28 1 2 9 32 8 6 17
39 33 37 3 42 5 10 27
15 34 21 30 25 41 20 31
0 51 48 22 16 24 55 36
26 13 20 31 25 43 27 23
0 1 44 22 14 24 6 36
45 1 32 46 22 8 6 11
28 29 2 47 4 35 19 7
29 35 60 18 58 30 21 7
26 50 15 31 25 23 27 43
41 53 34 19 49 13 30 31
44 1 16 17 40 45 6 36
33 27 15 54 26 25 43 20
0 48 16 51 14 56 44 36
26 43 15 31 23 20 27 50
25 43 15 31 23 54 27 20
33 26 15 59 23 25 43 20
47 38 2 9 4 8 18 32
35 30 58 19 4 47 18 7
19 58 35 60 34 21 49 7
20 13 15 26 34 50 25 41
11 38 2 9 52 8 28 57
59 37 27 3 23 43 10 42
41 53 21 61 49 13 31 30
29 60 30 18 58 49 19 7
51 56 16 40 14 22 44 24
12 65 39 3 42 74 10 33
32 28 73 9 62 76 47 57
12 83 37 74 42 5 10 78
45 79 69 66 44 22 56 36
34 49 71 31 50 61 21 53
74 33 37 72 59 39 10 65
25 27 54 59 26 23 77 68
79 69 66 36 51 22 40 56
66 52 46 69 57 40 64 80
45 75 82 32 17 52 57 64
28 76 38 63 62 29 70 73
56 44 87 36 14 51 55 24
58 53 67 81 60 30 34 61
54 41 53 68 31 43 25 71
55 44 87 36 14 48 56 24
62 32 57 64 75 46 45 82
71 50 31 61 81 34 41 49
26 27 77 68 72 23 43 59
87 44 56 36 14 48 51 24
51 44 55 36 48 79 40 69
64 62 32 45 82 46 52 75
49 35 70 60 84 30 67 63
27 72 77 33 90 65 54 43
70 35 67 58 61 84 49 63
53 34 85 49 41 71 67 81
52 94 76 73 38 57 88 75
76 60 35 70 73 58 84 47
57 80 46 75 93 82 45 52
86 95 74 42 72 59 90 83
44 45 99 79 40 64 80 69
58 61 84 70 49 85 60 81
89 71 43 77 50 54 91 92
80 44 96 79 40 56 99 66
67 63 101 60 76 84 58 98
81 91 53 102 41 92 61 50
86 59 77 74 65 54 90 95
76 62 38 47 94 101 88 63
72 83 78 42 95 90 86 65
52 62 57 82 93 94 97 64
70 73 104 101 47 63 94 88
89 54 72 103 90 92 68 43
74 83 105 100 39 65 86 108
69 40 96 80 99 56 44 66
66 79 69 82 106 99 93 64
71 53 85 67 91 49 61 102
52 64 80 97 57 93 75 46
65 78 100 95 108 105 86 74
70 60 101 98 63 85 58 67
60 70 81 61 98 49 67 84
105 74 95 108 78 83 113 65
55 109 51 96 56 48 79 116
62 104 76 101 94 97 111 73
77 112 72 103 92 54 68 90
103 95 65 89 74 112 72 77
61 81 53 92 68 85 71 102
77 68 91 71 103 89 102 90
52 82 97 75 110 106 80 64
62 97 111 76 88 115 73 75
74 103 112 72 90 86 113 65
116 69 87 99 109 114 79 122
75 94 88 115 119 82 62 93
70 117 107 84 85 104 67 101
66 80 79 69 110 106 114 96
105 78 86 133 108 113 134 83
98 88 76 70 107 84 104 111
92 85 91 129 68 81 71 128
90 92 112 72 95 89 118 77
76 88 127 111 101 107 98 73
113 133 86 100 134 108 83 78
80 119 126 110 82 99 93 135
127 115 88 104 98 117 101 111
86 121 83 95 113 133 105 100
114 124 87 122 96 99 138 116
126 80 119 82 135 106 93 99
127 88 139 94 104 101 115 107
89 103 90 118 95 144 130 131
118 133 95 121 86 105 108 141
96 126 146 122 99 109 138 116
119 132 127 139 111 142 94 136
109 124 96 114 146 138 145 122
107 137 120 123 125 104 149 98
103 113 121 147 130 144 141 112
150 132 135 136 110 142 151 106
143 137 125 149 123 117 98 128
147 118 113 108 134 141 148 133
109 114 138 116 124 145 154 146
129 125 117 149 128 120 137 143
138 146 109 145 122 114 116 87
120 164 98 137 123 149 117 143
154 152 106 110 146 135 114 150
137 156 132 107 115 104 111 139
131 158 153 140 123 120 143 129
128 153 102 143 140 130 131 123
140 144 112 131 157 129 118 103
144 140 130 112 153 128 129 157
139 151 160 119 136 142 115 127
100 113 121 148 141 105 108 134
100 113 133 148 141 105 108 121
161 155 110 150 119 152 151 126
115 119 127 132 151 142 160 139
164 117 125 149 156 120 163 127
109 114 154 124 122 146 116 145
162 132 136 142 115 156 127 111
157 129 158 166 128 130 153 131
133 167 118 121 147 113 144 148
136 132 115 160 151 139 127 119
120 129 125 128 158 149 123 153
130 131 157 167 165 147 118 141
138 124 109 122 116 146 171 154
122 116 159 171 145 154 114 138
148 144 121 118 167 141 169 165
141 134 133 176 170 147 113 121
125 143 163 123 137 164 158 120
152 135 160 161 126 119 155 151
160 119 150 132 135 155 136 142
161 135 155 159 174 150 154 126
129 128 166 157 140 143 131 158
126 122 174 138 146 159 171 152
160 151 183 161 150 152 174 135
162 137 168 164 181 127 139 163
130 173 140 177 166 165 144 131
143 166 172 187 182 153 149 128
154 146 152 126 155 174 179 171
161 151 132 136 186 150 142 155
151 152 150 155 174 135 160 183
127 178 168 175 189 156 142 139
172 149 156 137 181 164 125 168
149 181 137 172 168 156 163 143
157 173 167 177 169 191 147 144
188 153 187 158 157 190 140 182
165 180 147 173 169 177 141 144
139 156 162 175 178 189 181 163
173 141 165 147 176 167 180 193
180 193 169 192 148 198 134 176
174 159 185 154 138 146 184 179
158 181 143 163 164 182 149 187
157 147 167 169 144 191 165 177
152 159 179 195 154 161 183 194
189 160 197 178 162 199 156 168
198 193 148 180 192 169 167 170
165 157 202 190 167 191 173 188
160 175 199 186 162 168 189 197
204 159 154 184 215 185 171 174
213 192 193 167 198 176 170 169
208 189 172 164 168 163 210 211
212 158 200 187 196 209 166 172
155 194 174 201 195 203 161 186
171 185 215 179 234 214 204 145
179 174 215 194 204 184 159 171
161 160 207 183 178 203 195 201
212 190 196 158 188 200 182 209
191 187 202 182 196 166 190 177
162 168 216 199 205 175 181 197
202 166 191 187 196 177 182 188
202 188 206 165 173 157 177 190
217 180 193 176 198 233 170 213
213 170 169 192 217 176 180 198
226 203 183 221 185 174 195 204
174 194 221 183 186 226 203 204
200 182 220 190 188 212 202 187
207 216 189 201 178 175 205 199
192 193 213 176 233 180 217 170
205 168 216 189 197 224 175 178
196 190 182 225 220 209 212 187
207 203 223 221 197 183 186 195
219 191 188 228 196 190 227 177
207 195 201 183 223 186 226 221
195 174 229 179 185 230 194 215
199 211 224 189 210 216 208 232
244 219 193 222 173 202 191 213
221 223 201 197 239 186 203 242
210 181 209 224 205 218 189 211
212 210 211 225 208 218 220 200
205 211 209 189 224 181 208 218
224 210 218 181 208 189 209 205
209 200 225 182 228 187 196 220
198 237 246 193 222 180 206 217
238 215 234 241 185 184 235 204
184 214 204 234 241 238 235 185
189 211 232 199 205 231 197 224
198 213 192 237 233 222 193 253
205 208 224 209 236 252 211 210
228 220 202 188 191 240 227 190
243 209 200 225 228 236 227 212
226 230 247 223 203 242 248 195
240 237 213 206 217 251 246 244
242 221 239 231 207 201 255 203
216 218 210 211 232 205 231 249
209 243 200 220 212 228 236 227
203 230 242 221 195 229 248 247
228 220 225 243 202 259 219 212
220 225 262 243 219 212 227 259
230 226 245 204 247 235 254 238
245 247 229 254 204 226 221 248
224 239 232 257 216 258 249 223
249 205 231 239 216 224 268 258
253 213 217 198 237 264 279 263
269 214 265 245 238 241 215 235
215 238 245 229 241 214 254 234
256 225 250 209 252 243 220 261
253 246 233 264 263 222 213 217
229 254 235 234 215 269 245 241
223 255 258 242 231 267 257 232
270 222 219 260 271 251 244 246
215 238 269 245 254 234 265 235
267 248 257 226 239 266 223 255
227 220 225 259 228 236 256 262
271 240 222 278 251 246 260 270
238 241 229 276 230 275 254 235
263 237 264 251 244 260 278 222
229 277 272 226 230 248 221 273
230 247 221 226 242 273 266 255
231 268 280 232 239 258 224 252
252 256 261 218 236 274 225 268
246 278 283 240 271 260 270 244
250 268 249 256 218 261 274 236
217 279 237 233 246 263 264 284
229 277 241 276 238 272 275 245
273 242 285 266 239 257 267 248
281 250 236 225 274 243 261 286
231 258 255 249 239 242 267 266
268 231 267 239 280 257 289 249
287 281 243 262 270 271 282 228
283 251 263 271 240 244 278 246
250 236 252 281 274 256 294 286
243 287 270 228 281 271 282 259
260 279 278 283 264 246 237 253
284 237 279 278 263 296 253 246
238 288 304 269 276 235 234 241
273 242 257 255 267 285 290 248
266 258 255 257 242 285 290 239
289 249 258 302 250 252 291 280
265 234 241 276 254 275 238 288
262 271 260 259 282 251 240 287
240 270 287 260 283 251 259 262
247 254 277 248 276 293 275 273
272 255 277 247 266 285 248 298
252 294 261 281 250 256 236 286
277 276 245 288 293 272 301 254
288 277 301 272 254 293 275 269
248 247 275 254 273 276 293 272
260 296 283 246 297 295 263 251
296 263 295 284 313 303 264 253
289 306 299 291 302 258 268 249
274 300 282 262 287 286 256 259
309 300 286 262 259 287 307 281
296 278 295 251 260 308 263 297
253 263 296 314 279 303 264 313
290 277 255 266 298 267 273 305
281 294 282 274 300 311 256 261
270 309 281 259 262 307 282 271
293 265 312 276 304 275 301 269
280 306 299 258 302 292 315 291
305 298 315 292 324 266 285 267
280 310 302 294 299 321 268 289
305 299 280 306 290 267 289 315
277 288 276 327 272 301 316 275
302 274 325 311 317 310 286 291
297 308 263 283 303 296 278 313
283 263 313 303 278 295 308 279
278 271 283 319 296 323 308 295
266 285 305 322 324 273 290 318
292 306 302 320 280 291 315 289
317 309 307 286 311 281 287 282
293 304 316 288 327 276 275 312
321 320 294 299 289 291 310 280
278 283 295 313 330 308 296 328
327 288 342 312 276 265 269 301
292 324 331 285 290 315 298 306
280 332 289 292 305 315 320 299
282 300 287 336 281 309 337 319
330 323 297 295 296 303 283 319
286 281 282 287 307 337 300 336
311 302 325 294 317 321 329 291
310 294 286 317 329 281 325 300
288 342 293 304 301 276 275 327
296 279 328 340 314 295 303 284
303 279 296 284 313 356 340 328
305 290 306 331 289 324 292 299
322 327 343 326 293 318 298 334
325 335 329 286 300 311 294 310
293 326 322 334 324 316 298 338
330 336 297 307 323 308 333 348
344 302 329 321 315 332 306 299
329 302 344 332 291 310 320 335
318 324 338 326 334 316 305 298
348 361 297 341 330 319 308 333
298 331 322 338 305 352 315 345
311 317 353 294 329 335 310 350
338 343 357 324 316 318 334 322
342 343 355 316 312 334 357 301
354 330 314 340 296 356 313 303
353 321 335 317 310 325 320 359
361 319 303 308 333 340 323 341
338 352 324 346 315 345 305 349
321 315 306 329 349 344 346 320
348 360 323 341 319 361 308 330
343 322 318 327 338 357 326 316
317 321 310 329 350 325 359 353
337 309 360 319 339 348 307 367
367 336 372 339 347 363 350 309
326 324 318 352 364 322 345 334
372 325 347 350 336 363 353 337
330 341 356 328 373 368 354 313
361 340 368 330 333 360 323 348
327 312 355 358 362 383 343 351
355 358 342 326 334 357 327 365
359 346 371 369 332 349 321 320
324 346 331 375 364 349 338 352
344 332 331 349 352 369 376 345
350 337 353 363 339 372 325 336
319 336 360 361 323 333 367 341
352 376 375 344 345 346 331 369
339 363 380 325 359 347 353 335
342 355 327 343 383 358 381 362
324 370 375 331 349 338 364 345
347 359 335 350 325 329 374 379
373 328 368 356 341 330 366 340
343 327 358 357 381 362 351 342
373 340 314 366 368 328 354 313
365 343 334 326 381 327 370 355
351 362 381 327 355 383 342 343
374 344 379 329 371 350 353 335
361 336 367 377 333 341 384 348
333 368 360 341 377 348 330 378
389 351 394 342 381 358 355 383
350 380 339 382 347 337 367 372
331 345 370 349 352 375 391 338
334 388 370 357 343 381 386 396
405 393 403 373 354 368 340 356
360 372 387 363 384 336 348 382
395 373 361 377 340 378 354 341
344 375 346 390 376 349 371 392
364 352 365 375 388 391 338 345
379 359 376 346 390 344 369 374
387 337 367 347 382 399 363 384
368 378 398 377 395 366 354 393
359 410 371 380 390 385 379 353
369 376 364 349 352 392 370 345
407 369 371 346 392 408 375 349
384 360 397 387 368 378 395 361
398 368 361 373 397 395 360 377
385 374 353 359 390 371 380 350
353 359 363 350 385 379 374 382
396 406 400 365 357 386 383 389
385 380 384 372 401 367 363 399
358 400 351 394 386 389 381 362
367 377 360 402 372 382 387 414
374 379 363 353 382 380 359 410
365 381 389 355 396 406 383 400
414 377 411 397 372 402 384 367
406 396 365 391 404 421 381 370
381 394 383 396 400 386 406 362
418 417 371 410 379 416 374 409
396 365 370 388 364 421 404 375
419 376 409 407 404 375 408 369
405 403 395 366 368 373 398 412
400 422 362 389 383 381 428 386
397 368 393 378 398 373 377 420
388 389 386 365 391 400 381 406
402 384 395 377 378 387 411 426
403 373 393 427 412 420 405 395
372 431 401 415 402 382 414 413
381 424 386 396 406 383 389 422
415 382 414 413 402 372 431 399
413 387 397 401 414 411 384 399
395 405 443 398 412 366 393 427
425 429 423 388 419 432 421 391
395 403 412 398 366 443 393 427
381 400 386 388 396 421 389 424
430 376 409 408 419 418 438 392
376 419 390 407 392 418 409 430
408 418 416 410 390 392 430 407
434 374 418 379 390 409 416 417
397 395 384 439 426 402 377 387
405 441 427 395 403 393 420 398
415 401 402 414 382 431 387 399
413 399 401 387 415 384 402 431
417 431 401 413 433 436 399 414
418 410 417 430 434 390 409 440
418 440 447 434 410 436 433 416
430 416 440 408 410 409 417 434
409 438 425 423 392 429 407 408
395 397 441 398 450 412 427 426
429 432 424 437 442 425 454 404
394 451 452 457 435 444 400 428
429 421 425 419 455 404 432 448
437 451 452 442 396 406 400 421
421 437 432 429 448 404 423 454
420 446 453 427 439 411 397 450
460 450 443 441 412 398 426 420
394 457 435 444 400 422 452 451
448 421 404 425 432 423 459 419
418 434 438 409 407 408 416 440
414 415 401 439 399 413 449 445
404 429 421 437 423 448 454 425
458 436 416 410 415 447 417 440
430 447 410 417 440 416 418 438
457 394 428 452 471 422 444 451
417 440 445 415 447 463 458 433
424 425 462 421 432 442 429 454
409 430 419 440 466 434 456 418
411 453 449 426 431 464 450 446
433 417 463 447 434 416 436 418
461 460 450 427 420 443 470 412
424 452 421 457 454 451 437 432
441 412 460 403 478 405 427 461
428 465 452 422 471 457 451 435
473 458 431 449 436 415 464 479
467 449 453 464 450 477 426 439
440 475 463 436 433 469 458 417
459 454 425 455 423 429 472 456
473 474 446 445 479 439 464 431
467 470 420 426 441 446 453 427
435 465 457 442 428 444 422 452
465 422 451 444 457 424 483 442
477 426 467 446 439 450 470 464
429 462 425 472 437 459 448 432
476 448 456 429 454 423 472 459
455 448 430 482 459 466 476 438
465 481 444 483 471 452 442 451
447 486 479 445 436 433 473 475
472 462 454 429 425 448 455 432
489 478 427 470 480 443 461 441
478 460 480 443 489 441 503 470
472 491 454 437 448 485 442 459
440 469 434 447 468 493 475 458
473 492 474 449 467 487 439 479
481 444 457 484 451 471 483 452
476 482 468 490 499 469 438 456
470 477 464 453 446 450 497 474
447 504 466 493 469 463 440 475
466 504 475 440 468 447 463 493
453 441 478 467 480 460 450 477
498 483 444 465 435 457 481 451
459 448 455 454 476 491 494 462
488 464 492 458 445 479 474 486
479 487 449 464 467 492 488 473
469 463 468 495 486 496 458 493
456 472 466 499 482 494 455 490
497 501 470 453 467 474 450 480
470 503 502 461 489 480 460 443
487 473 486 488 474 464 458 492
489 509 503 478 477 502 460 470
451 457 510 471 483 498 465 484
499 476 514 500 466 490 472 456
505 510 457 465 451 481 484 452
465 505 485 516 507 483 511 481
491 511 472 507 484 462 494 454
475 479 496 495 458 488 473 492
464 474 488 508 501 497 492 479
492 495 479 473 486 487 496 513
460 503 480 522 502 478 461 515
482 476 514 499 512 494 466 500
517 494 472 511 485 462 507 518
488 486 519 474 473 479 487 513
486 504 496 469 495 468 475 463
491 472 490 512 476 514 517 518
526 521 496 493 475 488 479 486
475 486 513 488 521 495 479 493
477 487 524 508 467 470 501 509
471 532 481 483 510 505 465 525
476 506 512 500 494 490 514 482
520 482 514 490 506 504 499 528
492 477 497 527 524 508 487 519
522 503 509 478 515 537 489 480
522 509 480 515 537 489 478 502
520 506 469 500 468 535 540 493
483 507 533 529 510 511 516 484
482 490 520 534 500 504 499 535
516 538 530 491 511 517 505 485
524 527 497 536 487 519 543 501
503 497 522 544 531 502 480 545
505 532 498 481 529 483 525 547
505 538 516 530 484 485 491 507
530 490 518 514 517 528 494 499
486 519 521 479 488 523 496 492
494 528 518 499 490 512 517 500
554 503 545 522 549 489 537 502
505 511 530 484 533 538 529 507
512 494 530 546 539 514 518 507
517 514 528 546 512 539 494 530
513 523 492 508 527 501 524 536
506 500 541 535 540 534 493 504
495 542 526 523 486 519 513 496
489 545 503 549 509 537 502 515
552 492 496 521 513 519 542 526
544 501 527 543 508 519 536 531
532 550 498 510 547 533 559 529
523 542 541 513 521 495 496 557
524 536 519 508 543 531 501 544
500 535 534 518 514 499 551 512
550 516 510 547 505 553 533 525
556 538 539 518 507 511 517 546
548 543 545 527 544 536 509 524
547 559 525 567 529 550 510 575
561 516 525 550 529 505 547 553
555 520 506 562 528 563 540 535
528 534 555 506 541 563 520 540
508 524 543 527 519 558 531 552
554 531 548 515 545 549 522 544
517 560 516 568 530 507 546 539
517 568 518 556 538 546 560 530
576 520 541 504 534 535 557 555
557 564 520 526 555 535 540 569
574 570 526 557 564 523 552 521
531 536 544 527 524 558 508 519
549 545 531 548 524 543 566 537
522 548 509 549 544 531 573 537
530 518 551 538 517 539 560 556
532 533 559 525 550 575 529 567
566 509 545 531 544 573 537 549
537 545 531 522 544 554 573 548
525 533 553 559 561 529 567 547
565 539 556 528 562 518 546 577
570 542 572 558 519 523 571 536
529 550 533 560 538 568 578 561
545 548 582 549 515 522 537 584
534 535 576 569 562 563 541 540
546 530 562 587 551 577 539 565
542 569 526 576 570 541 574 564
570 571 543 552 572 580 588 536
525 547 595 532 579 575 550 567
538 561 578 546 589 553 568 539
568 585 560 553 578 533 579 550
555 586 577 565 563 551 534 556
555 583 565 534 562 586 577 535
576 557 570 541 583 574 569 600
577 551 562 555 587 563 556 586
548 581 592 594 531 573 591 544
595 532 550 575 579 559 547 585
589 538 561 578 553 596 597 560
541 583 564 600 557 574 555 576
552 572 558 588 574 542 557 571
588 558 570 580 574 572 542 552
558 536 580 603 570 571 552 588
581 582 591 594 566 548 549 545
542 557 570 588 604 569 564 571
585 595 547 550 579 559 567 532
564 600 557 583 599 569 555 590
556 606 565 586 563 551 587 562
553 593 561 596 560 585 568 597
610 578 575 585 567 595 593 561
605 571 592 603 572 588 558 614
573 592 591 607 594 605 566 615
554 601 584 607 591 581 573 594
569 576 600 586 602 608 599 590
619 582 573 607 601 594 554 622
561 593 579 610 597 578 595 596
565 606 590 602 562 583 563 608
616 618 556 612 589 598 577 606
617 580 574 570 572 609 571 604
560 568 611 587 596 612 598 597
599 621 602 576 600 583 586 608
592 566 605 573 594 581 615 607
566 581 615 580 605 603 591 614
579 585 597 610 561 578 596 595
607 566 601 581 591 615 582 573
559 585 567 623 579 575 593 610
593 585 578 597 568 611 589 610
598 596 589 611 585 568 593 578
618 612 587 597 611 626 568 589
613 608 629 600 576 602 590 583
604 613 629 590 599 583 576 569
622 607 619 573 594 582 584 624
590 599 620 608 621 586 606 583
605 580 591 592 614 631 615 628
574 613 609 599 600 632 630 588
615 636 603 591 580 614 592 581
587 620 621 627 616 586 602 608
634 624 594 582 581 584 591 601
621 602 620 599 606 590 583 586
630 638 631 604 617 641 614 588
593 595 579 596 585 597 623 625
633 596 626 618 589 597 598 612
640 589 611 598 587 626 633 618
621 604 600 629 632 599 630 635
628 605 592 617 641 603 609 631
592 591 603 581 605 614 636 594
627 587 602 606 612 618 640 620
588 609 631 641 630 628 638 614
587 633 598 643 616 612 627 640
584 607 624 622 601 634 582 642
608 616 586 627 635 606 621 602
635 627 620 599 629 590 608 602
642 634 624 601 582 607 619 584
639 595 664 625 593 610 637 647
619 607 594 622 642 601 655 634
639 647 637 651 610 595 593 623
596 640 611 654 633 597 644 612
620 618 606 616 621 608 648 602
631 617 641 614 636 609 603 605
621 635 599 650 613 600 645 632
632 617 613 604 609 652 653 638
614 636 628 609 603 641 649 617
635 630 652 645 629 638 653 613
611 626 640 612 654 643 618 644
655 615 607 657 622 662 642 624
620 629 621 645 650 632 608 613
615 634 628 605 646 631 614 642
625 639 647 658 651 623 664 610
661 609 653 617 630 632 641 649
610 647 623 658 625 651 664 637
626 616 633 618 659 648 643 612
617 609 638 614 631 628 649 630
634 624 669 662 655 646 636 657
618 674 656 633 648 612 640 659
654 651 626 633 678 670 658 647
650 653 632 635 665 629 652 621
642 675 666 667 636 673 669 662
644 625 651 670 677 664 637 658
643 627 620 668 680 640 660 656
631 663 638 672 641 653 661 628
668 685 629 635 645 621 665 652
677 647 637 670 664 625 658 644
632 650 629 645 661 688 653 630
630 645 688 638 649 652 632 661
679 674 644 633 678 684 670 659
642 662 634 686 681 657 669 676
680 674 668 640 683 643 648 660
642 662 655 686 669 676 634 681
670 664 682 687 647 651 671 677
679 640 684 689 680 643 674 654
668 627 650 680 683 648 656 665
663 653 641 652 692 672 649 638
657 669 655 686 634 642 646 675
661 675 672 667 666 641 673 649
637 677 658 647 651 682 639 671
648 694 660 668 683 645 685 650
675 672 673 649 663 646 667 669
672 673 646 663 669 666 693 675
683 665 648 660 694 685 650 656
666 695 667 675 646 693 662 673
654 678 651 684 658 677 647 687
687 703 696 682 664 651 677 658
649 707 667 661 673 666 692 663
707 675 672 666 701 663 669 667
679 691 690 659 689 680 697 684
667 646 669 673 693 666 663 701
711 713 662 686 655 657 681 710
687 678 682 708 671 658 670 651
689 684 654 687 704 677 679 670
659 678 654 670 689 684 705 674
674 690 648 691 656 697 660 683
713 711 662 655 686 657 676 710
708 671 658 677 696 687 703 664
680 706 660 698 665 694 668 685
654 674 705 678 679 689 704 670
699 688 698 709 665 683 668 694
710 695 713 681 676 711 702 716
678 682 704 708 658 671 670 677
652 700 653 685 709 692 661 699
690 679 674 678 697 659 684 705
674 689 706 679 712 691 680 697
697 690 674 712 683 689 680 706
661 700 726 722 688 699 672 729
716 675 686 701 714 702 669 695
668 720 709 698 718 685 683 719
686 714 693 727 702 710 713 716
703 724 682 737 708 664 733 671
721 689 674 706 680 712 690 691
719 683 720 718 709 685 706 694
726 685 700 725 694 692 709 688
685 726 692 699 688 709 729 725
723 715 714 693 707 675 673 702
716 710 723 727 695 714 686 693
708 724 733 671 696 664 737 682
677 705 708 684 717 687 670 678
684 717 704 731 721 679 678 689
697 683 690 712 691 698 719 718
723 722 673 715 701 693 672 675
687 717 724 734 682 704 670 677
720 725 685 688 700 698 694 699
695 711 702 713 728 681 716 686
728 710 686 713 681 716 676 695
706 721 718 697 690 732 691 736
695 710 714 711 728 716 702 686
710 695 693 713 716 723 727 702
741 701 723 707 722 730 740 729
686 714 695 711 702 713 727 710
731 708 687 744 704 735 734 705
706 712 698 732 720 719 736 694
712 698 706 694 736 718 720 732
694 709 718 698 719 747 739 725
697 735 732 738 731 705 712 742
741 729 740 715 730 745 707 726
714 751 727 741 707 701 715 750
703 717 696 737 746 733 734 708
726 747 709 719 699 739 748 720
749 722 745 748 730 700 729 699
714 723 695 743 702 713 716 750
752 743 727 766 713 716 710 711
745 740 730 748 726 749 715 722
749 740 722 745 726 715 762 729
735 738 721 757 744 705 717 742
756 706 718 712 721 736 758 719
760 734 703 768 737 746 708 724
744 704 759 746 735 733 760 717
744 738 731 759 764 734 742 717
754 712 706 732 718 719 753 720
746 768 733 703 734 696 724 760
742 758 756 735 731 732 721 757
761 765 747 720 749 726 748 725
729 722 730 715 755 745 741 751
715 722 755 723 751 740 763 750
735 756 758 731 757 744 721 738
766 770 728 727 752 750 716 713
717 742 759 760 735 734 731 764
740 726 730 722 749 769 762 729
724 771 737 768 744 733 760 734
761 748 754 753 765 725 720 739
769 761 749 762 726 739 747 725
761 726 762 729 745 748 769 730
727 723 752 763 741 743 755 751
755 727 780 750 741 723 740 763
750 766 770 728 743 774 727 716
765 776 719 772 747 736 773 754
739 753 765 736 776 747 773 772
723 750 780 740 751 745 763 741
757 742 767 758 738 721 775 732
731 758 759 775 738 764 742 756
767 732 738 757 742 775 756 731
764 744 734 757 742 771 760 735
771 744 759 734 764 746 768 777
739 769 762 747 765 749 748 773
779 730 745 749 761 748 726 769
782 780 774 751 781 755 741 750
760 735 744 757 734 771 759 742
739 747 761 753 773 754 772 748
770 782 743 750 781 728 774 752
758 732 753 757 778 775 776 756
746 760 733 777 734 724 737 771
765 762 780 761 745 779 749 748
782 743 752 774 781 766 750 728
777 759 760 744 764 734 768 746
776 753 747 754 765 761 773 778
772 778 761 765 747 776 753 754
770 743 781 752 766 782 750 763
767 756 742 757 764 758 759 778
773 772 778 765 754 736 767 753
768 733 746 737 759 771 760 764
776 767 756 758 753 773 772 754
749 745 769 755 762 761 780 763
781 755 762 782 779 763 751 769
763 750 770 751 782 755 774 780
763 751 774 750 781 766 752 770