59 62 61 14 70 68 7 17
83 22 88 43 87 30 57 34
98 9 3 32 48 77 78 31
20 74 81 11 77 31 84 48
21 10 40 33 80 6 79 60
52 78 94 98 46 9 93 58
21 33 60 41 42 23 40 39
0 68 61 89 17 70 59 14
19 73 25 3 11 31 84 77
26 91 2 77 19 5 32 78
21 35 33 40 4 60 6 51
48 84 74 3 31 13 20 81
48 14 74 96 62 66 20 85
20 74 48 3 11 84 81 86
86 62 96 85 68 12 61 66
44 83 30 97 87 65 93 51
69 45 37 49 72 91 53 71
0 14 70 61 86 59 68 7
37 36 27 72 53 49 45 55
25 8 73 3 31 77 9 32
66 48 96 85 84 81 13 74
40 79 60 29 4 80 6 33
43 1 88 83 30 44 34 87
24 40 33 39 42 21 6 41
23 42 54 39 41 33 6 40
32 8 31 3 11 73 77 19
49 9 32 91 72 45 55 18
55 36 94 58 45 92 76 18
43 44 99 95 34 51 38 54
79 50 21 47 4 80 64 40
83 75 65 15 97 57 44 87
77 8 74 3 11 84 25 81
26 78 2 77 91 73 9 19
39 10 21 41 4 60 6 40
51 99 22 95 43 28 38 44
10 56 46 63 4 90 51 60
92 76 45 55 49 94 27 18
72 53 71 49 45 55 69 16
95 54 28 33 39 43 99 34
24 42 33 40 41 54 6 23
23 41 39 33 4 21 6 60
23 24 40 39 42 21 6 33
23 24 54 39 40 41 6 33
95 44 99 15 38 28 34 51
97 43 99 15 83 51 30 56
55 18 26 49 53 91 72 36
78 98 93 35 56 5 63 52
80 79 89 64 82 29 50 67
74 20 62 96 66 12 81 85
55 18 26 45 53 36 72 91
79 64 67 82 68 90 47 89
99 28 44 15 43 56 35 10
97 9 98 56 46 5 93 78
18 16 71 72 49 37 55 45
41 24 38 42 39 95 6 33
18 53 91 45 49 72 26 36
98 93 46 15 52 63 51 35
97 83 94 65 87 58 75 30
75 92 36 27 97 94 76 65
0 68 17 62 14 61 70 7
40 33 39 10 4 21 6 80
0 14 17 85 59 62 86 96
74 14 48 20 85 12 66 96
12 56 2 90 98 35 80 46
90 47 80 50 89 79 29 82
15 87 75 57 30 83 97 93
62 14 20 74 48 12 85 96
82 70 50 64 47 68 89 7
0 66 62 96 14 89 59 7
18 72 53 71 49 37 45 16
0 61 68 59 17 67 82 7
72 45 69 37 91 53 49 16
91 37 26 45 49 55 53 18
25 8 31 3 77 19 9 32
20 31 48 3 85 84 81 13
94 65 87 58 97 83 57 30
55 18 92 27 36 94 58 75
25 8 73 3 32 31 9 19
52 9 2 32 98 5 46 93
47 64 90 29 89 82 80 50
29 64 21 60 4 90 47 79
20 31 48 3 11 74 84 13
68 50 67 64 79 47 89 90
30 87 65 15 22 75 57 97
31 48 20 3 11 81 13 74
66 14 20 48 96 12 74 62
85 17 14 96 84 62 13 61
97 83 65 15 22 57 75 30
30 1 57 87 22 65 75 83
79 68 82 64 50 90 67 7
80 50 64 82 89 68 79 63
72 9 26 45 49 32 55 16
76 94 55 18 36 58 27 75
65 52 46 94 15 5 97 98
93 27 36 75 92 97 58 76
43 54 28 99 38 39 6 34
62 14 20 48 66 12 74 85
58 94 30 75 15 93 87 65
93 78 2 32 46 5 9 52
43 51 38 95 34 28 44 10