55 168 3 200 274 202 272 8
138 147 384 121 264 298 359 208
92 386 206 329 360 134 372 392
0 289 255 44 168 202 200 8
227 225 259 279 211 72 280 254
48 135 341 322 57 150 106 159
46 71 122 68 63 315 340 159
43 90 144 180 174 334 148 127
0 274 168 3 200 55 114 303
51 30 124 241 145 13 188 352
271 131 244 99 223 331 344 362
375 62 125 130 217 320 42 26
23 18 267 297 172 383 163 316
51 279 376 140 352 265 259 254
390 315 117 20 246 29 300 68
206 360 2 392 134 372 92 145
185 66 116 163 281 172 316 267
304 364 232 181 49 393 151 216
23 297 383 305 12 172 316 239
81 214 226 56 105 165 367 273
300 29 315 195 14 117 390 68
146 357 226 107 65 366 214 256
47 252 141 349 100 123 190 31
172 305 297 18 12 383 239 97
196 162 330 28 368 94 199 173
166 246 119 116 163 335 128 327
62 125 320 217 375 11 42 169
222 268 175 36 105 377 249 325
173 368 24 196 199 162 397 94
315 20 300 75 68 117 340 14
188 261 124 352 145 387 9 241
361 328 58 223 61 253 244 362
149 60 104 293 193 170 323 354
236 294 346 255 177 44 285 160
123 205 252 46 47 122 190 270
183 278 34 270 118 153 322 71
105 27 377 325 81 219 74 268
180 120 127 78 374 43 144 238
335 246 221 119 294 303 114 215
111 108 54 245 167 263 238 351
380 342 339 70 152 184 126 64
20 117 390 327 297 106 383 195
130 320 26 62 125 11 217 375
238 334 144 180 37 174 127 7
255 285 200 3 33 294 168 160
85 371 324 137 182 143 301 176
205 34 122 47 67 123 6 252
395 122 34 252 46 67 205 123
57 212 135 341 229 5 322 345
393 364 179 295 17 82 151 304
87 237 262 164 251 243 231 308
140 254 352 13 376 124 279 259
28 83 189 196 368 94 307 397
347 394 288 233 399 76 283 198
263 39 245 238 379 127 108 167
338 136 8 202 274 156 299 272
214 95 19 102 178 226 105 273
345 229 48 135 212 5 341 150
31 253 61 362 223 361 244 22
99 328 253 292 61 147 361 344
93 240 323 32 234 80 332 193
344 253 328 326 141 361 292 59
296 320 217 26 125 11 175 42
106 195 315 68 117 159 6 340
365 397 113 342 40 380 70 83
366 214 289 146 370 256 21 226
267 154 116 185 204 281 316 16
122 395 319 100 47 46 205 252
29 396 340 315 117 75 6 63
240 133 80 176 363 332 93 234
184 113 339 152 40 64 126 342
270 35 183 278 63 153 6 322
211 381 280 264 4 279 254 225
96 218 398 187 234 133 332 139
325 290 219 296 269 230 36 81
29 319 315 340 396 68 6 67
394 233 53 283 356 399 210 198
301 321 291 207 143 197 350 324
312 374 89 120 180 348 144 161
279 225 259 336 376 227 280 140
60 363 69 234 176 240 93 332
74 36 105 269 273 19 367 325
148 151 49 179 393 295 90 318
397 94 380 52 40 342 64 365
189 358 155 52 365 191 158 307
45 371 182 324 137 301 282 149
242 347 311 339 388 186 277 355
50 184 243 251 262 237 164 126
394 233 305 267 316 204 23 16
78 257 374 120 236 231 164 382
337 192 174 318 82 148 334 7
156 107 338 366 359 202 357 274
134 265 2 386 372 329 194 254
234 69 332 323 363 240 80 60
28 189 368 52 196 173 83 397
56 107 256 178 102 359 353 226
139 218 379 398 73 148 337 192
135 297 23 18 383 287 239 12
369 269 142 74 385 290 103 110
362 223 59 10 253 244 361 344
67 349 250 395 319 252 275 112
251 314 224 161 231 87 382 260
56 353 298 95 178 107 359 226
369 269 98 110 385 142 290 333
309 333 317 32 170 247 354 193
81 36 367 325 273 19 377 268
390 195 150 63 41 159 315 117
95 256 102 353 359 366 21 178
39 54 238 379 167 263 245 111
129 292 343 306 310 147 157 326
142 103 269 81 367 165 98 385
103 263 167 110 108 351 245 39
141 250 326 349 100 310 157 129
342 314 64 365 286 391 260 224
221 38 8 246 119 136 294 303
271 389 2 331 194 131 386 313
335 185 163 281 215 66 166 16
20 29 106 195 63 390 315 14
212 35 322 278 71 378 153 183
128 215 246 25 335 327 166 221
236 257 374 231 37 89 78 348
384 1 138 298 208 147 359 264
252 34 205 46 123 47 6 67
22 252 47 205 190 34 122 67
241 188 261 13 352 30 9 51
375 169 42 26 320 11 130 217
342 184 339 251 40 70 87 152
43 334 144 238 37 180 174 7
119 166 335 25 327 116 246 215
157 343 326 349 250 112 306 310
26 375 42 217 125 11 293 320
271 331 99 10 389 313 115 244
108 245 238 351 44 248 160 39
73 171 266 363 187 218 69 139
92 265 386 329 4 392 254 372
48 229 341 150 212 5 287 57
274 55 8 114 221 303 272 299
143 182 85 324 149 45 176 323
298 1 264 353 147 359 384 121
363 171 73 216 187 133 266 218
79 376 279 13 352 51 254 259
326 61 349 328 361 112 129 253
290 385 103 333 309 369 98 110
176 77 80 137 197 324 207 45
180 43 228 174 127 348 334 7
241 372 392 352 124 188 30 9
289 65 366 226 214 370 256 21
109 1 384 344 292 326 343 59
90 192 82 318 398 337 334 7
45 32 293 176 137 170 323 182
195 322 159 287 106 5 135 57
364 82 295 304 17 179 49 393
251 342 126 184 40 339 70 242
35 34 278 183 71 270 322 118
356 281 201 204 210 235 233 66
358 365 158 391 191 113 307 84
338 299 55 357 91 272 274 202
112 109 343 326 306 250 310 129
189 84 397 365 358 52 155 307
117 106 150 63 195 5 6 315
248 44 168 257 285 33 255 236
258 101 314 260 286 224 382 312
368 196 24 28 173 94 330 199
116 267 316 185 12 166 172 16
237 382 308 251 89 231 243 50
273 81 110 370 226 367 19 214
119 327 172 116 335 25 128 163
39 245 111 238 263 54 108 379
0 44 8 3 33 255 200 160
247 296 290 230 217 317 219 26
193 32 149 293 354 317 247 104
73 69 139 363 216 266 133 187
163 267 185 18 12 383 316 16
94 368 24 28 196 199 380 330
348 318 43 144 180 228 258 7
268 27 220 62 36 296 222 377
149 207 80 143 137 323 197 45
201 285 257 284 213 308 346 33
56 95 226 214 107 102 353 256
209 82 151 203 295 49 318 191
144 78 174 127 43 228 348 7
364 139 187 232 17 216 393 304
45 371 324 85 149 301 282 137
118 35 34 278 71 322 270 153
251 70 339 126 40 87 152 243
172 66 281 116 267 316 163 16
242 86 277 388 347 311 355 339
363 133 181 232 266 139 171 216
124 30 145 372 352 241 51 9
397 84 158 358 307 52 365 94
22 122 123 205 34 46 252 47
203 155 84 358 307 158 179 209
398 148 96 337 90 127 334 7
302 104 309 32 170 60 333 323
92 115 329 313 271 386 389 331
390 315 150 41 63 106 159 117
52 368 24 28 173 162 397 94
207 77 301 137 143 324 176 45
210 394 399 233 356 76 283 53
380 173 24 330 196 28 388 162
0 168 8 3 303 55 202 274
177 215 281 154 284 66 235 213
0 55 357 366 91 200 272 274
82 155 179 209 295 191 318 258
210 233 356 267 185 66 154 16
123 67 34 270 46 47 252 122
15 392 2 92 360 372 329 134
176 197 321 143 77 137 45 324
99 1 59 384 138 271 264 121
203 191 174 82 318 258 228 179
235 198 394 356 154 76 233 283
254 259 279 381 4 280 72 225
48 322 229 378 341 345 118 57
346 284 215 285 281 177 201 308
226 65 256 370 165 367 19 21
128 116 335 281 119 284 201 213
304 17 364 133 139 232 181 187
320 26 11 230 62 296 125 169
96 73 398 332 139 93 133 234
369 290 169 230 74 296 36 269
27 30 222 175 320 261 387 62
119 38 303 128 114 136 246 294
249 27 268 175 376 36 387 377
253 99 361 362 244 10 58 31
312 161 113 314 286 382 260 101
79 280 211 259 4 279 227 336
65 214 21 165 178 56 19 256
225 259 336 279 4 79 280 376
144 258 312 174 348 180 318 7
48 341 322 212 378 345 118 57
369 74 217 290 169 219 247 317
101 89 50 164 161 312 78 382
364 304 181 187 17 139 393 216
283 198 356 76 204 394 154 210
69 240 93 363 332 323 80 60
210 308 237 201 283 356 262 154
374 257 285 89 33 346 120 160
164 50 251 243 87 262 308 231
54 43 167 127 39 37 108 245
287 297 23 18 383 97 172 12
332 176 69 323 60 234 80 93
188 30 145 352 261 51 9 124
388 277 311 355 86 347 339 186
50 87 237 262 251 184 164 101
31 361 58 362 99 10 253 223
351 108 54 111 263 39 167 238
114 119 335 128 38 25 327 221
290 354 104 309 369 230 333 317
238 44 245 160 39 37 132 351
105 27 222 387 336 377 268 376
275 306 100 157 129 349 310 112
50 184 243 126 237 87 382 101
205 67 34 47 46 122 123 395
361 141 59 328 61 362 344 31
280 279 134 13 4 265 259 140
285 33 294 3 44 38 160 168
107 214 95 226 146 65 21 366
236 285 177 120 33 374 346 89
228 348 174 161 312 286 209 318
254 140 227 280 4 279 79 225
286 314 113 224 382 231 161 101
13 241 30 352 387 51 9 124
237 243 50 283 235 210 308 87
39 379 245 54 167 111 238 108
381 1 72 138 384 208 121 298
254 329 134 13 4 92 352 140
73 69 139 363 171 216 133 187
163 204 172 185 316 66 305 16
222 27 249 377 325 175 36 105
110 81 98 325 219 74 385 103
183 205 278 35 34 122 153 71
313 194 389 131 331 386 10 208
299 338 8 156 202 274 136 55
214 81 165 226 325 367 19 105
357 55 8 202 272 91 156 338
395 310 100 396 129 349 250 319
207 77 363 350 373 321 197 291
186 347 242 86 339 399 311 355
35 270 118 183 71 212 322 153
254 140 227 280 4 259 79 225
225 259 79 279 4 227 72 211
185 66 116 335 284 215 201 16
85 45 293 301 324 182 137 371
356 76 262 235 198 394 210 233
294 346 201 335 213 215 281 177
236 257 213 255 33 346 160 177
161 113 260 382 101 314 391 224
97 150 239 297 383 5 41 135
76 311 277 394 399 53 198 347
351 146 366 3 21 256 370 65
317 369 98 219 247 230 74 354
373 350 321 207 301 197 324 77
147 157 59 326 61 343 328 109
130 323 137 104 149 32 170 182
215 335 255 303 33 284 38 221
151 203 82 304 17 393 49 179
230 169 219 26 62 320 74 217
383 390 23 18 239 41 172 12
121 1 107 384 353 138 359 102
156 310 275 250 157 272 306 338
20 327 390 29 14 25 246 117
182 282 324 197 85 137 371 45
309 247 193 32 354 142 104 333
246 221 8 294 200 119 38 114
151 216 49 232 364 17 181 393
267 316 23 18 12 88 172 16
326 112 157 129 109 343 310 250
158 84 189 358 365 52 397 94
262 213 235 164 50 237 177 346
354 104 142 369 302 247 193 333
275 157 306 250 129 349 326 112
186 86 347 355 388 277 242 399
224 161 382 180 348 78 228 258
386 115 389 271 329 331 194 92
101 260 382 391 113 224 161 286
195 68 340 29 63 75 6 117
172 116 185 267 12 66 163 16
169 104 369 170 290 230 247 354
228 148 82 90 334 209 174 7
100 395 275 250 67 75 396 349
217 296 62 26 125 11 375 42
324 373 77 350 207 276 197 291
183 118 35 71 278 5 341 153
240 193 234 32 93 60 149 176
45 301 371 85 197 77 137 182
81 36 269 74 105 273 27 377
292 310 343 109 129 157 306 112
166 163 246 116 128 119 25 335
344 292 253 61 326 361 59 141
92 211 265 134 386 254 313 194
355 173 24 199 242 28 162 388
131 99 194 10 271 389 313 115
234 80 240 218 363 60 93 69
354 193 142 369 302 247 309 104
148 127 90 43 192 337 144 7
281 119 128 25 116 284 246 215
79 249 279 259 225 268 376 227
398 96 364 334 148 192 90 7
299 306 55 156 274 91 272 357
380 40 126 242 152 388 70 342
63 117 75 46 29 68 6 315
48 229 212 322 378 5 345 57
64 126 152 113 70 40 339 83
310 147 306 326 109 129 292 157
362 328 253 99 61 292 59 361
48 341 229 212 118 322 378 57
284 213 257 177 236 308 285 33
277 186 86 399 242 355 288 311
78 228 258 144 161 312 174 180
100 395 141 275 129 310 250 112
324 321 77 373 207 276 197 291
132 146 289 248 245 111 108 39
124 188 265 13 254 140 51 9
298 384 107 102 95 138 359 178
317 247 104 290 369 333 309 170
242 186 347 311 330 86 277 388
394 210 283 235 198 204 233 154
256 366 274 156 21 202 338 91
307 84 365 64 189 158 391 155
102 1 95 384 138 298 353 107
15 134 2 372 206 329 392 92
344 362 253 328 61 141 58 31
253 244 99 31 361 10 344 223
171 133 80 240 69 266 93 332
181 398 232 49 304 17 216 393
113 155 358 64 158 84 391 83
357 65 21 146 256 91 202 107
273 165 81 226 214 325 19 105
52 94 24 28 173 162 397 196
354 333 290 98 247 230 142 309
214 110 367 165 65 226 146 19
45 182 324 282 149 301 137 85
265 188 2 360 134 92 145 392
324 276 350 207 197 291 77 321
236 257 89 348 37 120 78 180
42 26 320 62 125 11 217 130
279 51 336 13 259 79 140 227
249 27 105 268 175 325 36 222
341 118 322 345 48 229 212 57
192 96 54 245 167 39 108 263
342 339 173 83 40 70 397 64
225 279 280 254 4 264 72 211
312 224 231 260 101 89 161 251
239 172 23 18 12 41 297 163
359 1 353 138 147 121 298 264
290 369 103 142 110 81 98 269
211 194 329 134 313 72 92 389
13 376 261 51 124 268 249 222
173 339 186 311 355 330 199 242
271 115 386 331 329 131 313 194
20 195 297 117 14 300 41 106
155 64 365 286 224 113 260 314
15 360 2 206 134 92 145 372
49 304 232 82 151 17 295 364
204 233 76 53 198 283 356 210
250 275 252 112 349 67 319 100
68 395 75 67 100 250 275 319
28 94 189 52 196 173 83 368
90 192 364 337 96 218 73 148
76 347 53 283 394 277 198 288