763 1211 3 116 5 14 1198 1205
287 284 282 286 117 763 283 285
332 334 118 330 216 331 333 335
0 1205 763 1198 5 14 762 1211
759 1209 787 786 1177 12 788 13
0 1198 762 3 1211 14 1205 761
1303 78 357 171 40 1132 359 119
360 41 120 172 1243 79 356 1066
43 75 42 257 9 1048 76 121
258 1155 42 43 8 384 76 121
975 746 972 220 974 106 1278 973
747 221 876 108 62 1127 875 877
786 1177 788 748 1209 759 787 13
788 786 759 748 1209 1177 787 12
0 761 762 3 116 763 115 760
467 471 473 152 469 472 468 470
743 740 17 989 805 677 1183 153
1184 744 16 806 990 678 154 741
679 731 734 155 730 733 732 729
680 834 991 745 807 1185 742 156
403 405 402 404 406 407 408 409
1263 149 682 703 150 70 151 22
151 70 703 150 1263 149 682 21
893 1318 955 71 954 489 887 576
436 438 72 435 439 440 437 434
894 577 941 73 490 438 437 888
1196 1041 159 883 1319 1005 1188 1164
1165 1006 1042 1216 884 160 26 1005
161 1007 1043 1044 885 1173 1217 346
864 863 162 867 347 868 866 865
31 1174 882 32 1004 1239 961 962
30 882 961 32 1239 1174 962 1004
30 1004 167 882 1319 1174 31 1239
34 970 969 869 529 140 971 527
35 886 525 33 527 528 526 970
34 1084 870 886 1086 141 1039 528
108 875 142 871 872 874 873 62
545 548 143 549 63 544 547 546
64 314 144 315 165 316 1288 932
1003 65 1040 1121 166 1087 1187 145
1303 171 383 119 357 1132 6 359
170 120 1066 169 356 360 172 7
43 257 1048 121 8 9 75 384
121 42 76 258 8 9 384 168
49 48 47 50 1232 51 46 45
49 48 47 50 1232 51 46 44
49 48 47 50 1232 51 44 45
49 48 46 50 1232 51 44 45
49 47 46 50 1233 51 44 45
48 47 46 50 1244 51 1233 1240
48 1244 1241 49 198 51 1233 1240
48 1244 1241 49 198 50 1240 1233
323 200 199 133 721 290 53 722
133 1106 184 721 52 291 324 200
201 134 292 1286 185 1107 325 55
205 202 203 1286 186 135 204 136
203 202 207 55 135 187 204 136
697 189 188 1238 137 424 698 699
132 318 320 319 317 321 261 326
1191 83 262 1236 1190 1237 84 1108
971 528 529 33 106 972 140 973
1180 1086 1084 528 886 35 107 141
108 876 877 142 36 875 873 874
218 561 547 37 548 549 217 143
267 268 165 212 109 1288 932 144
1181 1187 39 166 110 1170 145 213
1320 263 164 111 1169 1239 163 167
1134 264 1135 1182 163 164 214 138
265 1045 1182 1044 139 215 1047 1046
328 1269 1270 868 329 216 266 1249
21 146 1263 151 703 682 702 22
489 576 887 955 23 1318 954 893
439 24 433 434 438 435 436 437
437 888 25 577 438 941 894 490
237 1154 299 1234 256 1156 255 1314
42 258 238 300 8 1048 76 257
239 257 301 43 1155 9 75 258
1088 1242 259 234 1089 358 1253 296
40 260 1243 297 235 357 6 359
1068 360 1067 1066 255 236 1243 1312
81 83 917 82 1236 1235 456 105
80 83 1235 1236 84 917 456 82
80 83 59 81 84 1235 1236 1237
80 82 59 1236 81 84 1235 1237
1236 82 59 1191 81 83 1237 1190
1093 1090 1091 86 87 1092 1089 88
90 1092 1307 89 87 85 1093 88
90 89 1290 85 86 1093 1307 88
90 89 1290 85 86 1307 91 87
90 88 92 86 1290 87 91 1307
89 92 88 1307 93 87 91 1290
94 93 92 90 89 88 1290 95
90 94 93 96 91 89 95 97
98 91 92 96 94 90 95 97
92 91 98 97 93 99 95 96
92 97 91 98 99 93 94 96
92 95 93 98 99 100 94 97
94 99 93 98 100 95 92 96
94 100 95 97 1227 96 99 1201
98 97 100 96 461 1201 1227 95
1137 98 1201 96 461 97 99 1227
1227 1096 462 1095 1097 1094 1099 1098
128 124 126 127 125 129 1313 130
454 573 1037 453 572 571 647 1285
105 1036 1058 1057 1035 916 455 305
1057 1058 917 80 305 456 916 1105
971 529 60 973 746 220 140 972
1180 61 1084 886 1086 35 528 141
875 747 142 62 876 877 874 873
268 269 212 64 144 932 267 165
1187 748 1181 213 65 1170 166 145
113 114 1239 66 1320 263 167 112
111 263 1320 66 113 760 115 114
761 114 760 112 1320 111 263 115
111 761 762 113 760 112 115 1320
1169 1320 14 761 760 114 113 112
1197 115 14 1169 214 264 1134 1135
1047 1 1046 215 281 265 68 282
69 330 2 216 329 328 266 331
40 171 383 1132 1303 357 6 1038
41 1066 170 355 169 172 356 7
168 42 354 43 8 9 384 76
1136 1203 1202 1224 1225 1199 1189 1176
191 1095 488 190 192 487 1096 676
127 125 126 192 128 646 302 102
127 303 124 302 304 126 102 128
127 574 304 128 129 124 125 102
125 124 128 304 102 126 129 574
127 1313 125 129 126 102 574 130
128 125 130 1313 574 102 127 126
1313 189 131 129 1291 720 697 128
129 1291 130 574 647 720 453 1104
317 430 1285 454 58 318 647 1037
457 200 1106 184 291 721 53 52
185 1286 135 201 1107 458 1199 54
55 136 1200 202 1286 187 186 459
135 56 1194 55 187 1193 460 186
1238 462 461 188 1201 57 1099 1227
66 163 1319 167 1164 159 164 67
1044 1045 161 1046 1182 1043 265 68
34 529 60 33 106 971 528 970
1180 61 1086 886 107 35 1084 528
874 108 62 875 36 873 872 871
549 63 546 37 545 547 548 561
165 38 109 932 315 316 64 1288
166 1087 39 1181 110 1170 1187 65
174 701 703 1263 702 233 682 645
175 887 1281 489 893 954 629 953
437 435 432 434 433 436 176 1294
21 949 173 151 682 70 150 837
949 837 173 151 70 682 149 21
149 682 949 150 70 837 22 21
468 470 15 467 469 466 394 177
989 677 805 178 16 832 1183 395
179 833 396 990 806 17 678 1184
730 679 18 731 180 728 729 397
991 834 19 398 680 181 1185 807
1186 681 985 183 984 992 836 835
173 1279 20 837 739 404 405 231
1041 1319 1005 160 26 163 1164 138
1006 1182 161 1042 1043 1165 159 27
1044 139 1043 1182 1046 1165 1045 160
866 1269 868 29 867 865 1270 328
67 263 164 167 1169 159 138 66
67 1169 167 66 263 138 159 163
267 1288 109 64 932 38 212 144
1170 145 39 213 1187 65 1181 110
1320 138 1239 163 1169 164 66 263
121 42 384 43 8 9 354 1012
41 1218 170 356 120 355 172 7
41 172 169 356 120 355 1066 7
40 1038 1132 1218 383 119 1303 357
41 170 169 356 120 355 171 7
837 644 626 949 1279 149 232 505
146 702 1263 627 701 233 1265 703
489 1281 953 954 629 887 893 147
435 433 1294 434 431 148 436 432
468 394 467 152 469 466 465 224
179 677 226 153 1183 989 395 832
178 678 833 154 1184 227 396 990
728 397 228 679 640 730 155 729
834 1185 156 229 398 680 182 991
984 399 183 181 835 985 157 681
230 681 992 157 182 1186 836 400
133 200 1204 1106 52 457 721 53
1202 1199 134 458 1136 1204 1203 54
55 1200 135 1194 1193 187 1226 459
1194 56 186 1192 1193 136 460 459
1238 1201 1227 461 100 1099 137 1098
1238 1291 699 130 1313 129 697 698
487 488 676 191 123 1095 192 1250
123 348 486 676 488 190 192 487
486 124 676 487 123 488 190 191
302 304 303 569 570 563 646 632
195 570 571 1034 573 564 633 572
1034 565 1036 305 1035 196 1056 633
1057 634 1058 1034 195 1056 566 305
1025 1105 635 567 1163 1057 1056 196
1240 1244 385 1233 51 1241 322 289
723 290 722 200 323 721 724 52
1009 324 1106 1109 722 199 53 291
1010 325 134 1110 1286 292 1107 54
55 205 135 206 939 204 203 1286
55 202 205 206 939 204 1286 845
55 205 1286 206 203 202 939 845
946 203 1011 206 845 204 939 202
1011 204 946 203 205 504 845 939
946 940 626 505 206 1011 948 947
496 1293 425 424 700 627 1259 645
497 1248 426 326 636 1292 628 637
630 498 327 427 321 499 320 261
631 1108 327 262 294 295 1191 293
268 165 270 64 269 267 109 932
1170 110 65 748 759 166 1181 1187
1047 1197 1135 116 1134 264 215 67
117 265 1047 282 68 1046 281 1045
69 328 331 330 266 1249 118 329
219 270 267 549 561 268 218 269
561 269 267 219 217 212 270 268
561 217 267 218 270 268 269 212
972 975 1278 974 106 746 973 10
876 108 62 1127 875 747 11 877
1294 498 630 431 432 629 427 499
631 432 148 176 295 1294 211 294
464 465 177 1256 466 467 463 394
465 389 390 393 388 392 224 391
178 1111 395 638 832 500 639 227
621 638 833 639 396 226 1184 179
622 728 640 729 727 180 397 501
502 834 181 1112 623 1185 398 641
1186 503 400 1113 836 624 183 642
504 643 845 1011 1279 625 401 402
837 644 626 948 173 949 1279 505
645 174 496 146 1259 700 627 701
77 1242 296 1088 1090 259 358 1089
1151 1150 78 260 1140 359 1152 297
298 255 1067 1243 79 1312 1246 1068
74 1314 299 256 1234 1154 1141 1156
1155 1050 239 1049 1048 300 75 257
76 258 1157 301 300 1048 238 1155
772 770 773 280 771 1299 906 774
242 906 254 243 895 1321 896 1299
1321 241 243 897 895 896 1299 254
1321 241 896 897 1300 895 242 254
1261 695 696 608 694 756 666 602
757 667 692 603 246 918 693 1080
247 604 755 758 791 919 693 790
789 1295 754 758 248 605 755 791
1128 789 1295 605 247 791 920 668
1082 921 248 668 606 605 1128 1124
1083 1125 982 607 1214 915 922 669
601 598 670 600 1273 599 1130 252
1130 601 1273 600 599 251 670 1115
804 800 665 799 784 803 802 801
1300 896 241 897 895 242 243 898
1068 298 79 360 1312 236 1067 1243
74 237 299 1234 1156 1314 1141 1154
1048 258 238 1155 8 300 75 1049
76 239 1155 1048 301 9 1157 257
77 296 1090 234 358 1088 1242 1089
1243 235 78 297 1312 1150 6 359
326 320 636 210 58 319 321 209
294 327 293 1190 211 1191 1108 59
167 1320 1169 66 163 111 112 164
214 1134 138 163 164 67 1135 1197
68 139 215 281 1047 1046 1044 1045
330 216 328 868 69 1249 1270 329
270 268 165 64 269 212 932 109
109 269 165 64 932 212 270 267
219 268 212 218 109 270 267 217
268 217 219 218 109 269 212 267
999 907 890 976 912 1228 709 1223
819 821 688 686 689 710 687 820
382 381 977 749 380 379 751 750
1212 711 978 892 1000 914 909 1213
591 592 590 1297 1272 589 593 594
1114 1271 1002 944 979 1001 1126 905
796 1280 1245 797 1276 795 794 798
664 1276 660 1245 1280 663 662 661
1133 1321 1299 770 906 980 278 1026
773 452 450 772 770 451 771 769
1045 1046 1047 68 265 117 215 282
265 1 284 281 283 1047 215 117
286 1 287 285 284 288 117 282
286 1 287 283 288 333 282 285
287 1 288 283 286 334 282 284
287 1 288 284 285 334 335 283
288 1 334 284 283 285 286 335
287 1 334 284 285 283 286 335
386 322 387 388 1241 389 385 198
291 323 723 724 722 725 199 52
1106 324 1009 1109 937 200 53 290
938 1107 1110 1286 325 201 1010 54
294 262 327 211 1190 1108 1191 59
293 295 499 262 211 327 223 631
293 631 211 1108 262 294 223 1294
1091 77 1092 1089 1090 234 259 1088
1150 1152 78 359 1140 235 1151 260
1069 1070 1312 1068 1246 236 255 1067
74 1314 1234 1156 1154 237 256 1141
301 257 238 1049 1048 1050 75 239
76 1142 1157 300 258 1155 238 239
304 646 124 632 562 303 193 568
124 302 304 126 193 632 125 646
574 646 303 124 302 453 125 193
104 1035 1058 105 1057 196 1036 1056
1215 520 337 521 523 522 524 1175
838 879 1118 963 1119 308 338 1120
839 307 964 1178 339 838 880 963
340 540 545 541 539 543 544 542
314 315 313 931 840 311 312 341
314 315 313 310 840 312 341 316
313 315 341 310 840 314 311 316
312 316 314 311 38 315 840 310
313 316 311 840 38 315 312 310
311 38 310 313 316 314 144 312
311 38 312 314 932 144 315 313
320 319 321 430 58 1037 132 318
320 430 321 327 58 132 317 319
327 321 318 320 58 317 261 210
321 319 210 318 327 317 261 58
319 261 210 318 320 317 327 427
289 385 386 387 1241 389 388 198
725 290 52 724 722 324 199 723
291 200 1109 1009 937 1106 53 323
844 1110 938 201 292 1107 1010 54
1248 210 498 426 636 209 261 58
321 320 294 293 427 319 262 210
1249 216 1270 1269 69 329 868 266
216 266 330 1270 69 1249 118 328
69 328 1249 216 266 331 118 329
329 332 2 118 266 330 216 69
330 333 2 283 334 118 331 335
335 332 2 334 331 285 284 283
286 332 2 331 333 335 284 285
332 334 2 333 286 287 285 284
967 966 616 878 1277 520 617 1262
519 522 523 520 1215 521 306 518
838 879 1118 1117 963 307 823 1119
1178 880 839 824 338 1079 308 964
543 538 539 541 537 540 542 309
510 825 840 530 311 310 312 931
1266 965 1003 841 826 1208 1077 881
1266 882 512 532 961 962 1304 827
345 1196 1188 1005 1171 1172 883 828
884 344 1171 1216 1172 1188 829 534
1173 1217 830 885 535 28 1007 515
536 866 864 29 862 863 865 831
674 673 1250 488 487 675 486 191
1022 562 568 1053 1021 1160 632 646
1022 569 1054 1161 648 1144 564 563
565 650 1274 1024 352 1023 933 649
1274 649 566 1055 1024 351 650 933
650 567 934 1158 352 1315 651 1025
121 42 384 43 8 9 168 1012
41 170 169 1218 120 172 1038 356
41 170 169 1066 120 355 172 7
40 359 1303 383 171 119 6 1132
234 259 77 1253 296 1088 1252 1242
40 357 78 235 1132 260 6 297
41 1067 1243 1312 79 1066 255 7
1014 415 714 370 371 372 1013 996
415 847 846 716 414 412 413 620
582 579 995 580 416 705 578 581
1179 417 995 1149 483 717 365 1308
418 1308 364 366 1179 654 653 417
484 418 654 655 653 367 1264 365
366 419 983 718 1264 764 1133 848
444 445 442 764 766 443 765 441
485 1275 911 943 420 942 442 443
371 373 377 495 374 376 375 372
376 374 377 495 373 372 375 370
378 374 370 373 371 375 377 376
377 372 375 378 370 376 371 374
377 375 371 370 378 376 372 373
378 377 372 370 376 374 371 373
373 377 378 372 375 374 371 379
373 375 379 374 378 372 380 376
375 380 376 374 379 377 382 381
375 381 382 374 378 377 376 380
382 273 377 381 378 376 375 379
380 273 378 382 377 376 379 977
380 273 377 977 379 381 378 913
40 1038 171 1218 1132 119 1303 1311
121 42 354 43 8 9 168 1012
387 289 386 388 1241 1244 198 322
1241 385 390 289 322 389 387 388
391 322 389 390 385 289 386 388
289 386 391 390 389 387 392 322
391 322 387 388 390 386 225 392
392 389 388 391 225 393 387 386
225 392 388 387 390 393 386 389
387 391 388 393 390 225 389 465
224 390 466 177 391 225 392 394
465 466 177 152 224 464 467 468
178 396 989 1183 226 832 638 153
1184 395 990 154 639 833 179 227
728 640 730 729 228 180 622 155
641 399 834 991 1185 229 181 156
984 398 182 181 835 183 985 400
182 230 992 399 1186 836 183 642
404 642 20 643 402 231 405 403
231 836 20 405 403 404 401 406
402 407 20 405 404 231 401 406
402 992 20 407 401 405 403 406
406 402 20 407 401 403 408 404
404 403 20 409 407 408 405 410
409 408 20 405 404 403 406 410
405 411 20 409 407 404 406 410
410 406 405 407 411 20 408 412
411 413 408 407 409 20 412 406
409 413 408 414 410 412 415 407
411 408 409 414 415 413 362 410
412 411 415 409 361 414 410 362
362 410 846 412 413 415 411 361
413 414 411 846 362 412 847 361
491 578 580 363 705 995 581 579
1179 365 483 704 995 1149 364 1308
365 653 1308 654 366 484 1264 655
484 983 367 418 848 366 1264 718
1275 942 443 369 485 442 943 911
1230 1231 492 910 889 1131 618 428
811 619 813 810 493 429 812 814
998 370 683 494 495 684 685 1019
1259 208 425 505 207 57 1293 948
645 948 1293 208 1259 626 424 505
637 636 1248 497 1292 326 209 628
222 630 321 629 498 210 327 499
1018 889 1231 910 1131 1230 421 492
813 422 809 493 810 814 812 811
132 318 573 317 1285 1037 454 103
222 630 148 1294 176 432 499 433
431 433 434 176 1294 148 222 435
434 438 176 437 432 148 435 436
432 438 176 436 433 148 435 437
436 72 176 438 434 148 433 437
438 72 437 433 435 148 434 24
438 72 436 434 435 148 433 24
437 72 436 435 439 434 433 24
436 72 24 440 941 441 437 438
437 72 941 439 577 24 441 438
485 577 420 368 440 24 439 442
368 445 446 765 764 447 443 444
442 447 764 444 445 446 765 368
446 448 368 445 443 447 765 442
442 443 444 446 447 449 448 766
450 443 444 442 448 445 447 449
448 443 450 445 444 449 446 451
452 451 444 449 445 447 446 450
1255 445 446 448 452 451 447 450
446 1255 449 447 448 452 451 280
447 280 452 1255 450 446 449 448
1254 280 447 451 1255 449 450 448
1285 572 304 103 303 573 647 574
573 455 103 1036 430 1285 1037 572
456 1036 916 1035 305 454 104 1058
916 80 305 81 1235 105 917 1058
53 184 133 721 1204 52 1203 1202
1225 1203 1199 1204 1136 1224 185 1202
1200 135 1194 460 1193 186 1226 1192
1226 1192 1193 1137 459 1194 187 1200
99 100 1099 1227 98 188 1201 1098
1313 1099 101 1096 1098 1097 1238 1094
394 465 224 464 1305 1256 1306 935
935 394 1256 224 1305 1306 463 465
463 224 177 464 394 935 1306 1256
468 177 467 224 15 152 394 469
469 466 468 394 15 152 224 177
469 466 394 177 15 152 470 467
467 471 15 470 468 466 152 177
152 472 15 469 471 473 474 475
469 152 473 472 470 15 475 474
469 471 470 473 474 15 475 476
475 471 477 474 472 15 470 476
472 471 475 477 473 15 470 476
477 471 472 479 473 478 476 474
473 477 1257 472 474 478 475 479
475 476 473 479 472 478 474 1257
476 1257 474 1018 475 477 473 479
1018 477 478 474 476 475 1257 889
808 422 810 1019 809 493 811 429
494 683 1019 997 998 738 951 986
1195 952 736 737 495 684 987 735
1149 491 1179 417 364 704 1308 950
1318 419 418 1264 366 1308 652 575
577 441 369 440 25 942 420 941
488 192 674 348 487 1250 191 675
348 192 675 488 1250 190 486 191
348 192 1250 487 486 190 123 191
147 955 71 954 23 887 175 893
438 941 894 437 73 888 577 25
483 416 363 1179 578 950 704 1149
1231 910 421 1230 1131 889 428 1018
422 808 429 813 811 812 810 809
683 481 951 997 998 423 685 1019
373 423 370 482 684 371 683 372
700 1259 208 645 233 1293 627 701
498 629 636 1292 637 426 209 628
210 222 953 427 497 630 629 499
629 210 630 431 498 427 222 294
842 226 639 936 638 1008 1111 621
502 727 640 724 228 725 726 622
229 623 843 501 1112 641 937 1009
1113 938 844 642 230 1010 1110 624
643 946 625 939 206 231 845 1011
947 940 644 232 948 626 207 425
614 519 615 613 518 517 1063 616
508 1029 823 1117 1064 1118 1101 1079
507 824 1030 1065 1078 1117 1079 1064
1260 560 538 558 508 559 537 539
928 931 930 929 927 530 825 926
1032 1062 1304 1060 531 1061 1077 826
532 1304 957 958 827 1062 959 960
828 534 1102 1167 533 1206 829 514
1102 534 1033 829 1167 513 533 1206
830 535 346 1103 536 1027 1168 1207
861 862 347 860 858 859 831 536
616 519 520 1063 1100 506 518 337
506 519 1063 1100 616 520 517 337
506 616 336 337 518 520 517 306
521 336 337 617 522 519 523 306
522 966 337 525 524 520 523 306
525 526 878 521 524 523 520 306
526 525 967 522 520 524 521 306
527 522 526 523 1175 525 521 968
524 527 523 34 521 526 869 522
34 524 969 527 522 528 525 523
34 528 523 970 525 1086 524 526
34 526 527 886 141 35 529 140
971 528 60 33 969 970 106 140
341 927 930 928 825 510 929 931
1304 1032 511 1077 1061 1062 826 1060
957 512 827 343 1304 958 960 959
828 514 1206 513 534 344 1102 829
513 828 1167 1102 1206 514 533 829
1207 1027 346 1103 1168 536 515 830
831 862 347 860 859 858 861 516
540 559 509 560 340 538 1260 539
509 340 560 537 1260 540 309 539
309 560 540 537 509 340 538 1260
541 544 539 543 309 538 340 542
540 545 546 543 309 542 544 340
545 546 544 340 309 541 543 540
546 545 547 542 309 544 540 541
547 541 542 545 309 546 543 540
544 543 541 546 37 547 542 309
548 543 542 544 37 547 541 545
548 546 544 543 37 545 549 143
37 63 546 545 143 547 561 549
37 63 561 217 546 547 548 143
903 928 925 782 929 924 926 927
1210 1076 1031 783 1220 1085 1166 904
802 804 1032 1060 803 1061 553 784
958 552 784 956 802 957 804 803
779 1059 1300 1102 1167 1033 1221 785
1207 778 857 777 1103 1027 779 1168
859 858 857 1322 861 855 860 856
1030 558 1129 901 509 559 781 560
509 537 557 781 1260 1030 560 559
538 1078 509 557 1260 560 537 558
509 537 539 559 558 538 557 1260
217 63 218 37 547 549 548 143
568 632 302 1021 646 1022 563 349
193 648 564 569 350 632 1022 562
648 569 563 194 193 570 350 571
649 1023 195 633 1024 1034 566 351
650 1056 565 1023 352 196 634 1024
353 197 566 1163 651 1025 934 635
1053 562 302 1022 349 646 1021 632
570 1022 1054 563 648 350 564 193
572 194 571 563 573 564 633 569
103 570 572 454 194 564 573 1285
1037 571 103 573 194 1285 570 454
103 1285 194 571 454 572 430 1037
128 130 129 453 304 131 647 127
703 483 1149 652 1308 484 704 702
1318 489 484 893 955 71 887 23
485 25 439 490 73 440 894 941
363 416 580 581 995 579 705 582
581 363 580 582 416 578 705 995
584 578 363 579 581 705 582 583
585 584 579 580 582 1317 578 583
584 1317 585 583 586 580 581 579
585 587 584 580 582 1317 581 586
587 586 583 581 585 588 582 1317
588 582 586 587 584 581 583 1317
589 585 587 583 1317 588 584 582
590 1317 586 584 588 589 583 585
584 585 589 587 586 275 591 590
592 590 1297 587 586 588 591 275
591 594 592 1297 593 588 589 275
589 1272 590 593 594 1297 592 275
1297 594 591 595 275 593 590 1272
594 1272 595 591 275 592 1271 590
1271 596 1272 593 591 592 1284 595
594 1284 591 593 592 1272 596 1271
595 593 1284 1272 594 1271 597 598
1271 595 594 599 596 1284 1020 598
599 1298 596 597 1273 251 1296 600
670 251 601 1115 1273 598 600 597
1115 601 670 1273 598 252 599 251
1273 600 252 599 1130 1210 251 1085
666 608 610 696 1261 609 244 695
918 667 919 604 693 1080 245 757
247 791 918 919 758 790 246 603
920 1295 789 1081 668 900 248 1116
901 1082 668 1129 605 781 249 921
922 1214 250 915 1083 669 902 1222
612 602 666 610 611 609 1261 244
610 1261 666 611 608 602 612 244
613 611 602 609 1261 612 608 244
608 612 609 613 614 610 602 1261
609 608 1261 613 615 611 610 614
611 615 614 506 609 612 1074 610
613 517 1028 611 506 612 615 610
518 517 1100 614 506 612 613 611
518 520 966 617 519 1262 336 1277
1277 967 1262 616 520 878 336 966
712 1015 1229 910 1131 1230 421 994
815 814 816 813 817 713 812 818
706 581 705 580 579 578 716 582
227 639 638 842 1111 226 396 500
725 724 727 501 228 726 397 640
843 1112 398 229 1009 502 937 641
400 503 230 844 1113 938 1010 642
643 939 504 206 1011 845 231 946
232 940 947 173 207 644 948 505
700 208 233 645 1293 496 701 1259
636 953 426 209 497 637 175 1292
498 175 427 222 630 499 210 953
629 498 432 499 222 210 431 427
1294 294 295 211 432 148 176 223
562 563 646 302 568 303 1021 349
1056 1035 196 634 1023 195 565 1034
1057 1034 1056 566 1058 196 633 1024
1163 1056 567 1025 634 1105 651 197
1248 326 637 426 209 497 1292 1247
497 1248 628 636 426 209 326 1292
226 227 639 1111 500 395 621 842
227 500 396 621 833 226 638 179
180 501 725 622 726 228 727 397
502 843 937 398 181 623 1112 229
938 183 1113 844 503 230 624 400
946 1011 231 504 845 401 625 939
940 232 837 505 948 947 626 173
627 701 1259 1293 233 496 146 700
193 568 303 302 349 562 632 124
132 131 1285 573 572 574 103 453
563 350 569 1022 1054 1144 564 1161
1024 650 1023 1274 352 351 565 633
351 1274 649 1055 566 352 933 1024
650 1315 635 934 353 1158 1025 567
1258 576 484 704 703 702 575 1318
657 655 366 418 658 654 656 365
659 655 653 657 366 656 658 792
657 658 654 656 653 792 660 659
653 657 659 654 792 655 658 660
659 793 654 656 792 655 660 658
793 656 792 657 659 654 655 660
655 792 657 656 661 793 660 658
794 658 278 661 1245 793 657 659
663 660 278 1280 662 1245 659 1276
1280 661 278 797 1245 664 1276 663
1280 1245 664 1276 662 665 661 278
665 798 1280 1245 662 278 1276 663
1276 1321 662 663 798 1280 278 664
756 1122 822 1261 608 244 694 696
918 245 757 691 693 790 603 692
1124 249 1128 789 248 605 920 1295
922 250 982 915 1214 1125 892 607
1273 598 599 600 1020 252 1115 251
1140 673 675 1307 1073 672 674 1146
1287 674 1073 1146 348 675 671 673
1146 674 1250 348 1073 675 672 671
486 673 1250 672 675 671 348 1073
1250 672 487 348 673 674 486 488
191 1097 1095 192 1096 123 1094 190
178 805 16 1183 743 989 153 832
990 1184 17 179 806 744 154 833
729 180 18 730 732 728 155 731
745 991 19 156 834 181 1185 807
157 1186 985 984 836 835 182 992
21 146 703 702 1263 70 151 22
494 684 685 998 481 737 423 1019
683 370 1195 952 482 736 737 495
481 1019 811 494 998 997 423 683
749 689 687 688 710 272 750 690
272 749 690 689 692 688 686 691
272 693 692 689 690 687 691 686
272 693 691 690 687 688 686 692
693 688 692 691 757 689 687 758
690 693 687 758 692 689 688 757
667 691 758 690 757 689 693 790
758 790 757 667 690 689 691 692
244 822 1122 907 666 696 756 890
696 694 602 244 756 1122 1123 822
244 1123 666 602 694 1122 756 695
699 1238 1291 1313 698 129 130 189
130 1291 1313 697 129 699 1238 189
189 57 1313 697 130 698 1291 1238
645 627 496 1293 208 701 1259 233
146 174 1265 702 627 1263 233 645
682 70 1265 703 174 146 1263 701
21 70 701 682 174 146 1263 702
491 1179 1149 417 483 575 22 1308
706 583 620 582 579 581 580 584
587 585 588 707 586 584 708 583
585 586 589 708 584 587 706 588
590 1297 587 706 589 707 586 588
1228 271 912 1015 1223 1138 999 976
821 817 713 820 818 272 816 819
1139 914 1212 1213 274 1000 978 1016
1138 1223 910 1229 994 1228 618 1015
619 816 818 815 821 819 817 820
1013 1213 1014 715 1016 1212 1139 996
1016 714 846 1213 847 716 1212 1139
846 705 715 1139 620 1016 847 706
1219 582 1017 583 1162 1159 1317 995
766 848 983 1133 765 367 767 719
764 767 768 848 766 769 718 765
131 647 130 1291 1104 129 1247 574
133 323 184 52 199 722 53 290
1106 291 290 199 724 723 323 52
727 199 290 722 725 323 724 726
726 727 725 323 501 723 290 722
727 622 501 726 724 723 290 323
727 725 622 724 228 640 501 723
723 501 725 726 622 724 640 228
18 730 228 397 679 180 155 729
18 730 228 397 679 180 728 155
729 397 18 679 180 728 731 155
734 733 730 732 735 18 679 155
735 734 679 733 736 18 155 731
736 734 679 732 735 18 737 731
731 735 736 18 737 733 987 732
731 736 733 18 732 734 987 737
952 733 732 731 482 737 734 735
735 736 482 952 734 732 733 1195
741 743 744 740 951 986 997 805
158 949 20 1279 950 173 407 837
743 677 738 741 16 986 805 744
738 743 740 744 806 17 678 986
19 807 987 156 680 745 1195 952
744 986 740 738 16 805 806 677
678 738 743 741 986 17 740 806
19 742 680 156 987 807 952 732
220 975 60 973 106 974 972 10
1127 108 62 221 875 876 11 877
213 1181 759 1170 786 110 13 12
751 750 687 753 273 688 754 752
749 755 754 688 273 753 752 751
758 750 752 755 273 749 754 753
754 758 690 749 755 751 750 753
758 754 750 749 751 752 755 791
752 753 789 755 751 791 790 758
247 790 789 753 791 758 754 752
244 890 696 666 1122 694 1261 822
667 693 918 692 245 690 603 691
246 791 754 693 790 755 753 692
786 213 110 1181 748 1170 13 12
113 112 14 761 1320 762 115 114
114 760 14 762 112 5 113 115
1198 114 14 3 115 5 761 760
0 1 14 3 1211 5 116 1205
443 368 444 719 767 766 765 768
368 767 719 444 764 766 769 768
368 764 765 769 445 719 767 768
769 446 768 765 719 447 764 766
764 446 447 765 769 766 719 767
280 719 770 765 768 448 767 766
1299 280 452 769 773 771 240 772
1299 280 906 770 240 772 452 773
771 770 906 1299 980 240 773 280
771 774 280 772 1299 240 770 906
778 773 779 240 1059 775 776 777
779 1059 778 240 774 1221 777 776
555 1059 775 779 1221 778 777 774
1059 1221 776 774 778 775 555 779
785 776 777 779 1221 775 1059 555
555 778 1059 1221 777 554 785 776
1116 920 605 1075 900 1081 1029 1030
901 921 1082 1129 558 1030 606 557
903 927 924 925 928 550 926 923
1210 1085 1220 1031 904 551 1076 1130
803 552 801 1032 553 956 804 802
1059 554 1167 778 1300 779 1221 1033
748 1209 13 759 1177 788 787 12
759 786 13 1209 4 1177 788 12
759 1177 786 1209 4 787 13 12
247 791 605 1295 668 755 248 754
919 693 791 758 246 604 755 754
1295 247 755 789 605 754 248 758
659 656 794 658 660 793 655 657
794 658 659 660 656 277 792 657
796 792 659 793 795 277 1245 660
277 798 1245 797 796 1276 794 1280
277 1280 1276 662 795 797 798 1245
1276 662 1245 796 277 1280 798 795
1276 663 277 795 1280 796 797 1245
802 803 253 800 804 801 784 665
804 803 253 784 553 801 799 802
784 802 799 804 800 552 253 803
799 784 804 800 803 553 801 253
802 801 553 552 799 784 804 800
801 784 553 956 552 800 803 802
743 677 740 153 16 986 806 738
741 17 744 738 986 805 154 678
19 731 680 156 742 987 991 745
810 422 809 811 493 429 480 1019
493 810 811 808 480 429 422 1019
808 480 811 812 809 429 422 493
422 810 429 812 493 809 813 814
814 429 422 493 619 813 815 811
619 815 814 422 812 816 811 429
422 429 817 815 813 619 816 812
713 814 813 818 812 817 816 619
815 819 814 619 813 818 817 713
815 814 819 619 816 813 818 713
619 819 817 816 820 815 821 713
818 815 713 710 820 817 816 821
821 815 710 818 713 819 817 816
272 818 710 820 817 819 713 816
696 756 666 907 1122 694 890 912
508 1079 507 1064 1117 824 338 1118
508 823 1065 507 1117 1118 339 1079
931 530 840 930 510 929 928 341
342 1062 1077 1266 841 531 1304 511
532 1304 958 343 512 961 960 959
534 345 514 513 533 344 829 1171
1102 513 534 1206 514 828 533 345
1207 831 346 1103 1168 535 515 1173
516 861 347 860 863 830 862 536
178 226 833 153 989 395 1183 677
1184 832 396 227 154 990 179 678
680 835 156 991 1185 229 181 398
157 834 182 984 399 985 681 836
835 230 992 157 1186 681 400 183
1279 949 173 149 150 151 232 644
963 1120 879 1119 1118 307 823 338
964 838 1178 824 880 307 308 339
311 530 931 825 341 310 312 313
342 1266 965 882 881 1077 1208 1003
500 1008 621 638 639 226 1111 936
229 1009 937 1112 641 502 1109 623
1110 325 642 624 1010 503 1113 938
625 1011 504 946 939 643 205 206
362 620 716 847 1139 715 1016 415
715 1139 711 1016 716 846 1212 362
718 1133 367 766 719 983 1264 765
852 853 851 1268 1255 850 1267 854
1267 851 854 855 1268 852 853 849
1267 854 853 852 849 850 1268 855
854 851 849 1268 853 850 856 855
857 852 856 854 849 850 855 851
852 855 857 851 856 1322 853 850
556 1322 854 851 857 852 853 856
855 854 853 857 1322 852 556 858
556 853 858 855 856 859 854 1322
860 516 861 536 857 556 859 1027
860 861 1027 536 858 857 516 556
556 831 859 536 516 858 861 1027
536 858 862 1027 516 860 831 859
861 863 516 831 536 864 347 860
864 536 866 29 865 862 831 347
863 347 865 29 162 866 867 862
863 864 866 29 162 868 347 867
347 867 162 29 864 868 865 863
865 1269 162 29 864 866 868 1270
266 69 1249 1270 162 867 328 1269
878 968 966 33 1277 969 967 970
1086 1039 1215 35 524 526 1175 525
879 142 1119 873 36 874 872 1120
142 871 62 1120 36 873 874 1119
142 108 62 872 36 871 875 874
873 108 875 62 36 142 872 876
874 108 221 62 876 142 877 747
877 108 221 747 875 142 874 62
875 108 876 747 874 221 1127 62
1277 966 1262 968 967 617 336 869
963 1178 338 307 838 1120 1119 880
1119 1178 963 308 964 339 839 879
841 342 882 1003 1040 1208 965 1121
1266 965 1208 1004 962 881 1174 1003
1005 1188 1196 344 26 1041 1171 884
345 1042 27 1196 1006 1216 1172 883
1173 346 161 1007 884 28 1043 1217
34 61 528 1084 1086 35 1039 141
147 175 71 954 23 893 489 1281
894 436 490 437 73 148 941 25
428 421 1131 1018 479 1231 1257 492
694 822 756 912 271 907 976 1122
977 1295 913 981 908 668 1128 1124
915 982 1214 978 274 914 1125 909
147 71 954 489 23 955 1281 887
941 438 888 490 73 577 437 25
254 899 241 898 896 242 243 897
897 898 899 895 1300 242 254 243
243 242 898 895 254 899 1300 896
897 243 899 1059 254 895 1300 896
1059 1221 895 896 254 1300 898 897
1081 1129 780 605 920 1116 1029 1075
1030 1082 781 921 557 558 1129 606
903 607 922 924 1083 782 1222 925
926 902 927 925 924 923 782 550
1085 1220 551 1130 783 1210 601 1076
1126 1020 944 276 1271 1284 979 1002
242 980 1321 1026 1299 279 241 240
890 271 1122 694 822 912 976 999
977 273 981 382 891 1124 1128 913
982 892 914 1000 274 1214 1125 978
994 1131 421 618 1229 428 1230 712
443 369 942 943 1282 1283 1275 420
976 271 890 1122 822 999 709 907
1124 273 381 977 981 891 382 908
909 1125 982 1000 274 892 711 978
669 922 892 250 1125 982 1214 607
1058 305 105 104 1036 456 455 917
455 80 81 1235 456 105 82 916
245 667 1080 603 919 757 246 604
758 604 918 791 246 790 247 603
605 247 900 1116 248 780 1081 668
605 249 901 1082 1129 920 606 781
923 250 607 915 1222 902 669 1083
924 925 601 782 550 1130 922 903
601 903 922 782 923 550 925 1130
927 924 782 922 926 903 923 550
928 782 929 925 930 927 903 550
903 926 550 928 782 930 929 510
926 930 510 782 550 929 927 530
825 927 926 550 928 530 510 930
825 931 530 927 926 928 929 510
840 530 930 510 341 310 825 929
267 1288 109 64 212 38 165 144
1052 352 1315 1024 1274 1316 650 1055
933 1145 567 353 1158 1025 1315 651
1256 464 224 1240 1306 1305 465 463
500 226 621 639 1111 638 1008 842
1109 1009 623 502 1112 843 291 324
1110 503 844 1113 624 1010 292 325
504 946 206 625 643 845 205 1011
644 207 1011 947 948 505 946 626
888 490 25 894 73 439 485 577
420 369 1275 911 442 1283 1282 943
444 911 1282 942 1275 369 1283 420
905 276 1126 1002 1001 979 1271 1284
1195 745 988 742 952 993 987 681
1011 206 845 625 643 504 939 947
940 948 946 626 207 644 505 1011
626 505 644 425 232 940 947 207
149 232 1279 173 150 151 644 837
949 739 483 416 491 151 22 21
740 998 481 986 997 741 744 738
737 745 987 807 482 1195 742 736
147 175 887 498 629 1281 954 628
175 953 71 887 893 1281 489 147
576 893 1318 887 1258 489 71 23
960 957 553 958 512 959 1061 1060
956 1061 960 1060 553 512 959 958
1062 532 960 512 956 959 957 1061
958 532 960 1062 1304 956 512 957
958 512 827 959 956 1304 957 532
30 1174 882 1266 827 962 1004 343
31 1004 882 30 1266 961 1174 343
879 964 338 1120 1118 307 1119 838
879 307 963 308 880 339 1178 839
342 1121 1003 881 1208 841 882 1040
1277 1262 968 617 878 967 336 869
617 1262 869 878 1277 968 966 969
878 1277 966 869 967 970 969 524
526 970 967 33 525 869 878 968
33 968 527 967 529 969 869 140
972 529 60 33 528 970 106 140
529 220 60 973 106 140 971 746
220 746 60 972 106 140 971 10
220 975 1278 746 106 972 973 10
220 974 1278 746 106 972 973 10
709 907 890 1223 912 271 999 822
981 273 382 1124 913 908 891 381
892 982 914 1000 711 274 1125 909
944 1001 1284 276 1126 1002 1271 905
279 1026 1299 906 278 241 1321 770
668 908 913 1295 891 977 1124 1128
914 892 909 978 1214 915 669 1125
765 1264 719 367 718 1133 419 848
157 681 182 1185 835 985 1186 399
157 984 182 681 992 835 399 991
743 741 740 997 806 951 738 744
1195 19 745 735 482 952 807 742
952 1195 993 745 945 987 681 742
178 395 677 990 16 832 153 1183
833 154 678 989 396 17 179 1184
680 398 156 19 181 1185 985 834
183 836 681 984 985 400 1186 157
681 1195 988 945 745 742 952 987
712 1131 618 910 1138 1015 1230 1229
580 579 717 1162 581 582 1159 1317
714 1013 361 1014 1212 1016 1139 715
998 741 738 1019 951 740 986 481
1019 986 951 494 683 997 481 685
1228 912 709 1138 976 271 907 1223
914 909 1212 1139 1213 978 711 274
1002 944 276 979 1114 1219 1017 1126
905 1126 1219 979 1001 276 944 1114
1121 1040 881 1004 1174 965 1208 1087
1208 881 1121 31 30 1174 882 1003
883 1319 1041 1164 26 1171 1196 1188
1042 884 1172 1005 1216 1165 26 27
1173 1217 161 1043 885 28 1044 346
1111 842 936 500 621 638 226 639
937 502 324 291 843 1109 1112 1106
938 292 325 503 1107 844 1110 1113
206 504 643 939 845 231 625 946
43 42 354 121 8 9 168 384
361 1014 1139 996 1016 1212 715 714
1139 1213 996 1212 1013 715 1016 714
1223 712 709 1229 618 1228 994 1138
1014 1212 847 846 1139 1213 715 711
586 1219 1114 1001 717 1317 1159 1162
421 889 492 428 1257 479 1231 478
810 951 998 481 997 809 685 494
944 596 670 1115 905 1284 1271 597
562 349 1022 568 632 1053 1143 1160
648 1021 1161 350 569 1054 563 1144
650 351 633 565 1024 649 1034 1274
352 1023 933 634 1056 1274 566 650
635 567 934 1024 650 651 1163 353
770 1133 279 980 278 1321 1299 906
1103 555 859 515 860 1207 858 1168
1100 506 1063 518 517 1074 614 613
1030 1078 1064 1065 1075 780 1101 507
1065 1064 1075 1029 1078 508 781 1101
1166 551 904 1076 1220 927 1210 783
1062 957 1060 1061 552 511 958 956
785 514 554 1167 1102 534 1206 1221
633 1056 196 1023 1035 195 565 634
633 104 1057 1036 1034 195 305 1058
104 1058 916 1035 195 1034 455 305
132 454 103 573 430 1285 455 572
40 1311 383 1218 1310 119 1132 171
35 870 526 886 1215 525 1086 1175
39 1003 1121 881 1087 1208 965 1004
1164 1005 159 883 26 1196 1319 1042
1165 160 1006 884 1041 1043 1216 27
1044 139 161 1007 1042 28 1165 160
1182 161 1046 139 160 1045 1043 68
1047 139 1182 68 161 265 1046 1044
1044 1045 1047 139 161 215 265 68
215 265 281 117 1046 1045 139 68
300 257 238 1049 1155 258 75 239
1050 257 238 1048 301 300 1157 1051
1049 1142 1051 1157 1148 300 238 1052
1055 1050 1148 1049 1142 300 1316 1052
1145 1315 1274 352 1316 933 1051 1055
349 1022 1144 1160 1021 1161 1054 1143
1021 1160 1144 1143 1022 350 1053 1161
1158 1274 352 933 1315 650 1316 1052
305 566 634 633 1057 196 1034 1058
634 105 196 1056 195 1058 305 1035
1056 196 305 105 1057 634 1035 104
777 785 1300 554 776 778 779 1221
957 956 958 511 1062 1061 1032 552
1060 958 957 531 1032 1062 511 959
531 1061 1304 959 511 1032 1060 960
615 506 517 1074 518 519 1028 1100
1075 823 1029 1101 1078 1065 1117 507
1064 1030 1078 824 507 1079 508 1101
41 120 360 1067 79 255 1243 7
1243 255 79 298 1312 1068 236 1246
1312 1069 298 1070 1246 236 255 1067
1246 1071 1070 1068 1072 1067 236 298
1246 1071 1069 298 1072 1068 236 1067
1246 1069 1072 1068 1070 298 236 1287
1143 1160 1069 1053 1071 298 1287 1070
672 1140 1146 674 1152 675 673 671
614 1100 615 1063 506 1028 613 517
1030 900 1064 1101 1116 1078 1029 780
1210 904 1031 1085 1166 783 1220 551
841 1304 1062 1266 826 342 531 511
1064 1030 1101 508 1075 1029 1079 1065
508 1078 1118 507 1117 1065 824 823
603 919 918 604 667 245 246 757
1129 780 605 1116 248 900 1075 920
249 781 606 1129 921 557 901 1081
925 924 669 902 922 607 1222 250
1180 61 886 141 528 35 107 1086
1130 1220 601 551 252 783 904 1210
1215 527 886 1175 1039 35 870 141
145 1121 39 1040 1187 881 1208 1003
77 234 1089 259 358 1253 1252 296
1092 234 1091 77 1090 259 296 1093
85 234 1089 1093 1091 296 259 1092
85 234 1090 1092 1093 296 259 1089
1090 234 1089 85 86 296 1091 1093
88 1091 1092 85 86 1090 1089 87
1096 462 1097 1099 101 676 1098 1095
190 1094 1098 101 676 1096 123 1097
676 1099 1098 101 1095 123 1094 1097
462 676 1096 1099 1095 101 1094 1098
1099 1097 1096 101 1227 1094 1201 462
461 1227 101 1201 1098 462 1094 1097
1074 506 1028 518 517 519 615 1063
1064 507 1075 1030 1117 1065 1029 1078
513 554 1206 1167 534 1033 514 829
536 555 830 1207 1168 1027 515 535
720 131 130 1247 1291 636 574 1248
635 105 196 1057 1163 197 1058 567
324 1109 200 291 722 1009 53 290
938 1010 1286 201 292 325 1110 54
293 1191 1237 84 59 262 1190 211
843 1112 1009 937 291 200 324 1106
201 292 844 938 325 1107 1113 1010
639 1008 936 638 842 226 621 500
502 1009 937 641 623 1109 843 229
624 642 938 503 1010 844 1110 230
1017 1162 276 1002 1001 1159 1219 1126
252 598 599 670 600 1273 1020 251
900 1081 780 248 605 1075 920 1129
508 507 823 1101 1064 1118 1079 824
1079 838 507 307 1117 823 824 338
307 880 338 879 1120 1178 838 963
1178 963 338 307 879 838 880 1119
39 1208 1004 1003 881 965 1087 1040
696 756 666 822 694 912 890 907
244 890 1122 822 756 694 695 696
913 249 908 891 1295 668 981 1128
915 250 909 669 892 1214 914 982
905 979 1271 276 1002 1114 1001 944
62 747 877 108 875 876 11 221
248 249 1295 668 1124 891 981 908
781 1116 606 921 900 901 249 1082
904 601 1220 1085 1210 783 252 251
492 910 994 618 1231 1230 428 421
40 1038 1303 357 171 119 6 383
719 768 718 367 1026 848 983 767
138 1197 116 264 164 1135 214 67
1197 214 67 116 1047 1134 215 264
458 1203 1225 1189 1176 1202 1199 1224
1194 100 98 460 99 97 1192 1193
994 1228 999 1015 712 709 1229 1223
711 1000 1016 1212 715 847 1213 846
1152 297 1150 1151 1146 1073 235 671
1144 1156 1154 1147 237 1314 1161 299
1050 1051 239 1148 1157 301 1049 1145
1053 1160 1161 1021 1054 1287 1144 1072
1143 1160 1022 1147 1053 1141 1054 1161
353 1055 1142 934 1315 1158 1052 1148
671 1152 1140 673 1073 674 1151 672
1156 1314 1141 1143 1054 1161 299 1144
1158 1145 1157 1051 1142 301 1315 1050
364 491 1179 365 1308 483 417 704
260 1242 1152 1140 1146 1151 297 235
1140 260 1150 1146 235 297 1152 1242
1242 297 671 1140 1150 235 1146 1151
1307 1250 90 674 91 675 89 190
74 237 1156 1234 1067 256 1314 299
76 239 238 301 258 1157 1048 257
74 1141 1147 1314 237 1154 256 299
1155 1049 1142 258 300 301 1148 239
353 934 1055 1315 651 1148 1052 1145
1114 1162 717 585 995 1017 1317 1219
1143 1161 1144 349 1021 1054 1053 1022
1144 1053 1021 1022 1147 1143 1054 1160
717 1017 995 1114 584 1159 1219 1317
634 196 1105 1025 635 197 1056 567
1041 159 1196 1005 26 1165 1319 138
1043 1006 161 160 1042 1216 1182 27
928 551 1031 1076 1220 783 927 904
1033 534 513 1206 1102 554 785 514
779 1027 555 830 535 1103 515 1207
164 1320 263 112 115 66 163 167
748 65 110 1181 759 166 213 1187
1196 345 1172 883 26 1005 1188 344
1216 344 27 1171 1188 345 1006 884
346 535 1007 830 885 28 1217 1172
1208 1004 882 1266 30 1003 881 1121
524 1039 306 1215 1086 525 870 523
122 1136 1199 1203 1224 1225 1202 1189
786 788 1209 759 4 787 13 12
839 1119 880 308 1120 339 964 879
417 483 1308 704 364 491 1149 365
34 61 886 141 1084 35 107 528
1187 65 1170 748 213 110 166 145
139 1045 160 1042 161 67 1165 1044
178 832 395 153 16 677 989 1184
990 1183 396 678 154 17 179 833
680 398 156 19 984 991 181 834
992 836 400 984 183 835 681 157
213 65 39 145 1181 166 1170 110
1171 1196 884 883 26 1005 1172 344
1199 1176 122 1203 1202 1224 1225 1136
293 1191 1108 84 59 1237 83 262
293 1190 1108 84 59 211 1237 262
1194 187 1226 1137 1193 460 459 1200
460 187 1226 459 1194 1192 1200 1137
459 1200 1193 460 1192 1137 187 1226
745 742 736 482 735 987 952 737
1319 883 1005 1164 26 1041 1171 1188
264 1169 14 214 1135 1134 67 116
0 762 14 3 1211 5 761 1205
1225 1224 1203 458 1202 1204 1136 185
459 460 1193 1192 1226 186 1194 1136
99 1227 461 1099 98 1098 100 188
1189 1203 1204 458 1136 1225 1199 1224
1202 1204 1225 458 185 1136 1199 1224
1202 1203 1225 458 1199 185 1136 1224
0 1211 14 3 763 5 1198 762
514 1033 533 1167 534 513 829 1102
536 830 1168 1027 535 1103 515 555
1174 1004 1121 965 881 1003 841 1040
1177 759 787 788 4 786 13 12
1076 1130 601 783 1220 904 1085 551
0 1205 14 3 763 5 1198 762
1139 1016 711 1213 715 1000 714 1014
1000 1014 274 715 1212 1139 711 1016
982 669 1125 909 892 915 607 250
524 1175 306 1039 870 522 1086 523
1165 1006 1196 884 1042 1005 1172 27
346 865 161 1007 1043 28 885 1173
1311 383 1132 172 355 119 1038 171
1159 717 1317 1162 1001 1114 1002 1017
1085 904 1076 1130 601 551 1210 783
1300 777 778 779 785 1033 1059 554
607 922 903 1083 925 924 250 902
999 271 1229 1138 1015 712 1228 709
1225 1202 1199 1203 1176 122 1189 1136
1202 122 1189 1199 1224 1136 1176 1203
460 1136 186 1200 1194 1193 459 1192
1099 99 1201 100 188 98 1098 461
1229 271 709 1138 1223 712 999 1015
994 1230 1015 1138 618 712 1228 910
618 1131 1231 1229 994 428 910 421
1018 889 421 1230 1131 428 492 910
48 47 46 49 51 50 45 44
1240 48 1244 49 51 50 198 1241
74 1314 1154 237 1067 256 255 299
80 82 81 917 83 105 1236 456
80 82 59 81 83 1235 84 1237
1108 82 1190 59 83 1191 84 1236
188 57 462 697 189 1099 137 698
32 111 112 263 66 1320 31 167
1244 1305 1241 935 51 50 198 1233
385 1244 289 1233 51 1240 198 322
296 259 1152 1151 77 235 1150 234
360 1067 1246 1312 79 255 236 1068
385 1233 1240 49 51 50 198 1241
662 796 1276 797 1280 661 277 795
1069 1067 1068 1312 1243 298 236 1070
426 636 720 1291 1104 1248 209 1292
1247 426 637 1104 1291 1292 209 636
266 1270 216 868 69 329 1269 328
675 348 1153 674 487 488 486 190
1289 122 1088 1253 1176 1301 1252 1309
77 1253 1089 234 259 358 1088 296
1252 234 77 296 259 358 1088 1089
1282 1255 450 1267 452 1268 451 1283
452 1254 449 450 280 451 1268 448
394 465 224 464 1305 935 1306 463
478 477 479 474 476 475 1018 889
71 1281 887 893 489 1265 652 1318
425 645 627 208 496 1293 424 233
539 560 559 558 509 340 537 538
610 611 666 244 756 602 608 609
966 967 968 616 1277 617 336 878
21 146 702 70 682 174 701 703
367 484 983 848 419 366 653 418
1263 703 701 702 174 146 1258 1281
882 1174 343 961 342 1077 841 962
850 1268 1254 854 852 853 851 849
1255 1267 851 1254 850 852 853 849
867 162 266 868 69 1270 1249 328
868 162 266 1249 69 1269 867 328
594 905 596 944 1284 979 593 595
275 592 595 593 1297 596 594 591
599 600 601 1115 252 598 670 251
352 1316 933 351 649 650 1023 1055
444 369 911 942 943 1282 1283 420
795 663 796 798 797 1280 662 1245
968 1262 617 869 966 878 336 967
220 746 975 974 106 973 972 10
643 173 232 949 644 158 837 231
797 1276 663 1245 795 662 798 796
1258 1265 887 954 147 489 953 175
1254 911 447 1283 943 446 942 1275
943 1282 446 449 448 911 447 1275
944 1020 1271 594 596 905 595 593
572 573 132 647 103 454 430 1037
1107 203 202 135 55 54 292 201
1071 1160 1143 672 1072 1070 1069 1053
165 38 109 212 932 144 64 316
122 457 184 1251 1202 1203 1176 1204
88 94 90 87 93 92 89 91
131 130 699 720 1247 1248 1104 698
637 1248 497 628 636 209 426 1247
1259 627 233 208 496 645 425 424
148 434 433 432 176 431 223 631
248 668 605 1128 789 1124 791 981
595 597 1298 599 1272 596 598 600
593 590 1272 591 589 592 594 275
1296 596 597 600 598 599 251 1272
772 773 240 771 980 1321 906 279
897 896 1059 785 895 898 1221 899
1289 1309 358 296 1253 1251 1252 1088
40 1311 357 1132 1303 119 1310 171
40 357 1311 1302 1132 119 1310 171
826 512 1062 827 959 960 531 532
935 464 1240 463 1256 1306 1241 465
935 1305 224 1256 1240 463 464 465
88 1073 89 86 671 1153 90 87
704 483 1149 364 365 418 417 1179
1252 1253 1289 1088 1251 77 358 1301
1303 383 1038 171 1311 119 1218 1302
1303 383 1038 171 1310 119 1218 1302
360 1067 1243 1246 79 255 236 1068
698 462 102 697 130 129 128 189
1154 1156 1141 1147 1234 256 237 299
353 933 1052 352 1055 1145 1158 934
1051 351 933 352 1274 1315 1052 1055
583 584 585 717 582 1159 1162 586
71 576 484 893 652 1258 955 23
159 1164 883 1041 26 138 1196 1005
263 115 167 111 1169 66 112 113
980 241 242 1299 279 243 906 664
856 556 854 852 853 858 857 855