1852 259 593 750 592 751 913 387
349 1593 1061 1239 1734 745 380 255
1042 282 381 746 1043 864 439 281
283 350 382 256 436 439 437 438
386 749 258 1062 1067 748 880 659
138 137 134 135 136 128 129 64
881 584 985 1023 677 1001 686 284
678 986 687 285 585 1002 882 1037
883 688 379 679 286 1003 586 1038
68 10 691 997 1395 680 676 133
753 1413 12 13 11 14 1130 583
1130 1552 12 13 10 14 15 1413
1413 1130 11 13 10 14 15 1552
1130 1552 11 12 10 14 15 16
1552 1070 11 12 1130 13 15 16
17 1552 1103 12 1070 13 14 16
17 18 1070 1674 1103 13 14 15
16 18 20 1070 19 1103 1674 15
16 17 20 1674 19 1070 1103 15
1674 17 20 21 18 1363 1070 1106
1674 17 19 21 18 1363 1106 1070
1363 1330 19 20 18 1106 1262 692
699 566 1106 1262 1195 1351 101 102
886 1196 103 315 177 1198 314 870
316 25 104 709 317 105 1140 1420
1140 24 1391 104 316 105 1158 363
552 358 27 28 29 170 359 952
358 791 26 28 29 359 952 552
952 63 26 27 29 791 834 835
791 63 26 27 28 834 128 835
35 253 1291 924 1465 306 1146 1276
778 1870 250 1039 1295 1441 348 32
31 251 348 41 1039 38 250 347
1449 252 39 643 642 907 910 710
716 47 1118 40 1521 1772 898 1771
1075 30 1532 1450 1268 1291 1276 1297
1265 715 1269 1434 1064 1323 717 900
1295 1533 1870 1273 1270 1476 1441 1289
31 32 41 39 44 48 45 910
910 945 41 827 710 46 907 1449
946 828 716 992 47 898 34 1772
1459 32 910 38 44 48 45 1681
1637 1875 1874 908 1275 714 1881 1876
1882 715 909 1065 1636 1269 1064 1032
1336 1644 1681 38 41 48 45 1459
1336 1681 41 38 1459 48 44 1644
945 48 39 829 827 45 1449 910
898 40 828 992 1772 716 34 946
1883 829 41 1644 1681 1336 44 45
1032 1065 1647 1636 909 918 1684 1882
842 1061 745 380 354 120 1006 911
381 912 746 1042 1007 355 1043 121
123 435 356 433 382 432 124 434
1082 1347 748 747 1151 1751 749 54
1062 1082 748 1347 1151 1751 749 53
1852 913 56 1851 865 750 593 844
845 914 55 866 592 593 1856 751
361 954 674 580 127 959 988 662
960 1376 1155 663 863 456 362 955
62 582 664 1628 669 581 61 60
61 582 1628 664 669 581 62 59
60 581 582 669 1628 664 62 59
60 581 582 1628 583 669 61 59
64 29 134 135 28 665 129 128
63 665 134 135 791 834 129 835
666 584 1623 1022 130 1021 686 677
585 1002 65 131 1623 67 687 678
1041 679 1040 1027 586 688 132 667
133 9 691 997 676 680 1395 669
826 786 685 70 71 515 1089 1333
1089 80 1333 69 71 786 81 79
1089 80 81 69 70 1333 82 79
414 168 608 169 167 309 609 213
211 210 206 204 208 207 205 209
517 578 577 214 345 270 516 310
1125 756 783 784 1737 755 1319 1380
1424 1199 307 1695 756 1159 308 1125
795 757 794 785 215 271 76 1056
216 339 272 340 338 341 342 337
71 80 81 1333 70 1089 82 1126
71 79 81 1333 70 1089 82 83
71 79 80 1333 70 1089 82 83
71 79 80 1089 85 84 81 83
86 79 80 84 85 873 81 82
86 83 873 81 85 87 88 82
84 83 88 873 86 579 87 82
84 83 88 1087 87 89 85 873
86 1775 88 84 873 1087 85 89
89 802 1775 1778 90 87 1087 86
90 87 1775 802 1063 88 1405 1087
91 1486 89 935 1088 1775 1063 1087
1406 1088 90 93 92 874 1486 94
1088 1486 938 94 91 876 875 93
875 938 876 94 91 877 1088 92
877 938 876 93 92 878 901 91
375 981 376 114 905 969 115 982
1025 1443 376 982 641 967 115 1026
772 775 415 776 774 773 116 377
248 249 1119 245 117 246 247 244
304 1135 302 303 118 301 305 1542
1000 416 112 378 778 1537 1473 903
1485 1330 1106 1262 1351 21 22 1363
700 101 1262 1351 701 699 22 566
832 932 656 1727 886 1649 315 23
318 24 1140 316 105 363 317 319
363 1158 318 317 364 25 104 365
1352 821 1332 1423 820 647 658 822
147 1341 1101 1340 1357 149 1358 150
1107 1173 1108 183 184 182 181 185
1694 651 817 933 704 1693 1609 1610
818 1463 1706 705 819 728 991 887
1714 653 696 692 695 1575 693 694
100 739 378 999 1000 1427 893 1537
417 374 968 904 740 987 980 996
982 981 115 969 905 741 95 375
96 982 1443 1025 114 969 376 741
773 772 743 775 415 774 377 97
244 242 246 98 247 245 248 243
301 302 300 1615 99 299 303 304
639 637 636 638 1095 635 640 1234
429 1006 911 842 380 50 354 745
1007 1686 912 355 1185 432 51 122
124 123 356 430 432 433 1185 431
124 122 356 432 430 431 1185 433
1184 123 356 431 432 122 52 843
844 865 55 126 1855 1850 1851 1853
1854 845 1855 125 866 1853 1856 1849
690 57 689 674 988 675 989 580
63 29 134 135 28 5 129 64
834 665 134 135 791 5 835 64
666 1022 1001 65 584 1623 686 677
585 130 66 687 132 1002 678 1623
688 586 1003 67 679 667 1041 1027
676 1395 680 668 997 68 1020 1019
63 136 129 135 665 5 128 64
138 136 129 134 137 5 128 64
138 1100 135 134 137 5 140 139
138 135 140 1100 136 5 1339 139
137 140 1343 1100 136 5 1339 139
137 142 140 141 1339 1100 1343 138
1339 139 141 142 1343 1100 138 137
1339 1343 139 142 140 144 143 1100
1343 139 144 1100 140 143 141 1339
141 1343 145 1339 140 142 1100 144
141 1101 145 1100 146 142 1340 143
1344 144 1101 1340 146 142 147 143
147 1340 1341 1344 145 1101 144 143
145 146 1101 107 1340 1344 1341 148
1230 145 150 1344 147 149 1101 146
152 148 107 153 151 147 150 1341
152 1341 151 153 155 154 149 107
150 107 155 152 149 154 153 156
151 107 153 155 156 154 149 150
151 157 149 152 156 154 150 155
155 157 152 156 149 153 151 150
156 157 153 154 158 152 151 150
154 158 155 153 159 602 152 157
158 602 559 154 159 155 153 156
157 156 155 559 603 159 602 160
160 158 157 559 477 602 603 156
603 163 157 159 158 162 161 477
163 560 160 604 165 162 605 164
164 605 163 604 165 560 160 161
165 166 164 560 606 162 605 161
167 165 163 606 166 162 560 161
607 163 164 166 168 162 167 573
607 169 164 167 163 608 165 168
169 168 164 573 608 607 165 166
164 165 607 72 167 169 166 608
168 166 414 167 72 165 608 607
601 358 568 951 567 171 544 1228
1501 359 568 567 545 952 170 951
1053 171 568 546 1812 569 951 359
360 961 570 962 550 1808 1054 551
1692 587 867 1608 284 311 985 390
868 391 1705 1163 986 312 285 588
589 1163 286 392 313 1673 869 379
1664 315 870 1648 1726 885 591 288
1609 563 311 1693 817 480 850 1422
818 851 1422 312 887 481 564 1463
1463 852 819 888 565 728 313 482
1693 182 1108 108 1694 1172 1107 1173
181 108 1694 1108 183 1173 1693 1107
187 108 186 185 1108 184 188 182
188 187 108 186 1108 183 185 182
187 186 108 189 188 183 393 184
183 185 189 188 393 184 187 190
184 183 189 394 185 188 186 190
190 189 191 187 185 186 395 184
188 396 191 190 192 186 187 185
191 192 189 186 193 187 397 188
190 194 195 192 398 189 188 193
190 195 398 191 399 189 193 194
190 400 192 191 196 194 195 399
196 401 191 195 190 192 193 400
191 196 401 193 192 402 194 197
198 193 403 402 195 194 197 199
195 201 199 404 405 196 200 198
197 196 200 406 405 199 201 404
197 198 406 200 201 202 196 405
203 201 406 197 407 202 199 198
409 204 202 200 203 198 408 199
204 205 201 200 408 409 203 199
206 202 410 207 200 204 205 201
73 203 207 202 206 411 201 205
73 412 202 204 207 203 208 206
204 209 73 413 207 205 208 203
204 210 73 203 209 205 208 206
207 210 206 205 211 73 212 209
207 208 206 205 210 73 211 212
273 206 208 211 73 209 207 212
274 344 273 73 209 210 208 212
210 209 211 274 208 273 275 344
610 414 72 609 836 782 343 309
519 74 518 345 520 310 270 521
271 77 794 795 308 307 796 346
346 78 940 217 342 218 340 341
220 342 219 1052 816 341 218 216
219 216 1052 217 221 222 220 342
221 223 1141 220 1109 218 222 217
221 222 1141 223 217 1109 219 218
219 223 224 220 1141 222 218 1109
220 224 1109 225 1141 221 223 219
225 221 222 1865 1109 224 220 1141
1141 1142 225 223 1110 222 995 1109
223 1141 1111 1109 224 1110 226 1142
1143 227 228 1111 225 1142 1110 229
226 230 229 1110 228 1143 1142 1111
1111 231 229 1143 227 226 230 1110
1111 231 228 1143 230 226 232 227
1115 231 229 233 1111 228 227 232
1115 232 228 1144 227 230 233 229
230 1144 229 1115 231 1112 233 228
231 232 237 1144 1115 236 230 1112
1112 1115 917 761 238 236 239 237
902 762 290 901 292 291 289 938
1115 233 234 239 238 1112 237 917
917 239 234 236 1115 1113 1112 238
237 1112 236 240 1114 1115 239 1113
241 1114 1112 238 237 240 1113 236
243 1113 241 1114 238 242 239 237
1114 243 240 244 245 242 1113 239
243 245 241 117 1113 244 240 1114
241 246 117 245 1114 242 244 240
241 117 98 245 246 242 247 243
241 246 242 247 243 117 244 98
242 245 117 243 248 244 247 98
1119 248 244 117 246 98 245 249
249 1119 1668 245 98 246 247 117
1119 1668 248 1564 247 98 1145 1670
778 416 903 1039 1473 348 100 31
904 1039 417 905 987 95 907 347
643 905 33 642 1443 96 641 376
1638 1563 1544 1789 924 1465 30 306
1658 1543 1640 983 1544 923 1657 1545
349 1 1239 1015 1047 1593 1061 1734
282 350 438 3 283 437 440 439
880 258 1241 1595 1060 1510 1732 386
1060 1580 1595 1736 4 1749 880 659
0 1852 262 593 261 388 260 387
388 264 265 263 261 259 387 262
388 264 262 263 260 266 259 265
388 264 263 261 259 266 260 265
267 264 261 594 260 266 262 265
267 263 260 268 261 266 265 262
267 269 263 268 262 264 266 261
267 264 263 269 1124 268 265 262
266 268 265 263 389 269 1124 264
266 265 267 597 389 264 1124 269
265 266 264 956 1124 267 597 268
517 74 1319 513 578 214 516 310
757 77 785 514 795 215 1056 794
339 340 78 342 341 337 841 338
274 275 276 211 277 210 212 209
212 273 278 277 210 211 275 276
212 277 278 274 273 276 1625 1430
1430 275 277 278 1625 274 212 273
275 276 1625 274 1493 278 273 1430
275 276 1625 274 1493 277 1430 1819
280 612 610 615 616 611 614 613
279 891 831 782 895 929 836 899
439 282 2 381 256 864 1043 1042
439 438 2 1043 256 281 350 864
256 440 439 3 350 351 441 438
1023 985 390 1001 174 881 6 587
588 175 986 882 1037 391 1163 7
8 379 883 1038 176 392 1163 589
1036 1169 1004 1648 1308 1553 884 754
1033 885 591 1005 1726 1664 1648 1663
902 901 293 762 292 290 291 235
762 902 289 293 235 292 291 901
293 292 1627 235 901 289 1132 290
290 289 291 293 1627 295 1132 294
1627 1864 1132 295 291 294 292 939
1627 297 1864 296 293 295 298 1132
298 1132 1627 1864 297 294 293 296
294 298 297 1627 299 1132 1864 295
294 295 299 298 300 1864 1132 296
1864 300 299 296 301 297 294 295
296 297 301 295 300 302 298 118
296 298 297 1615 118 301 299 302
298 302 300 1615 118 99 303 299
301 300 1615 118 99 304 299 303
304 302 305 99 118 1135 1804 1542
1791 1521 1135 1804 1542 305 303 99
1521 304 1118 303 1791 1804 1135 1542
1465 924 777 1544 1658 1656 30 253
76 308 215 1199 1424 1695 1125 1159
1424 1199 1159 307 215 76 1125 1695
343 782 609 836 72 414 213 610
520 74 345 518 519 270 214 517
1608 178 174 587 867 480 563 1692
481 175 868 1705 179 588 313 564
312 565 482 869 176 180 589 1673
1195 315 566 870 1104 1648 699 23
177 870 591 1726 103 1196 314 23
104 24 1198 317 1140 25 1420 709
320 24 318 105 104 363 364 319
364 1138 317 104 320 321 365 319
365 1138 320 104 317 321 322 318
1138 323 319 366 317 322 321 318
325 323 320 1138 319 322 324 318
324 323 320 319 1138 321 325 368
324 322 321 1138 320 326 325 369
323 322 321 371 370 326 325 1138
371 322 321 370 324 323 326 327
325 372 371 328 324 323 327 329
324 329 328 326 372 330 331 325
331 326 333 332 330 730 327 329
328 730 330 333 327 326 332 331
327 331 332 334 329 328 333 730
333 328 327 335 332 334 330 329
336 329 335 330 333 334 328 331
331 334 336 337 335 330 329 332
332 331 338 336 337 330 335 333
337 332 331 334 336 333 338 339
331 335 338 333 334 332 339 337
332 272 339 334 333 335 338 336
336 272 78 334 335 337 333 339
338 272 78 337 336 335 334 340
217 216 78 342 840 272 341 339
340 272 78 816 216 342 217 346
341 340 78 218 346 272 216 217
309 782 414 610 929 836 213 611
211 483 212 486 485 210 484 487
520 521 848 518 519 214 310 74
795 794 894 940 796 341 216 342
987 1039 348 904 32 907 417 251
250 31 100 416 32 903 778 1039
255 1 1593 1734 1047 1239 1061 1015
282 1800 439 441 283 438 256 440
440 1058 441 1721 283 1057 1045 352
1046 1045 1008 1058 1048 351 353 1128
1008 352 1059 1128 1046 1732 1121 1048
911 1006 745 1061 842 50 120 380
1007 746 912 381 1042 1686 51 121
123 435 433 434 124 432 52 382
431 52 356 843 124 1293 123 1184
952 171 27 26 28 170 359 567
552 171 952 27 791 172 568 1617
570 550 962 961 1054 173 551 664
571 455 959 57 954 1035 662 977
456 663 958 1155 955 1770 650 960
317 364 104 105 365 25 366 318
366 365 319 1157 367 363 105 318
319 366 367 363 368 364 105 1157
364 369 363 365 320 367 1157 368
369 1157 364 365 366 371 370 368
369 372 371 366 365 1157 367 370
368 370 1157 367 366 371 323 372
367 368 324 369 372 371 1157 325
367 368 324 325 372 370 323 369
371 367 324 368 325 369 326 370
410 411 207 413 208 205 412 206
904 996 740 987 417 980 968 113
905 982 115 981 114 95 969 376
96 115 1443 905 1025 982 375 641
775 743 772 774 415 116 773 97
100 999 112 1537 1000 903 416 1473
8 1038 883 286 176 1163 589 392
1061 1 1239 50 911 745 842 354
1043 355 2 864 1042 746 51 912
435 52 356 3 436 438 434 437
747 386 748 384 4 385 1150 749
880 386 749 383 4 385 659 747
880 383 749 386 4 384 659 747
880 384 257 385 4 383 659 747
0 593 750 388 259 260 1852 913
0 262 387 1852 260 259 593 261
1123 595 597 596 1225 1857 428 594
284 867 587 174 985 1692 1608 881
986 175 588 285 1163 1705 882 1037
883 379 1673 176 869 589 286 1163
188 186 185 394 187 395 397 396
188 393 395 185 397 396 187 186
397 187 393 189 188 394 398 396
189 399 397 188 398 393 395 394
399 395 394 190 396 400 398 393
395 399 396 400 401 191 397 402
397 402 398 400 396 401 192 193
399 402 401 398 193 403 194 397
397 400 398 403 402 399 193 194
401 194 400 399 195 404 403 398
400 405 196 404 401 402 195 406
403 406 198 408 197 402 407 405
406 407 408 197 404 199 403 198
404 198 409 408 403 407 199 405
409 410 199 404 405 408 200 406
202 407 405 410 409 406 201 411
407 408 412 410 201 411 406 202
413 203 407 411 409 373 412 408
408 373 409 412 205 413 204 410
409 373 206 204 411 410 205 413
207 373 411 204 410 412 205 206
213 167 609 169 72 168 309 343
776 775 116 774 377 773 97 772
112 1473 100 1537 378 250 778 903
980 251 113 987 347 904 374 1039
634 1232 631 632 636 1233 635 633
736 737 1300 1303 725 735 1299 1350
1470 930 931 1478 1611 1479 925 1586
972 974 1859 1017 727 926 1016 1847
1051 742 1011 973 927 423 1177 975
771 769 770 1313 767 973 1012 768
1591 1014 928 976 1013 978 1012 1840
1515 294 1864 1132 1386 295 1516 939
451 547 1326 861 450 1808 862 1189
598 1035 1660 1050 1763 1055 548 1049
549 956 1123 1766 1225 1767 1504 597
380 1006 842 911 745 50 354 120
124 122 432 1185 123 433 1184 431
430 124 432 356 123 122 1184 1185
123 122 434 356 1185 435 52 433
52 122 434 356 1185 435 123 432
435 436 433 382 432 356 437 52
434 433 356 382 436 432 437 52
52 382 435 3 438 437 434 439
439 382 436 3 282 438 435 434
256 382 436 3 282 435 439 437
256 283 436 3 282 438 437 350
256 283 1800 441 442 443 1186 350
1186 444 443 440 1800 1795 442 350
444 1800 440 443 1795 1186 441 445
1795 442 441 444 446 1800 445 1186
445 446 1795 1186 443 1642 442 447
444 1795 446 1187 1642 1186 443 447
444 448 445 1187 1186 1760 1642 447
1187 448 445 449 444 1642 446 1760
449 1187 1760 447 446 1326 1191 445
1326 426 1760 1191 448 1187 447 446
862 451 452 1190 426 861 1180 1189
453 1180 1219 1190 1189 426 450 452
451 1219 454 450 1190 453 1529 1189
451 570 454 1529 452 1189 1190 1219
1219 1189 453 570 1190 1529 1764 452
361 1035 662 1764 959 977 571 954
955 362 572 958 663 650 1770 960
651 941 779 704 109 648 933 697
705 649 934 780 942 652 457 698
460 1714 1575 462 991 463 461 1604
462 1575 463 464 1604 459 461 991
462 1575 464 463 465 459 460 1604
463 459 461 1604 465 464 460 466
459 462 465 467 466 464 461 460
465 461 463 467 466 462 460 468
466 469 464 476 467 468 462 463
468 463 465 469 464 467 462 476
466 469 1489 465 468 476 463 464
815 469 1251 1489 466 464 467 465
467 576 468 1489 466 1251 815 465
468 469 722 1319 683 783 1380 513
1605 1252 1328 1388 1446 671 1392 1381
730 1056 1666 684 1650 1728 473 514
730 333 330 331 472 332 1666 334
826 731 670 825 720 515 824 685
824 474 670 557 731 823 720 721
815 1489 555 479 558 719 466 673
605 603 560 604 602 159 559 160
479 558 718 1024 196 833 561 661
562 476 1489 555 558 673 815 719
311 174 850 1608 867 1692 563 178
179 868 564 1705 312 175 482 851
565 313 869 481 176 852 1673 180
484 212 486 488 211 485 487 344
212 486 489 344 483 485 487 488
344 490 483 484 489 487 486 488
490 484 491 487 485 488 483 489
486 488 491 484 485 492 490 489
492 485 491 490 486 489 493 487
486 488 491 490 493 487 485 492
486 491 487 489 488 494 492 493
487 492 494 495 488 490 489 493
489 493 488 491 494 490 495 496
495 492 491 494 490 497 489 496
491 492 498 493 495 497 490 496
491 492 497 493 494 499 498 496
497 492 499 498 494 493 500 495
501 494 496 498 493 500 499 495
501 497 500 499 494 502 496 495
501 496 503 502 498 497 500 495
501 503 498 496 499 497 502 504
502 499 497 500 503 498 504 496
501 498 500 497 503 499 505 504
504 499 502 498 500 501 506 505
503 501 500 502 499 506 507 505
506 508 501 502 509 507 503 504
510 508 505 504 502 507 503 509
505 539 504 506 509 508 503 510
505 507 504 506 726 539 510 509
726 505 1201 508 507 510 506 539
726 507 1201 539 509 506 1611 508
629 627 632 418 630 628 631 1232
733 734 1519 735 732 725 1299 1719
722 783 755 1380 470 1319 516 683
1728 271 1056 684 757 785 1666 472
731 685 786 69 70 826 825 474
576 1251 578 577 74 517 270 469
1251 576 270 513 74 578 516 577
520 523 214 345 519 521 522 310
518 524 214 520 521 522 345 523
524 525 522 519 523 345 518 521
519 522 518 523 525 524 520 526
524 525 518 523 526 520 519 521
522 524 527 521 526 519 525 520
522 526 527 523 528 520 525 521
527 526 523 524 521 529 528 522
528 525 530 527 529 524 522 523
526 529 528 530 524 523 531 525
527 531 1601 526 525 529 532 530
527 532 526 1601 530 533 531 528
527 1601 529 532 528 534 533 531
533 528 1601 535 532 534 529 530
528 535 534 530 529 533 536 531
532 535 534 529 536 528 530 531
535 530 529 532 537 533 531 536
534 533 532 531 530 1204 536 537
538 534 1834 535 537 532 533 1204
534 1460 536 1204 538 535 533 1834
1535 1204 1587 1460 537 1287 1834 1597
1611 930 919 508 509 507 726 510
1311 1208 1368 1310 1284 1283 1209 1367
1231 542 628 625 623 624 627 626
1010 1018 1407 906 1030 1029 984 949
812 810 807 811 808 814 809 813
600 170 545 599 1226 567 601 1228
601 600 544 1228 951 171 568 1501
1501 172 1053 545 568 569 951 1812
426 1808 451 1054 1326 1189 570 1219
1035 977 1764 571 427 1763 1180 1660
1123 1504 428 1767 1766 957 572 956
962 1632 551 961 1019 554 793 1321
961 793 1321 962 1632 554 550 1019
359 952 834 27 1617 665 791 835
1040 1027 1041 554 792 1009 953 667
1019 668 550 793 1632 551 1020 1321
479 698 476 558 719 780 649 673
703 713 1034 711 702 712 644 1244
670 647 823 720 721 707 824 475
833 555 718 719 479 697 673 698
160 603 477 159 602 156 157 158
162 605 607 608 606 573 163 604
198 199 681 661 1024 200 478 574
1489 479 682 577 815 575 1251 576
1609 1422 1693 850 480 311 867 178
179 868 1463 312 481 1422 851 887
180 869 888 1673 1463 313 482 852
102 1195 314 1351 700 1104 22 699
599 601 568 600 544 170 1228 951
1501 170 545 951 1228 171 567 601
1501 1053 546 1812 951 172 568 171
1808 1054 453 547 1190 1189 452 1219
361 1660 548 455 1764 1035 1763 977
1504 958 650 1767 957 549 1770 456
164 165 607 606 560 608 605 604
661 202 199 200 1024 681 561 201
576 815 682 562 1489 578 1251 577
562 815 682 575 1251 516 578 577
578 682 1251 575 576 562 517 516
516 576 575 562 682 577 1251 517
86 85 816 873 84 83 1052 840
675 954 689 988 674 57 127 662
61 1628 582 583 753 669 62 60
753 583 1628 581 10 1413 62 61
753 62 1413 582 10 11 581 1628
1023 65 881 130 1001 677 6 686
882 1002 66 687 131 1037 678 7
8 1003 1038 67 132 883 679 688
390 1608 1692 311 284 174 985 867
1705 1163 175 882 868 391 285 986
392 1163 1673 286 176 869 883 379
1169 1552 1390 1103 1104 1130 1195 1553
1726 177 288 1648 1664 885 1663 870
0 751 56 593 1856 750 914 1852
0 592 1852 750 913 751 55 914
596 389 597 264 1225 263 1857 595
1857 597 596 1225 1123 594 265 389
1857 428 389 597 1123 1225 595 594
595 1225 428 1766 1123 596 389 956
548 1660 1055 427 859 1059 1049 1050
1226 1228 544 600 545 567 601 1501
1226 1228 544 567 545 599 601 1501
599 1226 567 1228 544 170 600 951
477 155 159 603 156 158 157 559
159 604 160 158 559 602 477 157
560 162 477 161 606 605 163 573
162 161 560 163 604 573 606 477
604 608 607 605 560 164 163 573
605 608 167 606 166 573 560 165
607 606 168 573 167 165 560 166
610 72 343 213 168 309 169 414
612 279 611 613 836 343 213 782
929 612 613 836 279 782 610 614
611 615 280 279 610 614 613 929
617 895 611 612 614 615 279 616
611 613 279 612 617 618 616 615
616 612 279 614 617 619 618 613
618 620 617 613 279 615 619 614
619 621 615 620 613 614 618 616
619 614 621 616 620 617 615 622
618 617 620 623 616 615 622 621
619 617 621 622 618 623 616 624
618 619 624 622 617 623 620 625
620 618 619 621 623 625 624 617
621 1231 622 620 625 619 624 541
1231 625 622 541 626 621 620 623
621 623 541 620 1231 622 626 624
1231 628 623 625 627 624 629 541
630 541 624 1231 628 625 626 629
625 541 511 626 627 1231 629 630
541 511 627 631 630 626 1231 628
628 631 626 511 627 1232 629 632
629 511 632 630 633 1232 418 1233
1232 630 511 633 634 1233 418 631
637 636 634 1233 418 635 1232 632
633 637 638 1233 418 635 636 1232
634 637 633 1233 418 639 636 638
639 637 634 119 1233 633 635 638
1095 634 119 638 1233 635 636 639
637 640 119 635 639 636 1095 1234
637 635 119 638 636 640 1095 1234
777 1095 119 639 638 637 636 1234
96 115 982 376 967 1443 252 1026
1443 33 710 907 643 96 641 252
642 33 641 1443 252 907 776 710
703 702 701 711 655 1316 1485 1260
706 781 964 1649 1665 656 1727 932
657 1780 1317 1263 1512 1267 1416 1738
707 557 820 823 821 657 658 822
704 941 457 779 933 833 697 651
942 698 934 705 555 652 458 780
957 1767 456 958 1504 572 362 1770
1694 779 109 941 933 704 457 1610
649 458 110 705 942 780 1706 934
1575 111 1258 1675 695 1714 696 694
708 1491 1316 1675 1485 1337 1330 101
1485 702 644 1316 1260 701 700 703
832 1649 781 932 645 1665 706 1727
658 821 1780 822 1415 646 647 1317
821 820 822 657 106 823 647 707
1067 749 1062 258 4 1060 880 386
1328 1446 1388 1605 1252 1244 1650 713
561 478 681 718 574 1024 198 197
361 954 127 580 959 57 988 455
1376 960 362 456 58 1155 955 863
669 360 62 61 581 454 60 59
791 1617 129 834 29 835 552 64
1022 1398 1623 65 130 686 1021 677
688 132 1027 67 1040 1041 792 679
1632 554 997 1321 793 1020 1019 133
59 581 68 62 582 664 61 60
557 475 474 824 721 825 720 731
672 963 1605 1380 713 1328 471 1388
671 644 703 1316 702 712 963 556
1489 479 558 719 476 555 698 649
1031 580 754 988 127 1308 689 1004
1663 1033 127 690 752 1005 580 989
133 9 691 669 680 1395 997 68
584 65 130 1623 686 1001 6 666
585 1037 66 1002 131 1623 687 7
8 1003 1027 67 132 586 688 667
676 9 133 668 1395 691 68 997
201 661 574 202 199 200 1024 561
815 575 562 578 577 1251 576 1489
513 755 722 470 516 1380 783 1319
472 1056 1650 785 1728 757 514 1666
826 825 515 69 731 786 824 474
584 130 65 1623 1001 677 6 666
585 1623 66 688 131 678 1002 7
8 586 679 67 132 1027 1003 667
1004 580 1031 754 127 1308 674 1036
989 1033 127 752 1005 1663 675 885
68 9 12 11 10 680 676 133
694 695 20 1363 1330 21 693 111
696 692 1363 1330 695 21 111 694
111 692 1330 696 693 1363 653 695
111 1258 694 693 692 1675 653 696
111 693 694 1675 653 695 1714 1258
718 933 558 648 833 941 457 779
555 780 649 942 558 719 458 673
102 101 1195 700 566 1262 22 1351
102 101 699 1485 701 655 22 1260
102 703 655 700 1485 644 702 1260
703 701 655 1316 711 644 712 1260
702 963 711 1260 712 644 655 1316
457 109 1694 817 1610 933 651 941
458 818 110 780 942 1706 934 652
645 1649 656 1034 1665 1727 781 964
823 647 822 721 557 658 646 821
1316 1491 1675 654 672 963 1258 1337
316 24 104 1140 1420 1664 1196 1198
910 252 33 643 1449 907 642 39
713 1260 703 1034 556 702 712 644
1260 711 702 1034 556 703 713 644
660 672 556 1650 712 1034 1244 711
1881 1874 42 1875 1275 908 1876 1637
717 1269 1032 1065 36 43 1064 909
992 40 1772 898 946 828 34 47
715 1276 1269 43 1065 1064 36 909
478 195 833 661 193 558 194 697
649 558 479 673 555 1489 698 476
670 475 824 731 721 474 825 557
823 824 475 557 670 720 707 647
1380 683 513 755 470 1319 783 516
1846 1834 1879 1858 724 1620 1285 854
1858 1834 1620 1879 1846 727 723 1285
736 733 419 735 1299 734 732 512
1478 930 1611 539 510 1470 919 1586
1834 1858 926 1285 974 1620 421 1859
852 110 1463 888 1706 991 819 180
43 1269 1323 37 36 1064 900 715
332 329 472 331 473 330 328 1666
474 515 720 824 685 825 826 670
734 1519 512 1719 733 1407 1030 1439
512 1439 1719 734 1407 725 732 1519
733 725 735 1519 732 512 1439 1719
1300 512 419 736 725 733 734 1299
737 1350 1300 735 1303 725 1299 419
419 1300 1299 1428 1350 1571 736 1303
846 1479 892 1478 1612 931 420 1611
847 112 1427 1000 893 999 998 1708
1016 996 980 969 1017 968 374 113
982 1017 115 981 114 972 969 1025
973 773 422 967 1026 771 772 1051
771 116 1840 773 1014 1591 1013 772
1615 1516 1386 298 1387 1616 1614 299
1239 1 1061 50 842 911 380 354
355 381 2 1042 864 1043 51 912
384 383 1751 748 1347 1151 749 53
1062 747 749 1082 1751 1151 54 53
1062 747 748 1082 4 1151 54 53
0 1852 55 865 593 751 913 1851
0 866 914 1856 593 592 56 750
1308 885 1033 989 1005 690 1663 675
581 583 1628 1413 10 11 1130 582
689 1031 884 1036 1308 287 674 1004
683 783 784 1319 1380 756 513 75
1202 1159 1867 1381 1424 784 1695 1199
1728 785 77 271 1666 684 1056 514
854 1846 1879 1862 853 1370 855 1858
763 971 879 856 764 896 915 937
897 879 937 1144 1557 971 857 916
234 878 875 1112 917 901 877 876
93 235 94 938 901 290 902 289
970 759 765 1312 766 764 936 915
766 767 763 896 1312 970 915 765
763 1312 896 769 764 767 766 768
769 763 770 768 1312 764 767 765
769 976 1312 770 766 765 423 768
1312 767 769 1313 770 766 423 976
976 928 770 768 423 766 1313 767
771 767 769 423 768 928 1012 1313
772 770 743 423 1051 1840 1313 769
743 773 774 377 967 116 771 1026
774 743 775 377 97 116 772 967
776 772 116 377 773 775 97 415
377 774 116 773 415 776 97 772
641 775 116 415 774 773 97 377
1657 1656 254 1543 983 1658 1640 1544
1039 903 100 378 250 416 348 1473
651 704 833 457 933 941 648 697
698 934 649 705 942 555 652 458
656 1034 706 1649 1727 964 645 1665
280 929 343 213 611 836 895 610
1380 513 784 1319 683 722 755 75
1392 1446 1695 1252 1202 1867 756 1381
1666 1056 684 1728 271 514 77 757
515 1333 825 69 70 685 71 826
1825 921 944 947 889 849 838 1492
994 798 789 799 797 800 1429 839
788 890 799 800 922 1429 894 839
891 920 895 899 943 993 1028 831
552 1617 834 952 28 835 665 64
553 1041 667 67 953 1040 1009 1027
1019 551 997 668 1632 1321 554 1020
796 77 215 795 757 307 271 346
794 77 796 797 940 215 271 346
894 940 215 1429 797 799 346 798
1429 894 796 798 788 890 799 940
799 788 894 890 839 1429 797 796
789 798 797 788 890 1429 839 994
890 922 788 1555 789 1141 839 805
806 1865 1570 1455 1456 1568 1405 995
1778 1776 89 935 1775 1779 1063 1087
810 811 527 812 809 543 808 807
947 921 948 1826 1497 1820 1498 944
800 1823 1824 1556 1836 922 994 1555
1570 1866 1406 1568 801 1456 1455 995
809 810 811 803 812 543 808 497
803 813 807 812 811 809 543 810
803 808 807 543 813 811 812 810
811 812 803 809 813 808 543 807
808 807 810 809 813 812 803 543
813 810 808 543 809 811 814 807
543 810 812 809 504 814 811 808
505 543 810 809 1599 812 813 811
682 1489 576 1251 479 562 476 575
217 579 1052 1359 840 841 342 1207
1693 1422 109 1694 178 850 1610 1609
1463 179 110 851 1706 705 1422 887
888 110 180 1463 991 818 728 852
658 647 106 822 707 1332 821 657
658 106 822 707 1332 820 647 657
657 106 658 647 707 821 1332 820
658 647 707 475 670 721 822 557
670 731 825 720 721 474 685 475
474 515 685 786 720 824 731 826
731 685 786 69 70 515 825 474
39 46 945 48 829 45 1449 910
716 40 47 1772 946 992 34 898
945 46 1336 48 827 45 44 910
872 1404 1494 918 1684 871 49 1634
943 895 929 891 790 899 920 280
645 656 886 1727 1665 103 932 1649
478 697 457 941 648 779 558 718
552 29 791 835 1617 129 665 64
665 1617 791 834 29 129 552 64
611 612 895 782 280 929 610 343
838 944 1490 921 1342 1329 889 849
1825 787 944 921 837 849 889 1492
789 799 800 894 922 798 1429 890
1052 1086 841 1137 1207 816 1160 1359
840 1137 1052 1160 816 1086 1207 1359
911 1006 429 380 745 50 120 354
357 356 1293 431 124 52 123 1184
1851 1853 55 125 845 865 913 1850
1849 126 914 1856 1855 866 56 1854
892 1612 420 1611 738 1478 931 1479
1525 1708 999 739 998 1427 893 1000
1353 487 486 485 488 484 345 519
838 1825 889 837 1492 787 1329 1490
1609 480 1610 1693 817 563 1422 178
1706 887 818 564 481 1463 1422 179
1463 819 180 851 888 482 565 728
1209 1879 540 1368 758 1367 855 854
853 758 1858 1846 1879 1862 1370 855
1370 1858 854 1879 1847 758 1862 1846
896 978 759 1012 928 424 976 915
916 1549 1557 897 979 1526 1469 1178
862 1057 1180 860 352 1058 1045 861
1049 1055 427 1059 1048 353 1046 598
1642 1057 1058 862 1045 1760 858 861
450 1057 1180 426 858 1058 860 862
860 861 1180 426 1326 1058 450 858
1376 362 663 960 58 456 1155 955
281 1043 2 381 1042 912 746 282
844 913 55 125 866 1851 1850 750
751 126 914 1856 1855 1854 56 845
563 174 390 587 1608 480 311 1692
312 391 175 1705 481 588 986 564
313 589 392 482 565 1673 176 868
1726 1648 591 177 1664 1196 23 315
872 1494 1634 1877 1636 1684 830 1404
871 1404 1636 1877 1494 830 1684 1634
85 83 87 88 84 86 579 82
875 877 92 1456 1088 876 91 1406
878 1406 876 93 92 877 874 1456
877 93 875 94 878 874 1406 92
875 93 94 761 878 874 901 876
761 901 876 875 94 877 93 874
916 966 971 759 915 937 897 760
257 258 1595 1060 4 385 386 659
390 587 284 985 1023 584 6 1001
588 285 1002 1037 986 1163 391 7
8 1038 379 1163 392 286 1003 589
1031 1308 1036 1553 1169 754 287 1004
1033 591 288 1663 752 1726 1648 1005
1649 1727 832 103 656 932 1665 23
851 110 179 564 818 1706 1463 1422
852 110 180 1463 819 565 728 991
1490 921 787 849 837 838 1492 1825
798 1429 800 839 940 894 789 799
831 993 943 790 899 920 895 280
1805 420 1479 1612 846 738 931 1518
1000 112 1427 739 847 999 1708 998
890 789 1429 940 797 796 839 798
899 836 831 782 929 891 280 790
856 765 978 764 763 879 759 915
1549 979 1144 916 1557 879 857 760
716 40 1135 1771 1791 1521 34 1118
790 929 943 891 280 895 920 831
1265 1072 1432 1842 36 1323 1434 1466
235 761 878 290 877 94 289 938
94 235 762 291 901 290 938 289
112 416 100 250 1537 1473 378 778
417 374 113 987 1537 980 251 968
982 114 376 375 981 95 969 1443
990 984 1018 920 993 1010 949 1028
347 910 39 33 710 251 1449 643
714 1874 42 1875 1637 1275 1078 1881
715 1636 1064 1882 1065 43 1032 1269
41 46 39 945 827 1449 44 829
842 1061 1239 50 745 1006 380 354
355 1043 746 381 1042 1007 51 121
0 750 55 844 865 593 1851 1852
866 845 1856 751 593 592 56 913
764 856 896 763 879 978 971 759
857 879 760 971 897 1557 979 1144
1115 878 234 761 236 232 1112 237
909 1032 1065 1882 1636 49 1647 1684
1470 1599 1206 925 726 1586 1478 930
790 891 831 1028 906 993 990 943
947 1825 944 1497 804 787 1820 838
1555 1141 800 789 805 839 890 788
1658 1465 254 1543 1544 983 1545 1657
1465 30 1671 1146 253 306 35 1276
1839 1470 1206 1587 1586 420 1535 919
1847 727 974 1859 1017 1016 972 421
1177 1051 769 975 1011 422 973 1862
1591 424 1012 1840 769 856 976 978
279 899 280 836 895 612 831 782
420 919 1586 539 1611 726 1478 1470
846 1478 420 1479 1611 1612 930 1470
781 1665 832 656 645 1727 886 1649
697 648 704 457 109 651 941 779
705 780 942 698 110 458 652 649
1513 1777 1063 1775 1486 1779 1776 1088
1821 948 965 1498 1497 970 950 1832
1824 879 1823 966 1830 1556 1837 971
762 93 235 94 92 902 1513 901
294 292 1132 1516 1515 293 1864 425
797 346 894 798 796 1429 839 890
779 933 651 704 648 697 833 457
555 649 705 934 652 458 698 780
990 831 993 920 790 899 891 1028
787 804 947 838 837 921 889 1497
39 46 910 48 827 45 1449 829
828 40 47 1772 898 992 34 716
1497 944 1825 1820 921 787 1831 804
1821 1498 804 1820 1831 965 1832 1497
1018 984 542 1030 1010 1029 906 990
1498 948 970 1831 936 1832 965 1497
601 1228 545 1501 544 171 567 568
791 359 26 27 28 171 552 358
1040 553 1041 793 667 1009 792 554
361 662 455 977 580 57 988 959
663 960 362 58 1155 863 456 1770
1767 1123 1504 428 1124 957 1766 549
428 572 549 958 1767 1504 956 650
1504 1767 650 957 456 362 572 1770
988 57 361 662 954 571 977 455
362 1770 663 456 955 58 650 1155
570 1632 551 550 173 360 554 962
961 551 1632 550 173 360 1321 554
672 702 1491 703 1316 644 712 1260
706 1034 1727 1665 656 1649 645 781
1821 1820 1498 948 936 1827 1497 970
937 1836 1823 1837 971 879 1830 1824
773 1051 772 96 774 641 1026 742
740 987 904 996 374 969 980 113
1025 981 114 741 115 982 95 375
965 1498 948 763 950 936 1821 1832
1830 1837 1823 966 1556 937 879 1824
926 741 1016 1859 1177 421 974 1017
1313 1051 422 1011 975 927 423 742
1859 727 1016 1858 972 926 1847 421
973 1177 1862 1051 1011 422 927 768
856 1840 768 1012 424 978 769 928
361 1660 455 548 1764 1763 571 1035
856 1012 896 1591 979 928 976 424
1549 1863 1523 1557 857 1526 1469 1178
740 374 904 996 987 968 417 113
376 905 114 969 115 982 95 375
96 115 376 1025 1443 981 375 641
1657 1543 254 1545 923 1658 1544 1640
542 1010 1029 949 990 1028 1018 906
587 284 1023 1608 174 390 1692 881
1037 175 391 882 588 285 1163 1705
417 374 113 1537 980 968 904 996
689 662 954 674 580 57 127 959
127 1033 675 752 1005 885 1663 690
1010 1018 984 993 943 1028 920 906
705 1463 888 819 1706 728 852 110
898 40 47 1772 828 946 34 716
790 990 906 1018 1028 891 943 920
805 1829 1836 788 1825 799 922 1823
1455 806 1570 1866 1568 224 1865 801
113 969 740 1427 374 968 987 980
1020 1395 668 1019 680 68 1321 133
739 1708 1525 1427 999 893 1816 847
1427 847 1537 739 378 1000 893 112
1427 847 999 739 378 1537 893 112
1023 65 584 130 677 881 6 686
687 882 66 678 131 1037 585 7
8 1038 883 67 132 679 586 688
1308 1031 884 689 1036 287 754 674
989 752 885 288 675 1663 690 1033
380 911 429 354 745 50 120 842
1686 122 432 355 912 746 51 121
1128 1121 352 1048 1046 1732 1409 353
792 553 1040 1041 667 953 793 554
984 1018 1028 906 990 1029 949 542
1051 770 927 973 423 422 975 1177
1013 424 976 928 978 1840 1591 770
976 743 1012 1840 1591 928 1014 424
1840 1012 1013 1591 424 743 116 928
255 1 1734 1047 349 1593 1783 1239
926 972 974 421 727 1859 740 1017
996 974 926 972 741 740 1016 421
984 1028 990 993 949 1010 906 542
551 554 1321 668 1020 793 997 1632
668 554 793 1019 1321 997 1632 133
666 1398 1320 65 130 1623 1374 1022
1021 1320 1398 65 130 686 1623 666
881 584 985 284 390 677 6 1001
682 661 478 562 681 574 479 561
982 376 1026 115 114 981 969 741
1051 967 774 96 773 1025 772 742
667 679 1040 67 132 688 792 1041
1018 990 943 906 920 993 1010 790
1439 1030 732 949 1407 984 542 1010
1029 984 949 1439 1519 732 1407 542
754 1308 689 884 1036 287 1004 674
715 1065 1882 43 1636 49 909 918
1036 989 752 885 1308 288 1005 1648
781 712 964 711 706 556 645 1649
1763 548 1660 455 571 977 1764 427
1033 1308 1004 1031 287 689 884 754
986 1163 882 285 585 1002 391 7
8 1003 1163 392 286 379 586 883
778 32 348 904 250 251 347 417
667 1041 792 67 1009 1027 953 553
1027 132 1040 67 688 553 667 792
281 381 2 864 746 1043 51 912
281 746 2 381 912 864 1042 282
441 1800 442 440 1689 1687 443 1186
352 1058 351 861 860 1057 1721 858
1059 1048 1049 859 353 1055 352 1008
1015 1 1593 255 349 1784 1783 1734
352 1008 1059 1732 1055 353 859 1046
427 1046 1059 1055 548 1050 598 859
1049 548 1035 1660 427 1055 598 571
1313 1026 422 927 973 771 742 1011
1359 342 840 841 218 816 217 579
1501 951 546 545 568 569 172 1812
453 547 1189 1808 1219 1190 570 452
427 598 1049 858 1046 1059 859 1048
757 785 684 514 1728 271 1666 472
1795 1642 1760 861 444 1058 860 1721
352 1045 1721 860 1057 858 862 861
598 859 1049 1048 353 1055 1008 1046
880 1749 258 1580 1758 1736 659 1595
1593 1 1239 50 911 745 380 354
1151 659 1067 748 4 749 54 1082
1775 1779 1778 802 1777 1776 1087 935
717 715 1269 43 36 1065 900 909
715 1636 1882 43 1032 49 909 918
1741 1306 1747 1167 1379 1294 1242 1744
1062 659 1379 749 4 748 54 1747
1240 1127 1509 1745 1742 1752 1408 1377
1743 1241 1746 1436 1753 1378 1510 1409
16 17 19 1103 18 1674 14 15
1156 1259 1464 1423 1364 1261 1352 1139
1432 1872 1680 1466 1888 1842 1323 1434
1500 1457 1869 1474 1324 1677 1448 1438
1274 1290 1531 1871 1878 1477 1296 1271
1450 1268 1291 1297 1532 1637 1876 1276
1634 1295 1289 1877 1533 1451 1870 1270
1682 1645 1495 1635 1334 1402 1566 1878
1458 1876 1646 1335 1637 1683 1496 1567
1459 1877 1451 1494 1401 1634 1076 1565
1383 1452 1739 1165 1304 1346 1435 1149
1305 1293 1740 1743 1166 1453 1384 1150
748 1347 749 1062 1151 1751 54 53
1454 1152 1741 1306 1744 1385 1167 1066
1503 1322 1399 1508 1619 1375 1633 1245
1573 1254 1622 1712 1394 1704 1099 1250
1425 1207 1200 1696 1126 1359 1160 1137
1775 1088 89 88 90 802 1405 1063
92 91 1406 1486 90 935 1087 93
71 79 80 69 70 1333 81 82
1817 1592 1806 1442 1440 1814 1841 1174
1175 1563 1802 1162 1483 1559 1444 1472
1352 1331 1464 1259 1364 1423 1288 1415
1802 1805 1518 1559 1538 1162 1235 1711
1710 1841 1558 1536 1613 1845 1161 1517
640 637 636 1234 635 638 119 639
1435 1750 1346 1149 1354 1182 1383 1579
1685 747 1151 1183 1751 1355 1347 53
1249 1583 1221 1256 1589 1255 1624 1396
1085 1712 1704 1254 1573 1250 1691 1622
1343 140 138 139 142 143 141 1339
146 145 1340 107 1344 148 1341 147
1530 1588 1507 1768 1560 1218 1697 1237
17 16 1070 590 18 1390 1552 15
1553 1351 566 287 590 1195 1390 1169
1197 1170 1391 1554 1661 1417 1223 1164
1351 1262 19 20 18 21 22 1363
1108 108 181 183 1172 1693 182 1173
181 1173 108 1107 182 184 1694 183
224 1110 222 221 1865 223 1141 225
226 1111 1142 1143 224 1109 225 227
1142 226 227 229 228 1110 1143 225
238 236 917 1115 237 234 233 232
236 242 237 241 238 1114 239 240
244 1113 241 243 240 239 242 238
1144 232 234 233 236 1112 231 237
1540 1481 1872 1136 1669 1787 1680 1522
1133 1314 1655 1639 1520 1803 1541 1790
1804 1135 1791 305 304 1542 1521 303
1668 248 1564 247 249 98 1145 1670
1147 1757 1731 1240 1594 1799 1699 1748
1241 1128 1510 1069 1409 1732 1436 1753
1379 1242 1129 1511 1437 1733 1410 1754
1504 1766 428 1767 597 956 549 1225
597 266 1123 1504 269 268 956 267
1199 76 1424 307 1695 756 308 1159
1160 1425 1551 1200 1086 1696 1207 1137
1240 1745 1377 1068 1509 1408 1731 1752
1510 1732 1753 1436 1409 1378 1121 1008
1379 1733 1754 1437 1242 1122 1410 1511
1552 1413 11 12 10 13 14 15
1417 1581 1223 1414 1170 1661 1164 1554
293 292 1864 1627 296 295 297 294
1655 1639 1520 1314 1790 1541 1803 1117
304 1771 303 99 1135 305 1118 1542
1804 1542 1118 305 304 1791 1521 1134
1787 1669 1116 1522 1540 1481 1315 1654
1359 1207 1200 1696 1126 1425 1160 1086
324 322 320 1157 319 321 323 318
1071 1261 1475 1217 1156 1419 1264 1259
316 24 105 104 1158 25 1420 709
1109 1142 224 223 225 222 1110 221
225 1143 224 1110 227 1111 1141 226
228 226 1110 229 227 1142 225 1111
232 857 1557 231 897 1115 1549 233
1668 1788 1484 1482 1564 1670 1679 1873
1481 1671 1638 1654 1116 1540 1315 1136
1731 1757 1120 1594 1748 1799 1886 1699
1749 1700 1773 1736 1722 1758 1801 1580
1739 1304 1346 1383 1080 1435 1750 1452
1384 384 1305 1740 1081 383 1453 1166
748 1751 1082 749 1347 747 54 53
1744 1083 1306 1066 1167 1454 1741 1385
1588 1530 1237 1697 1560 1768 1411 1602
1213 1192 1755 1506 1769 1698 1412 1716
663 362 650 955 1770 960 58 456
1259 1464 1261 1139 1364 1071 1352 1423
365 370 364 367 368 369 1138 366
105 1264 1140 1105 1197 25 1391 363
756 1424 76 307 784 1199 1695 1125
1696 1207 1200 1359 1126 1425 1137 1086
1094 1710 1817 1592 1558 1536 1845 1841
1559 1483 1472 1091 1802 1538 1235 1444
392 883 882 286 379 285 391 986
1554 1417 1581 1414 1223 1661 1131 1170
1452 1304 1408 1745 1292 1739 1742 1080
1293 1378 1743 1305 1453 1746 1081 1740
1242 1741 1306 1747 1066 1454 1294 1744
138 1356 1360 1250 1691 1339 1171 1254
287 590 1104 884 1552 1036 1553 1390
1223 1164 1131 1554 1105 1414 1661 1417
1339 1360 1100 1356 1168 1172 1361 181
1361 1362 1107 182 1357 1173 181 1108
108 182 1172 1358 1108 1361 1362 1357
1814 1440 1090 1314 1592 1577 1442 1806
1638 1444 1563 1091 1472 1789 1559 1483
1534 1815 1527 1576 1471 1590 1524 1838
975 422 972 1847 1011 927 973 421
1523 1653 1349 1549 1863 1469 1707 1526
1227 1793 1188 1373 1702 1762 1659 1325
861 451 450 1763 862 1189 548 426
1811 1807 1887 1327 1797 1366 1703 1212
1354 1149 1435 1096 1383 1346 1750 1579
1082 1347 1151 1355 1097 1685 1751 53
430 124 357 431 123 1185 843 356
124 122 431 356 123 433 432 430
1795 442 1642 444 443 446 445 447
447 1760 444 448 446 1326 445 449
1759 1179 1793 1659 1373 1227 1762 1325
1190 1180 450 453 1219 1529 451 452
451 453 452 1219 1529 1189 454 1764
448 1326 1187 1760 447 449 547 446
1769 1238 1412 1698 1755 1154 1528 1213
1298 1667 1389 1421 1400 1678 1216 1338
1282 1418 1278 1247 1630 1272 1243 1279
314 1351 1104 1390 699 566 22 590
709 870 1420 1198 1664 315 177 23
1419 1475 1217 1105 1139 1264 1391 1158
1664 24 315 709 1420 316 1196 23
756 1424 76 307 784 1159 1695 1125
1137 1425 1551 1696 1207 1086 1160 1126
1461 1534 1205 1596 1844 1548 1585 1286
1605 1381 784 1867 1252 1446 1392 1388
1447 1868 1676 1550 1382 1253 1393 1318
538 537 1834 1460 1597 1587 1287 536
1534 1461 1844 1201 1585 1286 1548 1596
919 1460 1535 1839 1599 1587 1597 1287
1425 1160 1137 1086 1359 1696 1126 1200
1283 1284 1311 1367 1368 1209 1310 540
540 1368 1310 1208 1879 1311 853 1367
1369 1662 1487 1861 1514 1885 1499 1880
1102 1809 1810 1218 1717 1507 1365 1798
1807 1703 1718 1220 1765 1811 1887 1366
1412 1506 1755 1503 1154 1716 1192 1698
1502 1618 1582 1672 1631 1374 1320 1398
1738 1248 1281 1512 1280 1416 1630 1277
1298 1488 1193 1338 1539 1678 1400 1421
1139 1475 1264 1259 1071 1419 1261 1156
1717 1211 1365 1102 1507 1798 1809 1530
1189 452 1808 1054 570 454 453 1190
1718 1765 1212 1528 1755 1698 1238 1769
1396 1583 1589 1255 1256 1098 1249 1624
1132 294 292 1627 297 293 296 295
1391 1164 1170 1661 1417 1105 1131 1554
1797 1724 1792 1761 1807 1782 1327 1701
1123 595 1766 428 956 597 389 596
600 601 544 567 545 599 1228 1501
1702 1762 1659 1373 1793 1325 1179 1188
599 567 1226 1501 544 170 600 601
138 140 1100 141 142 143 139 1343
144 145 146 147 1344 149 1101 148
628 541 623 629 626 625 624 627
630 1233 511 631 633 632 418 634
1232 636 634 637 418 633 635 632
1640 777 119 639 638 637 640 1095
1483 1162 1711 1093 1802 1559 1518 1538
1474 1438 1500 1266 1869 1677 1073 1324
1153 1588 1560 1102 1530 1768 1697 1507
1698 1755 1769 1154 1765 1220 1192 1528
255 1 911 380 1593 745 1734 1061
1068 1127 1731 1509 1377 1408 1745 1752
1069 1121 1753 1510 1409 1732 1378 1436
1294 1379 1747 1511 1410 1167 1437 1066
1278 1194 1630 1281 1418 1282 1272 1280
713 556 660 1650 1252 1605 1388 1328
1716 1508 1399 1633 1375 1506 1619 1503
1712 1756 1622 1573 1085 1704 1394 1725
1282 1279 1278 1651 1194 1243 1539 1272
1630 1280 1277 1215 1281 1416 1418 1512
1255 1396 1561 1583 1098 1624 1256 1589
1573 1254 1099 1622 1704 1085 1712 1691
562 469 815 576 575 577 682 578
1392 1388 1867 1381 1202 1605 1446 1328
1393 1606 1447 1203 1382 1298 1667 1389
1099 1712 1085 1691 1704 1250 1622 1573
1561 1583 1629 1624 1098 1589 1256 1249
1307 1249 1583 1589 1561 1578 1629 1255
16 18 1070 1674 17 1574 1713 15
696 111 1575 695 1714 653 1675 1337
1423 1261 1464 1331 1364 1071 1156 1352
1316 701 644 703 1485 702 700 655
1139 1259 1464 1423 1364 1071 1156 1352
1330 1351 1106 20 1363 21 22 101
1416 1317 1277 1738 1512 1215 1267 1248
1197 1419 1417 1105 1139 1391 1217 1475
1434 1323 1842 1466 36 1432 1072 900
1438 1500 1677 1236 1869 1474 1073 1324
1215 1277 1416 1263 1738 1512 1248 1317
1450 1297 1075 1532 1276 1291 35 1876
1065 729 715 909 36 43 1064 1636
1273 1076 1295 1877 1289 1533 1451 1476
1296 1074 1274 1477 1878 1871 1531 1290
1279 1247 1243 1194 1282 1418 1278 1630
1870 1289 1295 1441 1270 37 1476 1533
1290 1296 1477 1266 1271 1531 1074 1871
908 1874 1875 1881 714 42 1291 1297
1268 1532 1450 1876 1291 1075 35 1297
1630 1280 1248 1418 1215 1512 1416 1281
1243 1194 1272 1630 1418 1282 1281 1247
1488 1194 1651 1282 1338 1272 1247 1539
1416 1630 1281 1418 1248 1243 1215 1277
1280 1418 1277 1215 1630 1243 1248 1278
1243 1247 1651 1272 1418 1279 1194 1278
1284 540 1546 1601 1311 1208 1310 1209
1311 1208 540 1601 1209 1283 1310 1546
1620 724 1846 1834 1858 727 1859 723
1205 1585 1534 1596 1844 1838 1461 1548
1206 1839 1587 1460 1204 538 1597 1535
1364 1331 1259 1092 1352 1423 1415 1464
1295 1076 1273 1270 1533 1870 1441 1476
1274 1871 1271 1266 1531 1074 1296 1477
1532 1297 1268 1075 1876 1450 35 1276
1165 1304 1742 1377 1452 1739 1745 1408
1166 1743 1740 1069 1378 1453 1305 1746
1511 1437 1242 1066 1379 1167 1747 1410
1441 1451 1870 1289 1476 1533 1076 1270
1274 1477 1290 1266 1531 1271 1871 1074
1450 1291 1532 1075 1268 1876 35 1276
1193 1400 1421 1253 1389 1667 1606 1216
736 1300 735 725 512 737 419 734
1428 1303 736 737 1299 735 1350 419
1571 1348 1576 1813 1709 1652 1480 1428
1426 1598 1653 1621 1848 1860 1613 1349
737 736 1571 1301 419 1428 1300 1350
1149 1739 1080 1742 1452 1165 1383 1292
1081 1740 1384 1746 1166 1453 1743 1293
1167 1741 1083 1747 1454 1744 1066 1152
1414 1581 1249 1629 1255 1561 1578 1256
1033 689 754 674 1031 1004 1036 884
1696 1371 1676 1318 1551 1345 1550 1468
1209 540 1283 1311 1367 1546 1208 1284
1546 1368 1284 1208 1310 1283 1209 540
763 768 976 764 765 769 766 767
973 1051 1840 423 768 770 771 769
1814 1440 1133 1655 1806 1541 1639 1577
1540 1654 1638 1563 1444 1175 1136 1789
654 703 702 644 1485 1491 963 1260
1780 646 1738 1267 1512 1263 1416 1215
1371 1468 1550 1868 1203 1345 1309 1676
683 75 470 1380 513 783 755 722
1631 1502 1618 1214 1582 1398 1607 1374
1632 551 554 1019 997 668 793 1020
1375 1399 1084 1245 1503 1619 1508 1633
1072 1432 1842 1466 1888 1434 1265 900
1500 1266 1073 1869 1474 1236 1677 1438
1793 1759 1659 1179 1188 1373 1781 1762
1187 1191 447 426 446 448 1760 449
1807 1701 1782 1724 1761 1797 1224 1792
1381 1867 1388 1202 1252 1605 1446 1392
838 1492 308 1490 1342 849 837 889
693 1106 695 1363 1262 21 694 101
1288 1092 1259 1464 1352 1415 1364 1423
1352 106 1423 821 820 822 647 658
786 79 826 69 70 80 71 1089
1495 1645 1635 1884 1077 1402 1682 1566
1496 1637 1458 1646 1078 1683 1403 1567
1883 48 1565 1459 45 1401 1681 1644
1491 1316 1675 654 696 1258 708 1485
1216 1678 1279 1488 1421 1651 1539 1400
1356 140 142 139 141 143 1100 138
145 146 1357 1358 147 1101 1341 107
1340 1101 107 149 1357 147 1358 146
889 1329 947 921 838 944 837 1490
138 139 1100 141 142 143 140 1229
1101 145 148 1340 144 1230 146 147
1676 1550 1318 1309 1868 1551 1371 1468
1149 1080 1435 1096 1579 1383 1750 1452
1097 747 1751 748 1082 1151 54 53
1576 1652 1480 1805 1301 1709 1813 1524
1302 1860 1707 1621 1598 1426 1848 1653
1300 635 637 1303 1095 737 736 636
566 1262 1106 1195 699 1390 22 101
1331 1423 1261 1364 1464 1156 1259 1071
848 489 487 807 803 490 488 491
1579 1149 1435 1096 1346 1182 1750 1383
1097 1347 1151 1183 1082 1685 1751 53
142 1171 1100 1339 139 1360 140 141
1101 107 1362 1172 1340 1361 1341 1358
1173 107 1357 1361 1340 1341 1362 147
1207 1160 1137 1425 1086 1696 1126 1200
140 1100 1356 139 1171 1339 1168 141
1358 107 1173 1172 1362 1340 1341 1357
107 1361 1340 1358 1341 1357 1172 1173
692 1330 19 20 1262 21 1106 101
1423 1259 1464 1261 1352 1071 1156 1331
1507 1798 1702 1211 1717 1809 1810 1218
1718 1220 1811 1703 1765 1887 1807 1212
540 1209 1311 1310 1831 1368 1208 853
540 853 1209 1879 1310 1311 1208 1367
1487 1514 1861 1885 1662 1547 1210 1499
1846 854 855 758 1847 1859 1858 1862
1551 1309 1468 1868 1550 1676 1345 1318
1730 1792 1724 1761 1786 1643 1796 1782
1759 1179 1325 1793 1227 1659 1188 1762
1631 1582 1618 1672 1320 1502 1214 1398
1322 1619 1508 1633 1503 1245 1399 1084
955 362 663 960 58 1770 1155 863
1240 1127 1068 1745 1292 1408 1742 1509
1241 1453 1166 1069 1743 1746 1293 1753
1242 1066 1294 1437 1747 1511 1410 1129
756 783 722 471 1319 755 784 683
1328 1605 1867 1252 1392 1446 1388 1202
1393 1253 1868 1447 1550 1203 1676 1606
1149 1750 1435 1452 1080 1579 1096 1346
1743 1453 1740 1305 1166 1293 1150 1081
1152 1167 1083 1741 1066 1306 1744 1454
1516 1616 1864 425 1387 1614 744 1615
1615 1616 301 300 1386 744 1516 1614
1446 1328 1381 1252 1392 1605 1867 1202
1606 1382 1298 1253 1193 1667 1447 1393
17 1106 1195 1351 18 1104 590 1103
1417 1105 1197 1264 1223 1554 1170 1419
1446 1388 1328 1202 1252 1605 1867 1381
1667 1447 1203 1868 1253 1389 1606 1382
1622 1085 1704 1756 1712 1246 1573 1725
1020 676 997 668 1321 68 133 680
1098 1256 1583 1624 1589 1255 1249 1221
552 1573 1246 1756 1725 1607 1394 1617
1672 1320 1715 1631 1618 1505 1374 1214
1245 1619 1633 1503 1084 1322 1375 1508
1667 1488 1338 1216 1421 1298 1678 1193
1494 1681 1644 1459 1634 1883 1079 1565
1495 1884 1635 1645 1077 1334 1682 1566
1683 1646 1078 1637 1567 1496 1335 1458
1636 871 830 1684 872 1647 918 49
1087 1455 89 90 801 1456 1406 806
875 874 1088 91 1456 806 1405 876
1861 1439 732 1880 1519 1626 1662 1719
1745 1742 1127 1068 1240 1292 1377 1509
1510 1121 1241 1128 1753 1069 1436 1732
1437 1129 1733 1511 1379 1122 1294 1242
1697 1715 1588 1768 1505 1560 1602 1153
1716 1503 1192 1154 1213 1698 1755 1506
1130 753 11 13 10 12 14 1552
1554 1581 1170 1578 1307 1661 1164 1131
1352 1464 1259 1092 1423 1364 1288 1331
1512 1280 1277 1630 1738 1248 1215 1281
1554 1105 1170 1391 1661 1164 1131 1223
1630 1280 1194 1281 1243 1272 1278 1282
1105 1139 1475 1071 1197 1217 1391 1264
709 24 104 316 1198 25 1196 1140
1678 1338 1216 1667 1488 1193 1298 1400
850 1609 851 818 887 1706 1610 179
1364 1156 1259 1352 1464 1071 1261 1331
1159 1199 76 307 784 756 1695 1125
1551 1696 1468 1137 1200 1126 1160 1086
1598 1349 1613 1860 1621 1302 1653 1848
1708 847 893 739 112 998 999 1000
1813 1480 1303 1348 1301 737 1571 1652
894 799 797 890 839 940 796 798
277 1819 275 278 1625 899 1493 276
1482 1679 1572 1484 1873 1145 1467 1788
1072 1466 1842 1323 1888 1265 1434 900
1500 1438 1474 1677 1448 1869 1073 1457
1072 1432 1842 1323 1888 1265 1466 900
1149 1346 1452 1080 1579 1096 1750 1383
1510 1753 1128 1241 1732 1409 1121 1069
1410 1129 1747 1511 1379 1242 1294 1122
1474 1236 1073 1677 1869 1266 1500 1324
1519 1719 1407 732 1880 1626 1861 1662
1592 1442 1314 1090 1174 1806 1577 1814
1273 1870 1295 1476 1533 37 1270 1289
1592 1577 1440 1090 1814 1817 1806 1174
96 115 252 905 641 95 982 376
1091 1638 1175 1483 1563 1789 1472 1559
1818 1833 1569 1584 1828 1822 1562 1600
1867 1252 1381 1202 1328 1605 1388 1392
1393 1253 1203 1606 1389 1667 1382 1868
1677 1474 1457 1500 1438 1869 1073 1433
46 910 39 827 710 945 907 829
1276 1291 1268 1637 1876 1075 1532 1297
1634 1289 1295 1494 1877 1533 1076 1270
1292 1346 1304 1149 1383 1165 1080 1739
1081 1166 1740 1378 1746 1293 1743 1305
1306 1167 1066 1744 1083 1385 1741 1152
1570 1568 1865 1456 1405 995 806 801
806 1568 874 1866 1455 1570 875 1406
1677 1500 1448 1433 1438 1869 1073 1474
1567 1683 1876 1637 1496 1078 1335 1646
1883 1565 1681 1401 1644 1336 48 1079
1204 1839 1535 538 1597 1587 1287 1206
1585 1838 1534 1205 1286 1844 1596 1548
1493 1819 1828 1835 1569 1562 1822 1445
818 179 852 887 851 180 819 888
1156 1364 1259 1261 1423 1071 1352 1331
306 1544 923 924 983 1656 30 253
1680 1434 1072 1872 1432 1842 1481 1888
1484 1572 1431 1873 1788 1145 1679 1482
1551 1318 1550 1309 1676 1696 1371 1345
857 979 1707 1526 1863 1523 1549 1178
931 1586 919 1479 930 925 420 1478
1527 1838 1534 1590 1576 1176 1524 1815
1559 1091 1175 1444 1563 1483 1802 1162
378 416 112 1000 778 903 100 999
1438 1236 1073 1677 1869 1266 1500 1324
1071 1259 1264 1156 1139 1419 1217 1261
1870 1270 1295 1533 1273 37 1441 1289
1271 1290 1074 1871 1274 1531 1296 1236
930 1586 931 1611 726 420 1479 1470
846 738 1470 1612 1611 931 420 1478
1813 1815 1652 1301 1709 1348 1524 1576
1680 1787 1522 1116 1669 1466 1872 1888
1145 1484 1679 1873 1564 1670 1467 1788
1162 1091 1175 1472 1802 1559 1444 1563
1145 1679 1788 1467 1572 1670 1873 1482
655 1316 644 654 1491 700 701 1260
92 90 935 1777 1776 1088 91 1513
1861 1210 1885 1662 1514 1880 1369 1499
1678 1421 1279 1216 1539 1651 1247 1338
476 575 1251 682 562 479 719 815
1329 787 308 849 1492 889 838 837
963 1316 644 1485 1675 654 1337 708
889 838 849 837 215 787 1329 1490
1562 1819 1828 1625 1835 1462 1822 1569
1451 1533 1634 871 1079 1401 1076 1877
1402 1645 1878 1077 1566 1334 1682 1635
1876 1683 1567 1335 1458 1078 1637 1646
1832 948 1831 1820 1498 1821 947 804
970 1820 1497 936 1832 965 1821 948
1885 1369 1210 1584 1547 1833 1487 1514
1236 1457 1073 1869 1324 1677 1474 1438
568 1228 545 601 544 171 567 951
1214 1672 1618 1320 1374 1607 1631 1582
1716 1506 1213 1245 1508 1399 1619 1633
1767 957 428 650 549 958 956 572
1411 1715 1602 1398 1631 1214 1582 1672
1716 1192 1213 1503 1412 1154 1245 1508
1530 1717 1218 1768 1102 1237 1697 1809
1716 1399 1503 1245 1084 1633 1619 1375
1408 1127 1377 1068 1731 1752 1240 1120
1409 1436 1241 1069 1753 1732 1121 1378
1410 1733 1129 1437 1379 1122 1294 1242
1277 1267 1416 1738 1248 1215 1263 1280
1486 1776 938 92 935 91 1777 93
1833 1861 1210 1885 1369 1487 1499 1547
293 939 1864 1132 425 294 1386 1516
744 425 295 1386 939 1515 1864 1387
1613 1426 1536 1860 1094 1845 1710 1848
1538 1093 1805 1235 1711 1162 1559 1802
1662 1407 732 1626 1439 733 1880 1719
1541 1639 1133 1790 1655 1314 1803 1117
303 304 305 1791 1135 1118 1542 1804
1669 1116 1787 1888 1481 1680 1872 1136
1469 1178 1349 1863 1526 1549 1653 1707
1480 1527 1471 1709 1576 1815 1176 1590
998 1708 1839 1587 739 847 1535 1816
1557 1523 979 1863 1178 1549 1469 857
1176 1576 1480 1590 1709 1471 1524 1815
1755 1765 1238 1718 1769 1698 1192 1220
1189 1763 453 1190 452 454 977 1764
1153 1588 1560 1102 1237 1768 1697 1507
1274 1271 1296 1477 1871 1074 1878 1290
1297 1291 1450 1276 1637 1268 1876 1075
1289 1076 1295 1273 1270 1877 1634 1451
1585 1838 1590 1176 1461 1596 1205 1286
1839 1460 1597 1587 1816 925 1206 1287
1817 1094 1845 1841 1161 1558 1517 1710
999 1427 100 987 112 893 1000 378
1093 1805 1711 1235 1802 1518 1559 1162
1216 1678 1651 1247 1282 1338 1488 1279
1654 1315 1116 1787 1136 1522 1671 1638
1790 1639 1133 1655 1314 1520 1803 1117
1791 303 1521 305 1118 304 1135 1804
983 923 254 777 1544 1640 1657 1658
1658 1656 254 983 923 306 1543 777
983 1640 254 923 1543 1657 1544 1658
529 1283 530 1284 1601 531 1310 1311
1818 1584 1600 1499 1514 1885 1833 1369
1205 1201 1534 1844 1585 1461 1596 1286
1557 1526 1523 1863 857 1469 979 1178
1345 1203 1371 1868 1468 1676 1318 1309
1371 1309 1345 1468 1200 1696 1425 1318
1130 1413 11 12 1103 13 14 15
287 884 1390 1169 590 1104 1036 1552
1170 1164 1661 1105 1414 1131 1223 1417
805 922 1556 1823 1824 800 966 1142
1555 1824 1823 1143 966 937 805 971
979 1469 897 857 916 1526 760 1549
1094 1592 1841 1845 1817 1161 1536 1090
1802 1162 1472 1235 1091 1444 1483 1538
1530 1697 1588 1102 1768 1507 1153 1237
1581 1578 1589 1249 1256 1255 1307 1629
1445 1835 1828 1569 1818 1600 1822 1584
1789 1315 1444 1483 1472 1175 1638 1091
1668 1482 1873 1788 1145 1679 1670 1484
1681 1644 1459 1336 1883 1079 48 1401
1402 1843 1884 1645 1077 1334 1495 1682
1458 1335 1683 1646 1078 1403 1496 1637
806 1570 801 1456 1455 1865 1866 995
1462 1493 1835 1822 1445 1828 1562 1819
806 1456 1455 1568 1866 801 1865 995
1348 737 1301 1813 1428 1303 1652 1480
1482 1679 1431 1873 1788 1145 1467 1484
1085 1394 1704 1756 1622 1712 1725 1246
1257 9 1673 869 1713 176 1674 1603
653 696 460 459 1714 1604 1258 461
1652 1301 1480 1709 1524 1813 1815 1348
1442 1639 1314 1814 1806 1090 1440 1174
1307 1581 1131 1256 1414 1629 1561 1255
1149 1346 1096 1080 1383 1452 1435 1750
1773 1722 1749 1700 1736 1148 1801 1758
1307 1164 1131 1256 1578 1414 1561 1629
1618 1374 1502 1715 1505 1214 1672 1631
1589 1098 1624 1249 1221 1256 1396 1255
1600 1818 1514 1547 1445 1828 1833 1499
1534 1838 1205 1461 1286 1596 1548 1844
420 1206 925 726 1470 919 930 1478
538 1206 1597 1839 1287 1460 925 1535
1530 1697 1602 1411 1153 1768 1560 1237
1583 1249 1256 1396 1098 1624 1561 1255
1815 1176 1471 1524 1838 1585 1527 1534
976 1840 1012 743 928 1014 424 1013
1174 1090 1442 1161 1817 1440 1841 1558
255 1 1061 1015 349 1239 1047 1734
1699 1886 1120 1147 1748 1735 1757 1799
880 1060 258 659 1736 257 1580 1749
1844 1585 1461 1286 1838 1548 1205 1534
1460 1587 1839 1535 1206 538 1204 1287
1349 1860 1848 1707 1621 1302 1426 1653
1586 1460 1597 1587 1206 1287 919 925
1445 1818 1562 1828 1584 1833 1822 1547
1546 1283 531 1284 1310 530 529 528
1398 1715 1672 1588 1411 1505 1214 1153
1713 869 589 1574 313 176 392 1673
462 463 459 1575 461 460 653 1714
1392 1328 1388 1381 1252 1867 1446 1202
1382 1393 1298 1447 1667 1389 1253 1203
1394 1622 1246 1573 1756 1320 1725 1502
390 174 867 480 985 1692 587 311
1610 1422 109 1693 817 1694 850 178
1693 109 850 817 704 1422 1609 1694
1470 726 420 930 1478 1612 539 931
892 1611 1478 420 1479 846 931 738
1426 1860 1621 1848 1710 1845 1517 1302
1615 1616 301 300 1387 1516 1386 744
1614 1616 300 301 1387 118 744 1386
744 1615 300 301 1614 118 1387 1386
359 791 665 834 835 952 552 1397
1214 1398 1502 1582 1672 1374 1320 1631
1375 1399 1245 1322 1503 1633 1084 1508
1204 1858 1285 724 727 1859 1834 723
1349 1860 1613 1653 1598 1848 1426 1302
1712 1704 1099 1085 1573 1246 1394 1725
1022 66 130 65 131 666 687 1021
1396 1589 1221 1249 1255 1583 1098 1256
278 1819 1493 277 1430 899 831 276
1662 1439 1407 1861 1880 1519 1210 1719
295 1132 1222 294 292 291 296 293
582 1413 583 581 753 10 62 61
1249 1561 1589 1581 1307 1255 1578 1256
1243 1278 1248 1280 1281 1277 1194 1418
1214 1582 1672 1502 1618 1320 1398 1374
1321 551 1020 793 554 668 550 1019
1084 1508 1503 1375 1619 1245 1322 1399
1401 1533 1076 1451 1079 1494 1877 1270
1566 1495 1334 1682 1077 1402 1271 1878
1882 49 1032 1065 909 1269 918 43
1078 1075 1496 1646 1450 1876 1532 1458
1315 1091 1654 1563 1175 1444 1789 1483
1117 1790 1520 1314 1655 1541 1133 1803
777 1656 1544 983 1657 1543 254 1658
1729 1785 1762 1774 1781 1759 1723 1659
1760 1795 446 447 1057 444 1186 445
1782 1792 1372 1730 1786 1724 1796 1761
1079 48 1565 1336 1883 1401 1681 1459
1884 1843 1566 1077 1402 1334 1495 1682
1637 1683 1403 1335 1458 1567 1496 1078
1882 918 1032 1684 1636 49 1404 1065
1726 591 870 1033 885 288 177 287
932 645 706 1034 656 832 781 1727
1666 660 684 1244 556 1728 472 713
1338 1539 1279 1678 1488 1247 1282 1216
1524 1576 1815 1348 1480 1813 1301 1709
1848 1621 1302 1707 1426 1349 1598 1860
1444 1540 1136 1789 1175 1315 1638 1563
1133 1790 1520 1314 1639 1541 1803 1117
1658 1543 254 1657 1544 306 1640 777
777 1656 1544 1640 983 1658 254 1543
1544 983 254 777 1657 1543 1640 1656
1188 1762 1774 1793 1325 1781 1373 1759
1764 1035 548 1763 977 1180 571 427
1170 1414 1223 1554 1131 1105 1417 1164
1369 1861 1514 1880 1210 1487 1885 1626
288 690 885 1005 752 1726 1664 989
1648 177 885 288 870 591 1663 1726
645 932 656 781 832 1727 1649 706
1728 514 1056 472 684 730 473 785
1606 1298 1447 1253 1193 1400 1389 1393
1873 1482 1670 1788 1484 1679 1145 1564
1872 1116 1787 1481 1888 1680 1522 1136
1484 1873 1482 1788 1145 1668 1679 1564
1638 1540 1146 1481 1116 1654 1136 1315
1505 1398 1214 1582 1602 1502 1715 1631
313 482 589 379 392 869 176 565
16 17 19 1070 18 1257 14 15
654 1491 708 653 1337 1714 696 1258
1371 1203 1345 1550 1309 1382 1318 1868
1500 1448 1073 1474 1869 1324 1457 1438
1651 1338 1193 1216 1400 1488 1421 1539
1668 1564 1484 1145 1482 1670 1873 1788
1842 1072 1787 1872 1669 1466 1888 1481
1459 48 1565 1336 1883 1401 1644 1079
1402 1843 1566 1884 1077 1334 1495 1645
1646 1078 1637 1567 1496 1335 1403 1458
49 918 1647 871 872 1404 830 1882
1097 1347 1082 1183 1151 1355 1751 53
51 122 432 355 1185 1007 912 121
1186 1800 442 441 1689 1044 440 443
1735 1641 1757 1699 1886 1720 1729 1794
1800 1687 443 440 442 1186 441 1044
1786 1730 1796 1643 1773 1722 1801 1700
1085 1254 1099 1573 1704 1250 1712 1622
587 985 867 1608 174 311 480 390
1609 850 563 178 109 817 1694 1610
850 817 1693 1610 704 109 178 1609
1159 1199 76 1867 784 756 1424 1125
1468 1551 1425 1137 1200 1126 1160 1086
1153 1588 1768 1102 1560 1237 1530 1507
1528 1769 1412 1755 1192 1154 1238 1220
1794 1886 1748 1799 1594 1147 1757 1735
1758 1148 1722 1580 1690 1749 1801 1773
1724 1372 1224 1792 1761 1797 1782 1327
1793 1227 1373 1188 1810 1762 1179 1325
1811 1212 1887 1765 1366 1181 1807 1718
1622 1712 1254 1394 1085 1573 1099 1246
312 481 986 175 868 564 391 588
705 851 1463 110 818 1422 887 652
1302 1349 1178 1598 1523 1653 1863 1621
739 999 1427 847 1525 1816 893 998
1576 1524 1813 1480 1815 1652 1301 1348
1613 1536 1517 1860 1845 1848 1426 1094
1802 1518 1162 1538 1805 1235 1093 1559
1085 1254 1246 1704 1099 1573 1394 1622
16 1257 1070 1603 17 692 1574 1674
695 1575 696 1604 111 1675 1258 653
1631 1411 1582 1505 1672 1602 1214 1398
1508 1506 1213 1245 1412 1503 1633 1154
1102 1810 1211 1507 1218 1798 1809 1365
1212 1765 1769 1528 1366 1220 1238 1698
1662 1407 1626 732 1880 1519 733 1439
1729 1699 1735 1794 1757 1886 1688 1594
1795 441 1045 442 440 1057 443 351
1758 1148 1700 1773 1690 1749 1580 1801
1759 1781 1762 1325 1659 1785 1641 1774
1761 1701 1372 1730 1224 1792 1643 1782
1394 1573 1607 1712 1246 1622 1704 1756
1663 177 885 1664 870 1648 288 591
1649 645 932 832 1665 656 706 781
472 1650 660 1056 514 1666 785 684
1785 1641 1688 1699 1794 1886 1735 1720
1782 1792 1372 1690 1724 1643 1786 1796
1748 1594 1120 1147 1240 1757 1068 1799
1510 1409 1128 1436 1753 1008 353 1121
1437 1242 1122 1379 1410 1754 1511 1129
255 1 1239 1015 349 1783 1047 1593
1886 1699 1794 1594 1757 1147 1748 1720
1801 1700 1758 1580 1773 1148 1722 1749
308 307 1199 1695 75 1424 1159 1125
1317 1416 1248 1267 1215 1512 1263 1277
1742 1149 1292 1080 1304 1165 1452 1383
1081 1166 1384 1293 1743 1305 1453 1150
1083 1744 1066 1385 1454 1306 1167 1152
1165 1292 1745 1408 1377 1739 1304 1068
1293 1746 1378 1069 1453 1166 1305 1241
1294 1454 1066 1306 1242 1741 1167 1747
1408 1240 1068 1165 1742 1377 1292 1127
1753 1378 1166 1453 1293 1743 1305 1069
1294 1744 1242 1410 1379 1167 1437 1066
1147 1699 1886 1120 1757 1731 1594 1799
1773 1700 1736 1801 1758 1148 1722 1580
1149 1346 1579 1080 1383 1096 1435 1452
1347 747 1151 1097 1082 748 54 53
1408 1127 1377 1509 1731 1068 1120 1240
1510 1732 1409 1241 1128 1436 1121 1069
1379 1736 1511 1122 1129 1410 1437 1733
1192 1412 1698 1213 1769 1154 1528 1238
1607 1573 1725 1622 1246 1394 1712 1704
1735 1120 1886 1699 1799 1147 1748 1594
1773 1801 1736 1749 1700 1580 1722 1148
1781 1325 1659 1785 1641 1723 1762 1774
1326 1187 446 447 1642 449 448 445
1701 1372 1782 1724 1643 1792 1327 1224
1373 1325 1188 1179 1659 1781 1793 1759
571 1180 1660 548 1529 1035 1764 977
1190 548 1529 1660 1035 571 977 1763
1769 1212 1528 1698 1718 1238 1220 1755
1504 597 428 1767 1225 956 549 1123
428 1504 549 957 572 956 1766 958
1153 1560 1530 1102 1507 1697 1588 1237
1528 1755 1698 1154 1765 1192 1238 1220
955 572 456 958 960 362 650 1155
716 40 1118 898 1134 1521 34 1135
47 40 992 946 716 828 34 898
1796 1801 1690 1722 1700 1786 1758 1148
1723 1325 1762 1785 1659 1781 1759 1641
90 1087 89 802 1778 88 1779 1063
1779 1777 935 802 1486 1063 1775 1513
1513 1776 1779 1088 1063 935 91 1486
89 1063 1776 935 1775 1779 802 1087
1063 1777 1776 1486 1775 935 1778 802
1512 1317 1267 1415 646 657 1263 1738
1723 1762 1785 1325 1659 1759 1641 1774
1701 1792 1372 1724 1224 1761 1730 1643
1784 1226 1015 255 1593 349 1734 1047
1226 1015 1047 349 1734 255 1783 599
1781 1723 1774 1659 1641 1729 1759 1762
1782 1796 1773 1643 1724 1730 1372 1690
1669 1872 1680 1522 1481 1116 1888 1136
1145 1670 1484 1564 1482 1679 1873 1668
1091 1444 1315 1654 1483 1563 1175 1638
1803 1655 1520 1133 1314 1639 1541 1117
1804 305 304 1521 1135 1542 1118 303
1224 1782 1724 1643 1761 1372 1327 1701
1659 1325 1179 1188 1227 1762 1759 1373
1720 1688 1886 1594 1729 1757 1699 1735
446 1642 442 1057 443 444 1186 445
1730 1786 1801 1643 1773 1724 1372 1690
1724 1701 1792 1807 1782 1327 1224 1761
1365 1810 1702 1211 1717 1809 1507 1218
1147 1731 1120 1886 1748 1699 1594 1757
444 1687 440 442 1044 443 1186 441
1722 1148 1700 1796 1690 1758 1773 1580
1162 1472 1235 1483 1538 1444 1091 1559
1639 1790 1655 1133 1314 1520 1541 1117
1791 304 1135 1521 305 303 1118 1542
1711 1093 1518 1538 1348 1235 1813 1301
1577 1174 1314 1814 1592 1440 1442 1090
1327 1797 1224 1792 1761 1366 1701 1887
547 570 1054 1189 426 1219 451 452
1530 1365 1102 1507 1218 1798 1211 1717
1365 1507 1702 1798 1218 1211 1717 1809
1887 1807 1212 1703 1181 1366 1797 1718
1053 172 546 545 951 569 568 1501
1524 1652 1709 1348 1301 1815 1480 1576
1440 1174 1442 1577 1314 1806 1592 1090
1527 1576 1480 1176 1590 1471 1524 1709
1587 1525 1839 1535 998 739 1708 847
1090 1536 1161 1442 1592 1558 1841 1094
1584 1562 1600 1445 1499 1828 1547 1833
1445 1493 1828 1822 1462 1569 1835 1562
1497 948 804 1498 1826 965 1821 1827
1827 1820 948 1497 965 1498 936 1826
1562 1462 1569 1445 1600 1835 1818 1828
994 966 1836 1555 1824 805 1556 1837
971 1823 1555 1836 966 1556 937 1837
1826 804 994 838 947 889 787 921
1820 1827 965 1497 1829 1821 804 1830
1821 965 1829 1498 1830 1826 1820 1837
1562 1584 1569 1600 1445 1818 1822 1833
1827 1836 1826 994 1820 1830 1837 1823
1837 1829 1821 1836 1826 1824 1827 966
804 1497 1498 947 936 948 1832 950
1821 1831 1497 948 970 950 1498 936
1584 1818 1547 1514 1885 1369 1499 1600
1204 727 537 536 1620 538 1285 724
1445 1493 1562 1462 1819 1828 1569 1822
966 1824 1837 805 1823 994 1829 1830
966 1829 1830 937 1824 1836 971 1823
1596 1534 1471 1585 1461 1176 1286 1590
1287 925 1597 1535 1816 1460 1587 1206
1591 928 743 1012 1014 976 424 1013
1161 1558 1817 1592 1090 1845 1536 1094
1872 1323 1072 1434 1466 1680 1888 1432
1495 1682 1402 1645 1566 1334 1884 1077
1286 1534 1205 1596 1461 1585 1201 1548
1860 1710 1613 1161 1558 1536 1094 1517
855 1285 854 758 1847 1858 1370 1859
1177 1370 974 926 1858 1859 855 1846
1517 1426 1302 1598 1860 1349 1613 1621
1850 126 866 125 1853 1855 1854 845
865 1849 1853 125 844 1855 126 1851
844 913 55 125 865 1852 1856 750
0 592 1851 593 750 913 55 387
1855 126 1850 125 845 844 1849 1854
1849 126 866 1856 1855 1850 1853 845
866 126 1849 1856 845 1854 1853 1850
751 126 914 866 1855 592 56 845
595 1225 596 597 1766 594 1123 389
1620 1370 1859 723 1846 1847 1285 724
1847 1858 1846 974 1285 926 421 727
1613 1710 1302 1517 1598 1848 1426 1621
1662 1514 1487 1369 1626 1210 1880 1885
927 975 1846 758 1847 1370 855 854
1549 1707 1349 1523 1178 1526 1469 1653
1516 296 295 1132 939 294 297 425
1866 1109 1455 1568 801 995 223 806
1110 995 1456 1865 226 806 1570 1568
1202 1388 1252 1446 1392 1605 1381 1328
1318 1550 1345 1382 1676 1447 1203 1393
1500 1448 1433 1073 1457 1474 1677 1438
1441 1533 1273 1289 1295 1476 1076 1270
1274 1271 1531 1266 1074 1296 1290 1477
1481 1072 1787 1680 1842 1466 1669 1888
1679 1572 1431 1145 1467 1788 1484 1482
714 908 42 1275 1881 1545 923 1875
1881 908 42 1078 1275 714 1874 1637
1637 1075 1268 1532 1496 1078 1458 1450
1634 1451 1494 1079 1076 1533 1401 1270
1566 1495 1334 1271 1077 1402 1531 1635
758 853 723 854 1209 855 1368 1311
1885 1514 1210 1626 1861 1369 1662 1487
908 1874 1297 1291 714 42 1268 1275
1065 1032 1647 1636 918 49 909 43
1459 48 1565 1336 1681 1401 1644 1079
1843 1682 1334 1077 1566 1402 1645 1495
1210 1861 1369 1547 1833 1487 1499 1514
1794 1757 1799 1699 1735 1147 1594 1748
1811 1366 1212 1797 1703 1181 1718 1807
1872 1842 1072 1680 1432 1481 1669 1466