1 1431 3 4 1430 1424 1425 1426
0 2 3 1431 5 6 1430 11
0 1 3 13 5 11 16 12
0 1 2 4 5 12 1425 1431
0 1431 2 3 1424 1339 1425 1330
12 1 2 3 11 17 10 1431
104 1 1428 103 9 1429 7 1430
102 94 103 100 9 99 6 8
10 95 98 94 9 99 102 7
10 94 99 11 8 5 6 7
9 12 17 11 8 5 18 7
17 1 2 16 12 5 13 10
13 15 2 16 11 5 17 14
12 16 2 1328 14 5 15 11
13 15 1329 1327 16 1328 12 1323
20 14 1327 16 13 19 17 12
12 13 2 15 17 19 20 11
16 20 18 12 19 5 10 11
22 24 17 10 20 19 95 16
18 20 16 21 22 17 23 11
15 21 17 18 12 16 19 22
26 23 27 20 18 16 19 22
18 20 26 23 24 17 21 19
27 32 24 22 25 26 21 19
32 22 26 23 18 25 33 87
27 32 24 33 26 23 31 30
25 22 23 20 27 24 29 21
23 30 25 29 26 31 28 21
1289 1287 1288 27 1290 40 39 29
39 28 1289 21 30 25 26 27
39 37 25 31 26 38 27 29
33 27 34 32 25 37 36 30
33 31 25 34 86 24 27 23
34 30 25 31 32 24 35 85
32 33 70 31 84 35 37 36
70 33 38 47 71 34 77 36
37 38 70 43 47 34 35 31
42 36 38 39 40 31 27 30
44 47 42 36 37 43 39 30
40 41 30 29 37 38 42 44
1291 28 39 41 50 1286 1290 42
42 50 1291 39 44 1293 1286 40
37 44 43 40 41 50 38 39
42 45 44 36 48 46 38 47
45 38 46 50 41 42 51 43
52 44 46 49 50 43 51 42
49 47 43 51 45 44 38 48
43 36 46 71 38 48 35 70
47 70 71 43 49 67 68 46
48 46 67 52 45 59 61 62
1284 42 41 51 44 45 1286 1293
50 1284 52 53 44 1293 41 45
59 55 1284 51 53 54 45 58
56 54 1284 1294 51 55 52 1283
52 57 58 60 51 53 55 59
57 58 1277 1283 52 53 54 56
1282 53 55 57 1277 1283 1278 1279
1274 55 58 56 1276 1277 60 54
54 55 1274 59 60 52 1181 57
52 58 62 54 60 55 61 49
62 57 58 54 61 63 59 64
60 67 62 49 63 64 59 54
67 61 65 49 59 64 60 63
1173 60 1175 1178 59 61 62 64
62 63 60 65 66 67 1173 61
73 1168 68 66 64 67 1173 62
71 65 61 72 73 67 68 64
64 68 61 65 48 62 49 66
67 69 72 73 48 49 66 71
76 71 48 72 70 68 74 75
71 34 48 43 69 47 36 35
72 35 48 46 68 47 69 70
69 73 66 74 75 71 1167 68
65 74 68 72 66 1168 1167 69
68 75 69 1161 76 72 1167 73
77 74 69 78 79 71 76 72
74 78 80 75 77 69 84 70
83 78 84 85 75 35 76 80
83 69 75 77 82 80 79 76
78 1159 1161 83 80 1164 75 82
1158 83 82 78 1161 79 75 76
253 1157 1154 1158 80 83 1159 82
1158 79 1159 80 78 1157 83 81
84 78 80 76 81 79 77 82
86 83 34 78 76 33 85 77
86 84 77 33 87 34 32 89
84 24 87 89 85 33 88 32
85 90 95 86 88 89 24 32
94 95 24 93 91 18 86 87
247 246 86 248 90 91 85 87
91 247 246 92 86 87 88 89
89 90 92 95 93 87 96 88
91 96 98 95 97 90 93 94
95 88 96 99 8 94 91 92
9 93 95 96 8 99 88 7
94 91 18 92 8 87 88 93
94 97 93 99 100 91 92 98
243 98 92 99 100 242 91 96
96 92 100 101 8 97 99 102
102 98 93 100 8 94 96 7
97 96 98 102 8 101 99 7
108 102 103 100 107 98 104 7
100 101 98 99 8 103 6 7
104 105 101 1429 8 102 6 7
1428 103 105 107 106 1429 6 7
1429 106 108 103 104 107 1428 109
104 107 1428 108 105 114 115 109
1428 101 109 105 104 106 110 108
105 216 101 110 113 109 106 107
106 114 108 117 113 105 110 107
108 117 111 113 112 114 109 118
115 110 112 118 121 113 109 117
117 118 110 113 210 111 211 207
211 111 110 212 109 112 210 117
106 117 115 111 109 105 110 116
114 116 117 1418 111 1419 1420 106
117 1418 1419 1415 115 119 1416 1417
112 116 118 110 114 111 109 115
112 120 111 121 119 110 117 116
118 122 120 1417 121 1418 117 116
119 123 122 133 121 118 124 137
119 123 118 122 111 120 207 1418
126 123 121 1417 119 124 1418 120
135 122 125 126 120 121 124 133
126 122 1417 120 128 123 125 133
126 132 129 133 127 123 124 128
122 1403 1404 124 1417 125 127 128
1402 126 1392 1403 129 1393 128 1394
1403 1393 129 124 130 125 126 127
131 132 128 1391 130 125 126 127
131 132 128 1391 125 129 1390 127
134 125 1391 132 130 128 129 133
134 129 133 125 131 135 141 123
128 132 124 125 120 134 123 135
141 143 132 123 136 133 131 135
140 141 123 134 132 133 136 125
140 138 137 139 141 135 207 123
139 120 207 138 208 135 121 136
136 137 206 207 208 209 139 140
140 137 136 208 143 135 141 138
138 142 136 143 135 139 134 141
134 140 132 135 136 143 139 142
143 134 140 135 144 139 132 141
140 142 135 141 136 134 138 139
143 142 145 146 147 160 161 148
143 160 146 147 144 140 148 149
148 150 149 145 140 144 147 159
144 145 146 148 159 160 149 158
146 149 147 144 150 145 139 151
147 148 150 209 152 145 146 151
209 204 146 205 148 149 151 152
153 205 152 209 149 150 203 204
204 151 153 205 201 209 203 150
204 198 199 201 154 151 203 152
197 199 156 153 155 201 198 157
156 154 198 197 153 157 158 151
155 157 172 154 158 150 198 159
159 154 147 149 160 156 158 155
160 161 148 157 159 147 156 155
158 147 161 162 146 156 157 160
147 158 145 159 163 146 161 157
158 145 159 147 163 144 165 160
165 163 168 166 169 171 167 164
164 168 160 165 167 162 169 166
165 162 163 168 167 166 367 169
164 160 167 166 161 162 168 163
168 167 164 162 169 170 165 163
164 162 165 168 169 170 166 163
171 172 162 167 163 169 166 170
171 162 170 166 173 167 172 168
167 168 171 175 162 169 173 172
169 170 167 168 173 162 174 172
171 168 173 174 175 176 169 170
169 170 172 175 177 174 171 168
196 171 173 177 172 175 176 195
170 174 177 176 195 171 172 173
196 174 197 177 194 195 175 172
193 174 196 175 172 176 173 195
365 363 364 366 370 371 179 180
363 365 371 362 180 181 364 178
179 363 361 362 182 364 181 178
361 182 362 344 183 179 363 180
344 181 361 184 343 180 183 362
184 343 182 339 181 344 342 361
182 342 343 344 338 183 339 341
187 189 188 272 186 192 190 191
189 268 271 188 185 187 272 267
272 268 186 191 185 273 267 188
268 191 192 185 189 186 267 187
190 191 185 186 194 192 193 188
185 193 188 194 189 191 192 195
188 185 192 187 186 190 193 189
194 191 189 188 190 196 195 193
192 196 177 194 189 195 190 191
193 196 176 195 189 190 197 192
176 190 196 197 193 177 194 175
195 193 177 192 174 194 197 176
196 194 198 177 195 176 192 174
154 201 153 197 199 155 196 200
200 197 230 153 201 154 198 229
201 198 227 230 228 199 229 231
202 204 199 228 153 203 198 152
203 228 218 225 224 201 204 153
213 201 152 202 153 204 225 228
152 202 201 203 151 205 213 153
212 206 209 213 210 208 152 211
207 208 209 212 137 138 205 210
138 206 121 208 139 136 118 137
210 137 205 206 138 209 207 139
206 210 205 207 138 151 152 208
208 209 112 211 205 206 212 214
210 214 110 112 212 216 113 206
210 206 211 213 214 205 215 113
215 218 202 212 205 210 214 203
213 215 210 216 211 217 212 205
216 213 217 219 211 218 212 214
215 214 211 212 217 113 108 213
216 221 213 218 214 219 215 220
215 220 222 225 219 202 217 213
222 215 216 217 101 220 218 221
223 222 217 221 218 224 215 219
219 220 243 218 244 222 97 217
221 223 244 224 218 219 235 220
235 225 222 226 234 237 228 224
226 202 227 228 235 220 223 225
224 228 218 229 202 223 220 203
234 235 232 224 227 236 228 223
224 228 230 229 231 226 232 223
227 224 229 225 226 201 230 202
200 228 230 231 225 202 199 227
228 232 199 200 201 229 231 227
226 230 232 200 227 233 228 229
231 233 234 227 265 226 229 230
265 231 234 264 267 236 227 232
226 236 237 238 224 233 223 235
226 234 236 239 237 224 223 238
259 234 265 226 235 237 238 239
238 223 234 239 235 236 240 244
264 234 239 240 258 236 237 259
238 240 245 259 237 241 235 236
238 244 245 241 236 242 239 237
251 249 246 240 239 244 242 245
245 240 241 243 246 249 97 244
242 221 240 241 244 245 222 97
243 222 242 245 237 240 235 241
243 239 240 241 244 242 249 237
248 241 89 90 249 91 242 247
89 91 246 82 248 90 86 251
251 89 252 247 91 90 249 246
252 248 250 245 246 240 251 241
252 253 241 254 249 257 256 251
246 250 252 253 254 248 249 241
253 251 248 250 246 81 249 254
250 248 81 251 1154 252 1158 254
256 257 250 251 258 255 249 252
1020 1008 256 257 250 1009 1007 254
258 255 261 260 257 1007 254 250
260 250 256 258 259 254 261 255
238 261 250 254 256 239 257 259
262 258 236 240 238 257 239 237
263 1007 261 258 259 262 256 257
263 264 259 266 257 258 260 262
264 265 266 259 263 261 238 260
276 262 270 266 264 269 260 261
261 263 238 262 266 270 233 265
233 266 264 262 236 269 232 234
263 270 264 265 275 262 269 233
269 270 271 186 268 272 232 233
269 271 188 272 273 267 186 187
266 270 265 271 273 267 275 268
276 267 271 263 274 269 275 266
273 274 267 269 272 268 275 270
271 273 187 185 268 274 267 186
274 187 269 275 268 271 272 277
277 273 276 275 270 271 279 272
271 277 273 266 274 276 269 270
274 263 275 270 271 277 278 279
281 276 274 278 275 279 273 270
281 270 263 275 277 280 276 279
278 276 280 274 275 270 281 277
278 1006 276 279 282 283 281 277
283 278 279 280 276 282 277 1006
1002 283 1006 285 284 281 1003 280
285 1000 1006 1002 281 284 1003 282
1004 283 1000 282 1002 1003 285 1006
284 283 1001 1002 1003 282 999 1000
334 330 287 331 333 332 288 329
288 333 331 332 289 283 286 290
297 332 287 291 285 286 290 289
292 288 287 296 290 998 291 297
295 297 289 291 998 296 288 292
290 998 293 296 289 297 295 292
295 998 290 297 291 294 296 293
294 295 998 290 291 292 296 993
295 925 928 922 293 296 926 292
299 293 294 296 297 292 298 291
298 291 295 299 300 297 290 292
296 291 298 295 290 299 300 289
291 295 300 297 299 918 296 290
295 297 296 298 300 917 919 918
297 298 299 295 296 919 917 918
302 303 309 306 308 313 307 305
303 304 309 307 308 305 306 301
305 302 307 306 308 301 304 325
305 306 302 325 326 324 303 320
320 306 303 325 307 326 304 319
307 305 302 304 326 308 303 301
309 305 304 302 306 303 301 308
309 304 332 301 302 306 307 303
307 302 310 917 301 303 306 308
783 311 314 315 313 911 312 309
910 912 783 787 310 911 313 312
783 911 313 787 310 314 419 311
314 310 316 312 301 311 315 309
313 310 312 307 315 316 317 417
314 316 317 310 318 313 303 417
314 319 315 416 317 417 415 318
414 415 319 318 416 417 315 316
416 316 411 317 412 414 319 415
320 321 318 325 324 305 322 317
319 322 324 323 321 326 305 325
323 325 346 319 324 320 347 322
321 348 347 323 320 346 345 319
321 346 326 320 322 345 324 325
325 321 304 319 326 320 346 323
303 321 319 324 304 320 326 305
324 306 304 320 325 305 321 323
341 336 338 329 340 335 337 328
330 336 329 340 333 334 327 335
334 330 335 331 286 328 333 327
334 335 328 332 286 329 333 331
334 329 302 287 330 332 333 286
287 330 308 333 286 329 288 331
286 334 331 329 332 330 335 328
336 331 335 329 286 333 328 330
329 336 333 337 328 334 327 330
327 328 335 337 338 334 329 340
339 336 340 338 341 327 328 335
340 337 341 342 339 184 336 327
341 338 340 342 337 343 183 184
342 327 328 336 339 337 341 338
343 340 342 337 338 336 339 327
343 344 339 183 340 184 338 341
341 339 183 344 184 342 361 182
183 362 361 184 181 342 182 343
323 322 359 346 360 347 348 350
321 345 359 322 348 323 324 347
321 348 359 350 345 322 323 346
349 359 350 352 345 322 360 347
352 360 351 406 348 350 347 359
358 351 360 347 348 349 352 359
404 348 349 353 350 357 358 352
358 351 357 353 360 350 356 349
354 358 351 356 385 352 350 357
352 358 353 356 355 384 385 357
356 384 385 383 353 357 386 354
352 354 385 386 355 353 357 358
358 360 355 354 351 353 352 356
350 351 352 353 354 357 359 360
347 358 348 350 345 360 346 349
350 348 352 357 358 345 349 359
343 182 363 181 344 183 362 180
364 183 180 344 181 361 182 363
181 362 179 365 364 361 180 182
180 363 178 365 181 366 362 179
179 364 372 370 366 371 178 363
373 178 364 365 370 372 179 371
368 374 166 373 369 164 375 370
375 373 374 371 367 369 372 370
367 368 370 373 371 372 374 366
178 365 368 371 369 372 366 373
369 366 370 364 178 372 365 179
373 365 369 370 366 371 374 178
375 368 370 369 371 374 372 366
368 372 366 370 367 375 369 373
369 372 374 376 367 373 378 368
382 381 374 375 378 379 377 380
388 379 376 381 382 380 389 378
382 380 388 376 377 383 381 379
378 382 380 383 381 376 388 387
381 377 382 388 376 378 379 387
380 382 388 376 387 378 379 377
384 388 381 378 379 386 383 387
355 388 379 386 381 387 382 384
354 385 355 382 386 356 387 383
387 356 384 353 354 355 357 386
385 383 387 388 355 384 356 354
388 385 386 383 384 381 382 379
383 387 379 384 386 381 380 382
381 392 380 465 466 391 390 377
391 466 393 377 380 381 392 389
395 392 388 393 389 394 381 390
393 391 395 396 389 390 388 394
394 395 398 396 397 391 392 390
395 449 398 392 391 396 393 397
392 393 397 394 398 396 399 400
393 395 397 450 394 400 392 398
398 402 395 400 399 401 396 393
393 396 394 401 397 400 399 395
397 398 400 401 402 395 404 403
402 396 401 397 399 395 403 398
402 403 399 405 400 397 398 404
406 404 398 399 400 401 403 397
406 408 399 400 401 404 402 405
406 401 402 403 399 407 405 351
408 410 401 403 406 402 404 407
405 407 349 402 408 403 404 409
410 408 411 404 403 405 409 406
407 412 405 409 410 403 404 406
406 415 410 407 411 405 412 408
414 411 407 412 408 405 406 409
407 410 414 415 318 412 413 409
408 414 410 411 413 415 416 409
412 429 410 414 415 411 416 428
416 411 412 317 415 318 413 410
414 317 409 416 411 412 413 318
412 316 317 414 415 411 318 413
315 419 316 420 318 317 418 416
419 423 420 421 417 784 424 422
422 783 784 418 420 417 785 421
417 418 784 419 421 422 423 424
420 422 418 419 423 781 785 784
419 784 418 421 423 424 785 420
427 425 421 424 422 428 420 418
420 423 425 427 422 428 429 426
428 426 427 571 573 570 424 431
429 431 425 430 427 424 433 428
424 431 426 429 428 423 571 425
423 424 427 425 413 430 429 426
432 431 427 428 430 413 424 426
428 434 426 427 429 433 432 431
429 432 436 427 428 433 430 426
436 430 426 431 434 435 433 429
434 430 566 431 426 432 436 429
433 430 431 432 444 435 442 436
436 445 433 432 444 442 443 434
434 442 435 431 432 433 437 438
563 436 560 565 561 566 562 555
444 443 559 440 441 439 560 442
441 438 560 558 488 559 443 440
446 438 447 452 456 439 443 441
442 447 560 443 438 439 558 440
435 441 436 443 438 444 445 447
446 442 445 438 447 440 441 444
435 438 434 442 445 446 443 441
447 435 441 442 443 451 444 446
451 443 440 452 445 444 453 447
440 441 442 445 443 446 451 452
449 455 457 453 451 454 450 458
394 454 396 450 448 451 457 453
453 454 451 452 398 448 396 449
450 448 445 446 447 452 453 454
451 453 440 454 446 443 456 447
457 448 456 451 449 452 450 454
457 452 450 453 455 456 448 451
454 457 468 480 456 448 481 458
453 454 440 457 481 482 452 455
453 456 448 452 455 454 449 458
457 448 464 468 459 456 454 455
467 468 463 457 458 460 464 476
476 464 461 459 469 463 462 468
471 472 476 469 470 463 462 460
471 459 464 460 461 468 463 469
466 460 461 462 467 464 465 459
458 463 459 462 460 466 467 468
464 467 466 390 389 462 459 463
463 464 467 458 390 459 465 460
460 462 466 463 464 458 459 465
458 459 476 455 464 460 469 475
475 461 470 468 471 476 462 460
461 474 476 469 473 471 472 475
469 470 461 472 473 462 475 474
475 474 469 471 461 470 503 473
478 470 474 475 471 469 472 476
478 472 476 477 475 479 473 470
474 473 469 478 476 477 470 468
469 470 468 477 474 459 460 475
475 476 478 479 480 470 482 474
480 479 483 475 484 473 474 477
483 484 474 478 485 480 477 482
479 477 481 482 475 455 478 483
480 482 483 454 487 455 479 456
480 483 481 487 477 485 486 479
487 486 479 484 480 493 482 485
480 493 494 498 478 483 479 485
498 490 479 492 493 486 484 483
485 488 493 489 482 487 483 490
480 481 482 483 486 488 489 493
489 558 486 490 487 557 439 440
557 493 487 486 488 558 483 490
486 493 557 492 491 488 489 485
532 492 534 489 493 535 537 490
485 497 491 534 535 486 493 490
486 492 489 490 484 485 483 491
495 496 497 522 515 499 498 484
499 500 501 496 514 512 515 494
497 521 514 494 499 495 522 515
498 533 534 496 521 492 494 522
485 479 492 496 497 494 484 499
494 495 496 497 502 501 500 498
512 509 502 501 505 495 514 499
495 494 500 504 505 512 502 499
505 500 501 499 509 506 503 504
506 502 473 505 504 500 501 472
509 508 501 503 505 502 500 506
508 502 509 504 500 512 501 506
508 502 504 500 505 503 509 507
505 506 512 503 504 509 502 508
506 512 504 502 511 505 509 507
500 505 511 508 512 514 502 506
514 516 512 517 513 518 511 509
514 509 512 500 516 517 510 513
505 513 509 495 514 511 501 500
515 516 510 514 512 511 517 518
511 515 500 496 512 513 516 495
513 514 516 520 495 521 496 522
520 515 517 521 518 513 514 519
518 519 514 516 513 510 511 515
520 519 527 510 516 515 517 513
524 516 518 520 527 517 528 521
521 524 527 523 519 515 518 516
516 515 523 496 520 524 533 522
533 515 497 534 521 496 523 494
532 524 525 526 520 521 522 533
523 519 520 525 528 526 527 521
533 530 524 536 526 531 532 523
531 529 524 525 527 528 530 523
524 518 526 520 528 523 519 529
524 525 526 530 529 527 519 542
528 526 541 531 542 530 543 527
541 542 528 525 526 531 540 529
532 530 536 539 540 541 525 526
523 535 525 536 531 533 534 537
497 522 523 532 534 535 525 521
522 492 533 497 535 491 494 532
532 536 533 534 537 491 492 497
535 539 532 540 525 537 538 531
552 491 535 536 534 538 532 539
546 537 551 539 550 552 536 540
537 540 536 546 531 550 545 538
544 530 539 536 541 531 545 546
531 540 542 543 544 530 529 545
529 544 543 607 540 541 530 528
606 542 607 545 544 530 529 541
545 607 547 540 541 543 542 530
543 540 544 531 541 546 547 539
539 550 540 545 544 547 538 549
546 549 544 607 545 540 608 609
550 612 546 610 547 549 551 611
550 611 551 538 546 547 548 539
552 545 549 537 538 539 551 546
549 552 538 553 546 554 555 550
550 551 553 539 491 537 554 538
554 555 490 551 556 557 538 552
555 556 561 563 552 550 553 551
556 563 551 559 553 561 562 554
555 557 553 558 554 561 559 552
553 488 558 559 489 556 490 486
560 488 556 439 557 489 559 487
555 556 560 561 439 557 488 558
561 558 559 438 437 439 441 442
555 437 563 559 560 556 562 554
559 555 564 565 437 561 566 563
561 437 562 555 554 556 564 565
555 567 568 563 566 562 565 569
567 561 437 562 568 563 564 566
565 437 567 563 433 562 564 436
566 570 564 565 568 569 573 562
570 572 565 569 563 566 564 567
570 574 571 567 572 573 564 568
569 571 565 572 573 567 568 575
573 575 426 569 425 427 570 572
571 569 574 577 573 575 570 568
575 569 570 567 571 425 572 574
572 569 573 575 576 579 571 577
574 577 571 572 573 578 576 570
579 580 572 573 574 577 578 575
581 579 572 574 576 573 578 575
583 576 577 581 579 580 575 582
577 574 578 581 580 575 582 576
583 576 581 582 577 578 579 584
576 578 584 580 583 577 579 582
578 584 579 581 585 580 586 583
586 579 584 578 580 582 581 585
779 778 580 582 583 581 585 586
584 582 778 587 777 586 779 583
582 587 778 588 589 584 583 585
778 649 774 776 586 777 588 585
631 589 648 649 586 635 625 587
586 591 623 617 590 593 624 625
593 594 591 589 617 623 624 592
617 615 593 594 618 590 592 623
591 613 593 614 595 615 590 594
591 589 592 594 614 617 615 590
595 592 593 614 615 616 617 591
616 600 597 599 614 594 615 596
604 595 600 609 597 613 603 598
596 598 615 616 599 595 600 619
600 596 601 602 597 619 599 603
595 598 600 616 601 619 620 597
601 604 597 603 598 595 599 596
599 605 600 602 603 604 598 606
598 608 605 609 606 607 601 603
609 598 600 604 605 601 596 602
600 605 609 595 610 603 596 601
606 608 600 609 603 601 604 602
601 608 605 602 543 547 607 544
543 606 544 602 542 608 547 605
605 544 606 607 602 603 609 547
603 605 608 610 604 602 596 547
609 611 612 548 604 603 605 596
613 549 604 547 609 610 548 612
596 609 548 610 611 613 604 614
614 595 596 612 594 592 610 611
593 594 613 595 591 612 592 596
591 597 618 594 596 595 616 617
615 619 617 618 595 599 597 620
591 616 594 618 622 623 595 615
619 616 622 623 617 615 620 621
598 618 599 597 615 616 620 621
618 622 616 617 628 619 599 621
620 622 623 626 628 629 618 619
623 624 626 620 628 621 617 618
626 617 591 618 590 621 622 624
625 589 617 626 627 622 623 628
623 589 626 627 628 624 629 622
627 621 629 628 623 624 625 622
622 625 626 630 623 624 628 629
627 620 629 622 630 626 624 621
625 630 622 628 624 626 627 621
626 632 633 631 625 629 627 628
632 633 635 636 634 638 637 588
635 634 638 630 631 636 633 637
637 630 632 631 634 638 639 635
631 635 636 639 637 633 638 632
642 637 649 638 631 632 634 636
641 642 645 644 635 634 631 637
640 639 634 638 641 636 642 635
634 640 631 635 632 637 639 633
641 636 638 640 637 633 634 660
639 638 641 637 660 642 661 643
639 660 637 643 636 642 640 644
635 636 640 644 637 645 643 641
642 651 641 659 640 661 660 644
659 645 651 646 642 655 643 641
644 647 642 648 646 643 636 641
644 653 645 647 648 650 652 651
642 652 644 649 646 645 648 650
649 635 650 645 646 636 647 642
635 647 588 648 650 631 645 636
773 648 649 776 646 771 647 645
655 662 644 656 659 661 643 642
645 651 655 654 644 653 646 647
646 654 651 656 652 761 655 644
762 655 666 656 763 652 761 653
651 644 656 653 658 657 659 662
651 662 655 657 663 665 654 666
658 662 656 666 664 655 663 665
662 659 661 655 657 663 660 664
661 662 651 658 660 644 643 655
640 658 644 641 659 639 661 643
659 660 651 643 658 640 662 663
655 656 651 658 659 661 657 663
661 658 664 665 659 656 657 662
656 658 667 662 665 663 657 666
662 667 657 666 656 663 664 658
668 657 664 655 761 665 654 656
690 669 688 670 664 689 665 668
667 669 672 688 666 665 670 671
688 667 670 691 689 690 668 692
668 673 687 688 667 671 669 689
670 674 679 686 675 687 688 673
761 762 759 671 668 673 674 760
672 671 674 679 762 670 675 676
686 676 678 675 671 679 685 673
671 678 677 680 674 673 679 676
746 674 747 675 678 748 760 677
746 747 678 738 745 675 676 680
675 674 682 676 677 685 680 679
674 671 685 680 686 697 678 675
685 679 681 737 675 677 678 682
685 683 697 698 679 680 682 684
681 685 734 683 737 678 684 680
707 682 684 700 720 685 681 721
685 696 700 697 681 686 698 683
686 679 682 678 697 684 680 681
696 685 674 687 679 671 697 688
695 688 671 689 686 696 692 697
686 670 687 689 692 669 674 671
690 692 669 688 670 691 687 693
667 669 670 693 692 689 691 668
693 692 690 694 689 667 669 688
688 695 691 696 693 687 689 694
695 702 692 690 691 689 687 694
696 691 692 693 695 699 702 703
694 692 687 696 699 702 698 693
692 687 697 686 698 699 684 695
696 684 679 685 686 681 687 698
695 701 696 697 684 687 699 700
698 702 700 695 701 703 694 696
701 698 699 706 684 705 707 696
703 699 704 705 706 702 698 700
694 698 701 695 703 704 693 699
700 704 702 694 701 705 710 699
701 702 706 703 709 710 711 705
701 709 710 700 706 704 708 703
700 705 719 701 707 704 708 709
708 683 721 706 719 720 684 700
709 705 719 706 712 707 710 713
704 713 710 705 708 706 711 712
712 703 709 706 708 705 711 704
709 713 704 708 712 714 705 710
714 708 705 709 713 704 711 710
714 706 718 711 708 709 712 719
708 713 716 712 717 718 711 709
708 712 713 716 714 711 718 717
715 718 721 713 717 723 714 722
713 708 716 718 714 720 721 719
721 713 714 708 717 716 720 719
713 706 707 708 718 709 720 721
718 719 706 721 681 735 707 683
708 718 719 683 720 717 713 707
729 727 723 730 717 726 725 724
730 716 717 727 722 724 725 726
727 729 836 835 725 723 726 722
727 726 722 723 731 729 724 730
722 730 731 725 727 729 723 724
733 731 723 722 729 725 730 726
742 824 732 825 733 740 731 729
727 730 733 731 728 726 732 725
727 731 722 733 735 736 729 726
733 735 726 729 730 736 732 728
742 731 733 736 734 739 740 728
731 736 732 729 735 727 734 730
733 735 736 682 683 732 737 739
733 734 730 736 737 731 727 720
735 732 737 734 739 740 731 733
739 682 680 734 735 736 738 677
737 677 747 680 739 740 741 745
734 736 732 741 737 738 740 733
737 738 731 736 739 741 742 732
740 738 744 745 732 747 739 742
743 824 732 740 739 728 822 741
822 821 823 742 740 824 744 741
748 741 749 747 742 819 740 745
738 746 741 749 747 677 744 748
750 747 748 749 676 675 677 745
746 677 741 738 676 748 744 745
749 750 746 744 747 741 676 745
818 745 751 744 748 750 746 747
752 751 749 745 746 757 758 748
750 813 749 757 752 814 748 758
756 757 751 748 753 758 760 750
759 760 763 756 752 754 757 758
763 758 756 759 753 757 764 755
767 756 764 766 765 757 753 754
763 752 754 753 755 764 757 765
755 750 751 752 754 753 756 758
757 753 760 759 754 750 746 752
762 763 672 757 758 760 753 754
672 752 758 759 763 676 753 675
762 653 672 654 763 759 666 656
668 672 759 760 654 666 761 673
753 760 761 764 754 759 755 756
753 763 755 756 754 765 766 769
769 767 770 756 755 764 804 766
767 769 763 764 765 755 754 768
755 766 769 772 771 770 765 768
773 767 769 770 771 765 772 766
765 770 766 771 767 768 755 764
765 768 775 771 772 767 773 769
775 776 769 768 770 773 772 774
767 770 773 775 774 768 771 769
770 771 650 775 768 776 772 774
775 776 773 778 771 777 772 779
776 773 771 777 768 774 770 772
587 774 650 771 775 777 772 773
587 774 585 776 779 775 778 773
780 777 774 779 776 585 587 584
584 777 778 585 789 774 790 780
779 788 789 790 781 782 777 778
786 421 784 782 789 785 783 780
784 789 786 787 791 783 788 781
781 786 312 419 784 787 785 782
419 785 782 786 781 420 783 421
786 422 781 784 420 421 782 783
781 784 788 785 787 782 783 419
782 784 311 781 312 788 783 786
791 789 790 782 786 780 793 787
791 790 780 781 788 779 782 794
780 791 794 793 795 788 789 782
782 789 790 788 793 792 794 796
796 907 909 791 793 912 913 794
790 795 794 788 791 798 792 796
796 795 793 790 791 792 797 789
799 797 793 798 794 790 791 796
797 800 795 791 793 794 792 798
795 799 796 803 794 798 802 800
793 799 796 797 800 802 794 795
798 800 802 803 795 805 801 797
806 803 798 801 796 802 799 797
802 800 899 902 903 806 803 798
806 801 807 798 805 803 799 800
804 806 800 801 805 799 797 802
808 812 803 805 767 765 802 806
808 802 803 811 806 804 799 807
807 800 801 808 803 804 802 805
802 810 808 811 898 805 809 806
804 805 807 811 806 809 812 803
810 811 814 808 805 806 812 807
809 813 815 811 807 814 812 808
812 809 810 814 806 805 807 808
809 811 813 756 808 804 757 755
752 814 815 811 750 812 751 749
751 813 810 815 811 818 812 816
819 816 817 813 751 814 818 810
815 814 820 810 817 813 818 819
818 814 858 816 819 815 821 820
821 749 817 813 814 819 815 816
822 820 749 815 744 743 818 821
821 858 822 827 859 826 819 817
822 742 823 743 744 818 819 820
819 821 823 826 742 743 824 825
824 827 833 728 825 821 822 743
823 825 742 743 740 728 822 732
828 728 833 823 822 824 834 829
859 820 827 821 822 823 828 858
825 823 826 820 828 829 844 822
845 833 826 831 823 827 825 829
831 843 832 830 827 825 828 833
834 831 835 832 825 833 828 829
838 829 832 842 830 828 834 837
840 829 835 837 830 831 836 838
825 829 834 835 823 828 824 830
825 832 829 833 835 836 830 831
830 831 833 836 832 834 829 837
830 832 834 837 833 835 831 724
838 839 840 832 835 830 836 831
837 839 842 832 840 831 841 830
842 840 832 837 838 849 848 841
832 843 849 842 837 841 839 838
846 842 838 849 848 840 850 839
841 845 843 840 846 839 831 838
845 846 847 842 844 840 829 828
858 827 859 845 855 856 846 843
842 855 844 828 843 846 859 827
855 847 843 848 844 845 841 842
846 848 843 849 853 855 856 845
849 841 842 847 852 846 855 850
851 840 850 848 847 839 846 841
848 841 849 847 853 846 851 852
871 849 850 869 853 852 870 848
854 848 853 850 851 870 847 869
854 847 852 850 848 855 851 869
869 847 856 848 853 857 852 855
856 854 847 848 857 844 845 846
857 860 859 854 847 844 845 855
864 844 855 859 860 856 858 865
826 860 864 857 844 820 827 859
826 827 856 845 857 844 858 820
868 863 856 857 858 859 864 865
895 865 863 867 860 864 862 866
896 866 867 864 860 861 865 863
860 864 858 865 862 866 867 861
865 857 867 866 860 861 863 862
863 864 867 860 868 866 856 857
891 863 862 890 864 861 867 868
865 868 890 864 866 889 863 861
889 867 866 864 860 865 857 890
854 852 878 877 870 853 851 871
853 872 877 878 852 869 851 871
878 872 869 853 851 852 870 877
873 877 878 871 870 869 875 874
872 954 876 878 874 877 953 875
876 954 872 877 875 878 953 873
874 953 872 878 873 876 877 879
952 877 874 878 879 953 875 872
874 876 872 871 869 878 870 875
870 879 871 876 875 872 877 869
953 875 880 878 876 952 877 885
890 879 881 886 887 888 885 889
943 884 885 882 942 886 883 887
942 886 883 885 884 881 943 887
885 942 943 882 944 881 886 884
883 942 943 885 948 882 944 881
944 887 884 882 943 880 888 881
890 882 887 891 885 881 888 889
889 885 890 882 888 886 880 881
881 885 887 890 882 889 880 886
890 891 868 866 880 888 867 887
866 886 891 888 887 867 868 889
888 886 890 889 866 887 867 868
893 924 894 896 922 895 923 861
922 924 896 923 921 894 895 892
895 922 893 923 924 896 892 900
896 897 924 893 894 862 892 861
892 893 862 900 894 895 897 901
896 809 898 895 901 899 902 900
900 903 801 807 809 901 899 897
898 900 902 901 806 903 897 801
899 903 901 897 902 898 801 896
897 898 899 903 900 904 902 801
801 904 906 899 905 900 901 903
902 802 899 901 801 904 898 800
908 902 903 801 906 901 905 907
914 921 901 908 904 903 902 906
921 909 904 907 908 905 913 902
906 912 796 913 792 798 908 909
906 907 910 913 914 909 904 905
912 908 793 792 907 913 910 906
909 916 911 907 908 912 311 913
912 312 913 787 909 310 910 311
791 907 792 909 910 911 913 793
910 792 911 907 912 908 909 906
920 915 921 913 919 906 908 916
918 920 913 914 921 910 919 916
914 918 910 911 917 913 920 915
299 915 920 916 300 918 919 914
916 917 914 920 915 299 300 919
915 920 299 921 300 918 914 917
914 917 921 905 918 919 915 916
915 919 908 904 905 906 920 914
893 894 926 923 892 294 924 925
922 894 927 926 924 925 892 893
927 925 926 892 893 894 922 923
923 929 922 294 924 927 926 928
923 927 924 929 925 928 930 922
923 928 929 926 922 924 930 925
933 930 926 929 925 931 932 927
933 926 931 932 928 925 927 930
926 929 927 928 931 932 933 925
937 932 938 930 928 936 929 933
937 931 933 928 929 936 930 935
930 935 931 929 932 928 934 936
937 935 989 991 933 932 993 936
933 932 936 988 937 938 934 931
931 935 932 933 937 939 938 934
935 939 931 936 934 938 933 932
941 931 937 939 936 932 940 935
936 941 942 931 937 945 940 938
943 942 938 939 941 945 937 946
943 944 939 940 945 946 942 938
884 943 941 881 940 944 882 883
881 942 945 883 941 882 884 944
942 948 884 945 943 885 946 881
946 941 947 942 940 943 948 944
944 947 949 948 945 943 942 941
945 943 948 946 949 944 941 950
947 949 944 884 943 945 950 946
951 948 960 950 946 952 944 947
955 952 960 959 948 949 947 951
960 955 949 958 956 952 950 953
950 953 954 879 875 955 876 951
952 874 954 875 951 955 956 876
952 956 875 873 953 874 957 955
959 953 956 954 958 950 951 957
951 959 957 952 958 953 954 955
962 953 958 959 955 951 954 956
964 960 959 962 961 957 955 956
967 955 961 968 956 960 964 958
968 959 969 970 967 950 961 951
960 962 967 964 959 965 968 969
964 967 961 958 959 965 963 966
961 967 962 965 966 964 1082 1083
958 963 959 962 965 966 961 967
963 969 966 961 962 964 1082 967
1080 1083 963 1082 1078 964 967 965
1078 966 965 964 959 968 961 969
959 961 1077 960 969 970 971 967
970 1077 1078 961 967 968 1076 960
1077 961 1076 971 968 960 969 972
977 974 968 970 1077 972 973 960
970 973 975 1076 971 1077 976 974
977 972 978 970 971 974 975 976
973 975 977 1072 971 976 972 1077
976 1073 1076 974 973 971 1072 972
973 974 975 979 977 978 971 972
978 975 979 973 971 976 974 972
973 980 976 977 974 982 979 975
980 981 976 977 978 983 982 1047
1047 1049 979 983 1048 981 984 982
984 1047 982 985 979 980 983 978
1047 978 977 979 980 981 983 984
1048 981 979 980 1047 982 984 1046
982 1047 985 980 938 983 981 986
986 1047 983 981 987 937 988 984
936 988 984 989 1028 985 981 987
986 1027 988 1028 989 985 1044 1029
986 1028 989 1017 985 1027 935 987
986 1027 1017 1028 988 934 1024 987
995 1014 1015 991 994 992 996 1016
934 995 997 993 994 990 996 992
990 999 993 996 997 998 991 994
997 990 992 994 998 996 991 934
991 995 992 996 997 990 1001 993
1016 1001 1013 990 1014 997 994 996
999 990 1001 994 992 995 998 997
996 1001 999 994 992 998 1000 995
291 992 999 993 996 292 997 290
285 1000 992 1001 996 998 1002 997
997 1001 284 283 1002 999 1004 285
1004 994 996 999 1000 995 1002 997
1004 282 285 284 1000 1001 999 1003
1011 282 1005 1006 284 1008 1002 1004
1002 1003 1011 1005 1001 1006 284 995
1007 1008 1010 1003 1004 1011 1006 284
1005 1003 1007 1004 283 284 282 285
255 1005 1008 1006 260 1010 1009 1003
1005 1007 1010 1003 1009 1011 1012 1004
1011 1018 1019 1008 1020 1010 255 1012
1008 1009 1011 1013 1004 1005 1007 1012
1008 1005 1009 1010 1002 1012 1003 1004
1011 1009 1013 1014 1010 1015 1008 1018
1015 1016 995 1010 1012 1014 1017 1018
990 1012 1013 995 1015 1016 996 1011
1012 1023 1013 1016 1017 990 1018 1014
995 1015 1014 1013 1017 991 994 990
1024 1013 1014 1023 1015 989 1016 1018
1012 1019 1014 1022 1015 1009 1013 1023
1023 1021 1155 1022 1009 1020 1018 1012
1019 255 1009 1022 1021 1018 1010 1012
1155 1018 1019 1022 1023 1154 1020 1153
1023 1020 1019 1024 1013 1018 1015 1021
1019 1025 1027 1013 1022 1015 1018 1024
1026 1028 1022 1017 1023 1027 1033 1025
1031 1033 1029 1023 1030 1026 1024 1027
1028 1033 1029 1024 1036 1025 1027 1030
1029 1024 1030 1026 1028 1025 989 1023
987 1026 989 1024 1027 1036 1029 988
1026 1027 1028 1035 1025 1036 1044 1030
1029 1025 1026 1033 1036 1034 1031 1035
1033 1147 1150 1025 1034 1030 1032 1148
1151 1031 1152 1033 1153 1150 1034 1156
1032 1030 1024 1034 1031 1026 1025 1036
1147 1030 1033 1026 1031 1036 1035 1038
1034 1038 1147 1031 1040 1036 1029 1030
1038 1034 1026 1035 1030 1033 1037 1029
1043 1042 1038 1041 1039 1044 1045 1036
1034 1041 1040 1042 1035 1036 1039 1037
1055 1042 1044 1043 1041 1038 1040 1037
1055 1039 1056 1041 1035 1146 1147 1038
1058 1055 1040 1038 1056 1037 1042 1039
1039 1052 1037 1054 1055 1041 1043 1045
1037 1042 1045 1039 1052 1044 1046 1055
1043 1045 1046 987 1028 1029 1037 1039
1037 1046 1043 1047 1039 1044 1048 1042
1047 1045 1049 1043 1052 1048 1042 1044
1049 982 984 1046 1048 980 983 981
983 1047 1051 1050 1045 1043 1049 1046
1047 1051 1048 980 1050 1071 1046 983
1047 980 1048 1049 983 1051 1071 976
1049 1047 1053 1050 1046 1048 1052 1066
1042 1053 1054 1043 1055 1046 1059 1039
1062 1063 1052 1065 1066 1054 1059 1055
1052 1055 1042 1053 1058 1062 1059 1061
1056 1042 1052 1058 1041 1039 1059 1054
1041 1058 1039 1059 1060 1055 1057 1040
1058 1133 1041 1061 1139 1145 1060 1056
1055 1056 1054 1061 1057 1041 1059 1060
1062 1058 1053 1055 1060 1063 1054 1061
1056 1059 1061 1058 1133 1057 1063 1131
1059 1062 1063 1128 1060 1058 1131 1133
1066 1063 1061 1054 1064 1065 1053 1059
1129 1065 1059 1062 1061 1128 1064 1131
1062 1067 1129 1065 1061 1063 1127 1128
1063 1064 1067 1066 1068 1062 1053 1059
1062 1065 1053 1067 1068 1054 1064 1051
1062 1069 1065 1070 1064 1066 1063 1068
1069 1070 1053 1066 1051 1065 1067 1062
1098 1064 1065 1070 1067 1068 1066 1096
1066 1096 1068 1098 1065 1064 1067 1069
1051 980 975 1072 974 1049 976 1050
972 975 976 1074 1071 1075 1073 974
1076 1074 975 1072 1079 974 1075 972
1094 1072 975 1095 1073 1075 1076 1079
1078 1079 1080 1076 1077 1074 1072 1073
1073 1075 1077 1078 969 1079 975 972
1076 969 971 1078 972 970 1075 968
1075 967 1080 1076 966 969 1077 1079
1078 1080 1076 1082 1073 1077 1075 969
966 1081 1078 1082 967 1079 1075 1083
966 1082 1079 1083 1086 1084 1080 1085
1081 1079 966 1083 1084 967 1080 965
1080 1081 1082 965 963 1084 967 966
1085 1082 1083 1086 966 1091 1081 1080
1086 1093 1087 1090 1088 1084 1081 1091
1088 1089 1091 1081 1090 1087 1084 1085
1089 1091 1103 1085 1088 1086 1092 1090
1091 1089 1090 1092 1085 1093 1087 1086
1102 1103 1092 1090 1088 1091 1104 1101
1088 1092 1102 1085 1093 1091 1101 1089
1088 1085 1093 1086 1089 1094 1092 1090
1091 1090 1093 1102 1101 1088 1089 1094
1094 1095 1085 1101 1102 1091 1090 1092
1101 1091 1092 1097 1090 1093 1095 1096
1100 1093 1074 1097 1094 1098 1096 1101
1097 1074 1069 1094 1070 1098 1099 1095
1098 1099 1094 1092 1095 1096 1100 1101
1095 1099 1100 1096 1097 1069 1101 1094
1098 1115 1116 1069 1114 1096 1100 1097
1102 1099 1114 1097 1095 1098 1101 1096
1097 1102 1100 1092 1093 1090 1094 1095
1093 1100 1101 1103 1092 1089 1109 1090
1090 1089 1104 1108 1109 1088 1102 1092
1107 1103 1111 1089 1105 1106 1109 1108
1106 1110 1107 1109 1108 1089 1103 1104
1108 1104 1105 1109 1103 1089 1107 1087
1089 1087 1106 1103 1109 1105 1104 1108
1109 1102 1105 1106 1089 1107 1103 1104
1114 1102 1105 1103 1104 1108 1110 1111
1112 1113 1103 1114 1109 1111 1104 1116
1112 1114 1116 1104 1103 1109 1100 1110
1113 1117 1110 1111 1115 1109 1114 1116
1119 1112 1114 1116 1117 1115 1111 1110
1109 1116 1110 1112 1100 1115 1113 1111
1120 1098 1069 1116 1100 1117 1099 1113
1114 1117 1113 1115 1120 1111 1112 1099
1116 1113 1121 1118 1115 1120 1119 1112
1125 1124 1119 1197 1121 1122 1126 1120
1125 1126 1117 1121 1118 1115 1120 1113
1116 1117 1126 1127 1119 1121 1125 1115
1127 1126 1120 1118 1122 1119 1117 1125
1127 1124 1125 1123 1130 1132 1128 1121
1130 1136 1134 1124 1135 1125 1122 1132
1118 1130 1122 1136 1189 1190 1123 1125
1121 1130 1127 1123 1124 1122 1126 1118
1125 1127 1118 1129 1130 1120 1119 1121
1125 1122 1126 1128 1129 1130 1064 1121
1063 1061 1131 1127 1132 1064 1129 1130
1125 1064 1063 1065 1126 1127 1128 1130
1122 1129 1131 1127 1132 1125 1128 1123
1132 1133 1061 1128 1134 1060 1063 1130
1122 1128 1130 1131 1134 1123 1135 1133
1139 1131 1057 1060 1061 1132 1058 1134
1132 1123 1137 1133 1135 1131 1139 1136
1134 1136 1132 1137 1139 1123 1138 1133
1134 1124 1187 1189 1123 1132 1137 1135
1136 1138 1139 1140 1123 1134 1171 1135
1135 1141 1170 1139 1140 1171 1137 1172
1057 1135 1133 1137 1134 1138 1140 1132
1144 1169 1139 1137 1171 1141 1138 1134
1170 1142 1171 1169 1138 1144 1139 1140
1163 1141 1143 1166 1144 1169 1145 1165
1142 1146 1148 1149 1163 1144 1165 1145
1146 1165 1143 1140 1142 1169 1141 1145
1141 1143 1146 1057 1142 1144 1149 1163
1143 1149 1145 1035 1147 1056 1148 1040
1149 1143 1035 1031 1146 1034 1148 1030
1149 1143 1150 1162 1151 1147 1163 1160
1146 1147 1163 1148 1143 1145 1034 1151
1152 1156 1031 1160 1032 1148 1157 1151
1163 1032 1148 1150 1159 1152 1160 1162
1032 1156 1157 1150 1151 1159 1153 1160
1156 1152 1159 1157 1154 1021 1155 1032
1155 253 1158 1156 1157 1153 1021 81
1156 1157 1019 1022 1021 1020 1153 1154
1154 1031 1032 1150 1152 1155 1153 1157
1156 1160 1158 1159 1152 1153 1154 1155
1157 82 1159 80 81 1154 1160 79
1152 1157 1153 81 1151 79 1158 1160
1157 1162 1159 1148 1151 1152 1150 1156
1162 80 1164 79 74 1165 1160 1151
1165 1151 1160 1161 1163 1148 1143 1164
1148 1165 1151 1162 1149 1142 1143 1164
79 1162 1142 1163 1165 1161 1151 1166
1142 1166 1169 1162 1143 1163 1164 1144
1170 1164 1141 1165 1167 1142 1168 1169
74 75 73 72 1164 1166 1168 66
74 1165 1166 65 1167 1169 73 1170
1165 1170 1166 1141 1142 1171 1168 1144
1172 1166 1167 1168 1169 1138 1141 1171
1140 1141 1172 1169 1137 1138 1170 1144
1141 1138 1171 1173 1170 1174 1175 1176
1170 1172 1174 64 63 65 66 1175
1171 1175 1176 65 1172 63 1173 1170
1173 1176 1172 63 1177 64 1178 1174
1177 1178 1137 1173 1138 1174 1172 1175
1186 1187 1175 1180 1176 1188 1178 1179
1176 1186 1177 1180 1174 1179 63 1175
1178 1180 1185 1187 1186 1191 1184 1177
1186 1177 1183 1182 1178 1184 1179 1185
1184 58 1182 1273 1274 1275 57 1180
1183 1181 1275 1272 1184 1253 1273 1260
1253 1184 1272 1259 1182 1260 1264 1254
1179 1182 1253 1260 1183 1185 1180 1181
1191 1184 1179 1192 1253 1186 1180 1187
1178 1188 1187 1177 1191 1180 1179 1185
1186 1191 1177 1188 1185 1189 1190 1179
1190 1177 1189 1191 1186 1187 1193 1194
1123 1124 1188 1190 1191 1136 1187 1122
1191 1195 1188 1194 1187 1124 1189 1193
1188 1186 1193 1179 1190 1187 1185 1192
1252 1195 1255 1190 1194 1191 1185 1193
1194 1186 1195 1196 1188 1191 1192 1190
1195 1190 1196 1197 1198 1188 1124 1193
1191 1192 1193 1196 1194 1188 1197 1190
1200 1197 1194 1198 1193 1190 1199 1195
1198 1118 1195 1199 1196 1190 1193 1194
1203 1196 1200 1194 1201 1197 1199 1195
1196 1202 1198 1197 1204 1203 1200 1201
1202 1199 1204 1196 1197 1201 1203 1198
1199 1200 1202 1203 1204 1198 1206 1205
1206 1200 1201 1207 1204 1199 1205 1203
1198 1199 1201 1205 1206 1200 1202 1204
1205 1200 1201 1202 1207 1206 1203 1199
1208 1200 1203 1204 1201 1206 1207 1202
1202 1205 1208 1110 1203 1204 1201 1207
1206 1208 1201 1204 1205 1202 1209 1210
1209 1204 1205 1210 1206 1207 1214 1202
1212 1213 1206 1210 1214 1207 1205 1208
1209 1214 1207 1211 1205 1212 1213 1208
1216 1209 1212 1214 1210 1208 1215 1213
1210 1211 1216 1219 1215 1229 1213 1214
1212 1215 1227 1229 1219 1216 1214 1226
1230 1219 1213 1226 1228 1229 1227 1212
1219 1226 1218 1216 1217 1212 1213 1214
1215 1217 1218 1226 1214 1213 1220 1219
1216 1225 1218 1219 1226 1215 1220 1221
1227 1220 1221 1215 1216 1226 1219 1217
1218 1227 1216 1217 1225 1220 1226 1215
1217 1219 1225 1221 1226 1218 1224 1227
1217 1222 1224 1223 1220 1228 1226 1225
1231 1225 1226 1224 1223 1221 1228 1236
1237 1221 1239 1235 1238 1236 1222 1224
1239 1222 1226 1221 1225 1223 1220 1236
1219 1222 1220 1221 1224 1227 1228 1226
1217 1220 1225 1228 1219 1227 1221 1216
1225 1220 1226 1228 1229 1214 1230 1219
1225 1221 1222 1226 1227 1229 1230 1231
1231 1228 1219 1214 1226 1227 1230 1213
1231 1214 1227 1232 1228 1225 1229 1226
1225 1229 1233 1222 1227 1228 1230 1232
1228 1233 1236 1234 1235 1222 1230 1231
1234 1250 1237 1235 1236 1240 1231 1232
1250 1237 1247 1233 1248 1240 1249 1235
1237 1233 1232 1239 1234 1240 1248 1236
1225 1223 1235 1224 1237 1239 1232 1222
1240 1238 1235 1234 1222 1223 1236 1239
1239 1234 1223 1241 1242 1247 1240 1237
1237 1235 1223 1238 1236 1240 1241 1224
1241 1239 1237 1247 1238 1235 1248 1234
1246 1247 1239 1238 1245 1242 1248 1240
1244 1243 1241 1245 1238 1249 1247 1246
1257 1249 1244 1246 1258 1256 1242 1245
1242 1243 1261 1262 1245 1257 1263 1258
1244 1243 1258 1263 1246 1256 1242 1241
1245 1242 1243 1256 1247 1248 1249 1241
1242 1248 1240 1238 1241 1246 1249 1234
1234 1246 1247 1251 1240 1249 1241 1250
1248 1255 1243 1250 1246 1256 1247 1251
1251 1233 1247 1234 1255 1248 1249 1246
1252 1254 1248 1255 1249 1256 1246 1250
1254 1255 1192 1193 1256 1251 1185 1191
1260 1254 1182 1257 1183 1255 1184 1259
1259 1253 1255 1256 1183 1257 1258 1252
1256 1257 1253 1249 1250 1254 1251 1252
1251 1255 1257 1249 1243 1258 1254 1246
1243 1253 1254 1255 1256 1259 1261 1258
1256 1261 1257 1259 1243 1245 1244 1263
1264 1257 1258 1183 1260 1254 1261 1253
1264 1253 1261 1271 1272 1259 1182 1183
1258 1263 1259 1264 1244 1257 1260 1262
1266 1260 1265 1271 1263 1244 1264 1261
1259 1261 1262 1264 1244 1258 1245 1265
1271 1261 1262 1272 1260 1259 1263 1265
1270 1271 1263 1266 1264 1262 1272 1269
1270 1273 1265 1268 1271 1269 1262 1267
1273 1269 1277 1270 1276 1278 1266 1268
1267 1279 1266 1269 1277 1278 1280 1281
1278 1276 1270 1266 1265 1267 1281 1268
1269 1265 1267 1276 1271 1272 1273 1266
1265 1260 1266 1270 1262 1272 1264 1273
1182 1264 1273 1183 1275 1270 1271 1260
1182 1267 1274 1275 1270 1271 1272 1276
1181 57 58 1276 1277 1267 1273 1275
1276 1181 1272 1273 1182 1274 1183 57
1275 57 1270 1277 1278 1273 1274 1267
56 1276 1278 1267 1279 57 1274 55
56 1267 1279 1281 1276 1268 1269 1277
1277 1282 1268 1283 1278 56 1280 1281
1279 1295 1281 1282 1283 1296 1297 1268
1280 1278 1282 1268 1297 1279 56 1269
56 1295 1280 1279 1297 1281 1283 1294
1279 1284 1294 53 1282 55 56 1295
50 1293 51 53 1283 1294 1285 52
1292 1298 1293 1294 1301 1295 1284 1286
41 1285 1292 1293 40 1302 1291 50
1305 1304 1288 1290 1289 1308 1320 1321
1324 1320 1287 1289 1321 1322 28 1323
1290 1304 1287 28 1288 1321 29 1308
1304 1289 1291 1286 40 1302 1287 28
1302 1304 40 1290 1292 1293 1286 41
1286 1293 1301 1291 1298 1302 1285 1303
1292 51 50 1284 1285 1294 41 1286
1293 1282 1283 53 1284 1285 1295 1298
1282 1283 1297 1285 1298 1280 1294 1296
1280 1298 1299 1295 1297 1300 1285 1301
1296 1298 1299 1281 1294 1282 1295 1280
1294 1299 1292 1301 1295 1296 1297 1285
1303 1292 1307 1298 1296 1297 1300 1301
1305 1303 1301 1306 1302 1299 1296 1307
1302 1298 1303 1299 1296 1285 1300 1292
1286 1292 1301 1303 1304 1290 1305 1291
1299 1305 1300 1301 1302 1307 1304 1292
1308 1291 1290 1302 1303 1305 1289 1287
1302 1300 1303 1287 1304 1307 1308 1306
1307 1310 1308 1287 1309 1320 1300 1305
1306 1300 1305 1303 1308 1299 1309 1304
1305 1304 1306 1307 1309 1320 1321 1287
1310 1319 1318 1320 1321 1307 1306 1308
1322 1309 1320 1318 1306 1319 1317 1311
1325 1318 1319 1322 1317 1326 1310 1320
1326 1317 1328 1315 1311 1331 1313 1316
1312 1316 1333 1331 1314 1315 1317 1332
1336 1315 1333 1337 1334 1332 1316 1313
1331 1326 1313 1332 1314 1316 1312 1329
1313 1314 1311 1326 1317 1318 1315 1312
1318 1310 1326 1313 1312 1315 1311 1316
1316 1311 1319 1325 1310 1309 1326 1317
1309 1318 1320 1325 1310 1311 1321 1322
1309 1310 1287 1319 1321 1306 1322 1308
1288 1289 1308 1287 1322 1319 1324 1320
1288 1324 1319 1311 1325 1320 1321 1323
1288 1325 1327 1322 1328 1311 15 1324
1288 1322 1289 1319 1323 1325 1321 1327
1311 1327 1321 1322 1323 1319 1324 1326
1316 1319 1311 1315 1312 1325 1317 1318
1325 14 1323 1326 15 1328 1329 1324
14 13 1327 1329 1312 1330 1323 1331
1339 13 1328 1327 1330 1331 1315 14
1328 1332 1338 1329 1339 14 1337 1331
1328 1329 1330 1312 1315 1332 1313 1338
1337 1314 1338 1315 1333 1331 1334 1313
1314 1337 1334 1313 1335 1332 1336 1338
1340 1333 1350 1336 1351 1335 1338 1337
1352 1350 1353 1333 1336 1334 1354 1351
1334 1335 1340 1351 1337 1354 1314 1333
1340 1333 1336 1314 1334 1338 1332 1339
1331 1332 1337 1339 1333 1330 1340 1334
1340 1330 1338 1341 4 1332 1337 1329
1339 1341 1338 1337 1334 1351 1336 1350
1349 1340 1342 1350 1348 1343 1339 1351
1344 1341 1349 1422 1348 1423 1350 1343
1363 1346 1347 1348 1341 1342 1349 1344
1411 1366 1409 1410 1345 1363 1346 1343
1365 1346 1411 1408 1410 1364 1344 1366
1344 1366 1347 1348 1363 1343 1345 1364
1349 1352 1346 1362 1348 1363 1355 1343
1350 1347 1349 1346 1341 1352 1342 1343
1348 1352 1341 1350 1347 1351 1343 1355
1351 1341 1334 1348 1349 1352 1340 1338
1349 1335 1352 1336 1334 1350 1340 1354
1349 1354 1350 1355 1347 1351 1335 1353
1354 1356 1355 1347 1357 1352 1335 1362
1353 1335 1355 1352 1356 1351 1349 1336
1352 1362 1347 1353 1349 1354 1363 1356
1361 1362 1357 1353 1354 1363 1360 1355
1359 1361 1362 1353 1356 1360 1364 1358
1368 1360 1361 1367 1369 1364 1357 1359
1369 1371 1368 1360 1357 1358 1370 1374
1357 1361 1358 1359 1356 1369 1367 1370
1357 1360 1367 1356 1362 1358 1363 1364
1355 1353 1356 1347 1357 1361 1363 1364
1355 1362 1364 1361 1347 1366 1343 1346
1365 1358 1361 1346 1366 1367 1362 1363
1345 1367 1382 1346 1368 1381 1364 1366
1367 1344 1345 1363 1364 1365 1346 1361
1369 1364 1358 1381 1365 1361 1366 1368
1369 1365 1374 1380 1367 1358 1381 1383
1358 1359 1374 1368 1367 1370 1380 1360
1371 1374 1360 1359 1380 1368 1373 1369
1376 1373 1374 1372 1370 1359 1369 1375
1370 1376 1375 1371 1379 1373 1374 1378
1371 1375 1376 1380 1372 1369 1370 1374
1375 1368 1373 1371 1380 1359 1369 1370
1380 1372 1378 1374 1373 1376 1379 1383
1378 1372 1373 1379 1371 1380 1374 1375
1379 1384 1375 1372 1385 1376 1378 1386
1379 1376 1372 1385 1373 1375 1383 1377
1380 1376 1381 1383 1384 1373 1375 1378
1368 1379 1373 1369 1374 1375 1381 1383
1367 1383 1365 1368 1380 1366 1382 1369
1383 1368 1396 1345 1381 1397 1365 1398
1382 1379 1365 1375 1380 1381 1374 1368
1388 1389 1395 1385 1386 1396 1379 1397
1386 1396 1378 1389 1387 1388 1384 1379
1387 1384 1395 1385 1388 1392 1389 1390
1392 1391 1388 1394 1389 1390 1385 1386
1387 1396 1385 1389 1394 1386 1384 1395
1392 1388 1393 1386 1390 1387 1395 1394
130 1392 1387 1389 1391 1393 127 1386
130 129 1392 131 128 1390 1387 127
1390 127 1387 1394 1391 129 1393 1389
1392 127 1394 1389 1402 1403 1390 1400
1398 1393 1388 1395 1400 1389 1392 1402
1384 1398 1394 1396 1388 1400 1389 1397
1398 1382 1385 1383 1395 1388 1384 1397
1381 1395 1382 1384 1396 1398 1399 1400
1397 1401 1395 1399 1394 1382 1400 1396
1398 1401 1400 1410 1407 1395 1408 1397
1402 1398 1405 1393 1394 1399 1401 1395
1407 1408 1399 1400 1405 1398 1402 1406
1394 1403 1404 127 1400 1401 1405 1393
1393 126 1405 1417 1402 127 1404 128
1416 1417 126 1418 1402 1403 1405 1406
1407 1400 1401 1402 1416 1403 1404 1406
1407 1416 1414 1404 1401 1415 1419 1405
1399 1405 1414 1401 1408 1409 1406 1415
1411 1407 1414 1399 1409 1410 1401 1345
1408 1411 1414 1412 1344 1413 1407 1410
1399 1411 1397 1345 1344 1407 1408 1409
1344 1346 1345 1408 1409 1410 1412 1414
1411 1414 1409 1423 1413 1421 1422 1408
1420 1407 1412 1414 1421 1409 1415 1422
1415 1412 1413 1407 1408 1406 1420 1409
1419 1407 1413 1406 1414 1416 1420 116
1404 1405 1406 1417 116 1418 1419 1415
1404 126 122 124 1416 1403 119 1418
1416 1417 122 119 1404 116 1419 115
1420 1415 116 1406 115 1404 1416 1418
1414 1412 1413 1415 1406 1419 1421 115
1424 1427 1422 1423 1412 1420 1413 1414
1413 1427 1423 1424 1409 1425 1412 1421
1348 1421 1422 1424 1411 1343 1342 1412
0 1412 1425 1423 1426 1427 1421 1422
0 1426 1422 3 4 1424 1427 1431
0 1431 1421 1427 1428 1430 1424 1425
1425 1421 1426 1413 1424 1422 1431 1420
107 1426 1429 104 105 106 6 1430
104 1428 105 1430 103 1431 6 7
0 1 104 1426 1428 1429 6 1431
0 1 1425 3 1430 5 1426 1427