1 2 3 2140 2150 2147 2151 2139
0 2 3 2138 2149 2150 2137 2151
0 1 3 2150 2135 2137 2136 2138
0 1 2 2139 2137 2138 2140 2136
11 10 2138 2139 5 9 48 2136
10 9 11 2139 4 49 48 8
15 31 32 45 14 44 7 8
15 9 45 32 14 44 6 8
50 9 13 12 49 5 6 7
49 8 50 12 4 5 13 7
9 2134 12 2136 4 5 11 2123
9 8 10 12 4 5 13 2122
9 8 10 11 4 5 13 14
9 8 14 11 12 5 15 7
32 8 13 16 12 15 6 7
13 32 17 16 31 14 6 7
32 31 17 15 18 14 6 7
32 19 16 15 18 31 6 30
29 19 16 2115 17 31 32 30
30 18 16 2114 17 107 31 29
25 104 83 21 27 23 24 22
20 82 71 24 83 22 25 23
24 29 26 20 27 23 25 21
35 27 41 24 26 21 25 22
41 26 20 23 27 21 25 22
23 28 26 20 27 29 24 22
28 25 35 36 24 41 27 23
23 35 25 28 26 29 34 22
33 27 36 26 25 35 30 34
27 19 31 25 18 22 30 28
32 19 34 27 18 28 29 31
16 29 17 30 33 32 6 34
16 33 17 30 31 34 6 7
44 52 34 28 32 36 45 37
31 45 36 28 33 27 35 37
23 37 28 34 36 40 27 26
26 52 39 33 37 34 35 28
45 38 33 52 36 51 35 34
40 2145 39 37 52 36 2144 43
40 37 36 41 43 2144 61 38
41 43 38 61 35 42 39 63
63 26 67 39 68 43 40 42
65 64 67 61 43 41 40 63
42 40 61 62 41 67 39 63
49 50 46 33 51 45 52 7
50 37 34 51 33 44 6 52
2143 50 52 51 44 47 2141 49
46 2142 51 2140 49 50 2141 48
2140 2139 2141 49 4 5 50 47
44 2141 9 47 50 2139 46 48
45 8 51 46 44 48 47 49
50 37 44 52 46 2145 45 47
33 37 44 2144 51 36 45 46
2142 2146 56 54 2149 2148 2147 55
2143 2147 55 56 2146 57 53 2142
54 53 2142 2143 58 57 2146 56
54 53 58 57 2143 2142 59 55
55 2144 59 2145 60 56 54 58
55 59 62 56 2144 2145 60 57
61 58 43 60 57 38 62 64
61 58 43 63 62 59 64 42
63 42 65 40 64 43 62 60
42 65 64 61 43 63 60 59
64 67 62 42 66 43 61 65
62 63 42 43 66 61 60 65
42 64 67 68 66 69 63 61
67 42 68 64 65 70 69 63
42 41 43 70 65 68 66 63
69 42 41 65 70 67 63 66
68 67 84 66 65 71 70 63
71 84 65 21 66 67 69 68
83 69 81 82 72 21 73 70
74 83 85 80 82 81 73 71
82 81 74 75 78 80 72 71
76 79 73 75 78 81 72 80
76 79 73 81 78 80 74 77
75 79 93 98 78 80 74 77
75 79 92 93 94 98 97 76
98 76 81 75 73 74 80 79
77 98 97 75 80 93 76 78
79 76 73 75 82 74 81 78
78 80 73 83 72 74 71 82
81 74 72 83 71 80 73 21
20 72 71 82 80 81 73 21
70 69 72 86 71 66 87 85
73 69 86 72 88 71 84 87
87 85 88 72 73 74 84 89
90 88 86 74 73 84 85 89
75 76 87 91 85 89 90 86
86 76 87 91 90 88 77 75
93 88 89 76 87 91 77 92
93 89 88 76 92 90 77 94
97 91 77 93 96 94 90 76
96 92 94 98 97 79 77 76
95 92 93 98 97 96 76 77
116 94 92 96 115 93 98 97
77 95 94 93 79 92 98 97
77 95 94 93 79 96 76 98
77 97 96 93 79 94 76 78
101 102 112 113 114 111 110 100
102 113 112 111 109 99 110 101
102 112 100 103 110 109 99 111
103 109 105 100 101 108 104 110
108 106 109 105 104 102 110 101
102 107 108 20 109 103 105 106
104 103 109 102 106 270 107 108
271 103 105 108 104 272 107 109
19 108 105 104 271 103 106 272
104 110 102 105 103 109 101 106
111 110 102 100 105 108 103 101
100 109 111 112 102 101 108 99
109 110 101 99 102 113 112 100
100 265 99 101 110 113 114 111
101 114 99 111 115 112 100 116
97 112 113 115 99 116 100 122
114 97 99 122 123 96 113 116
115 123 95 118 114 121 113 122
95 131 116 123 121 119 120 118
117 131 132 120 119 121 123 116
132 117 123 118 120 121 116 131
131 122 121 123 118 127 119 132
126 131 118 120 122 116 119 123
121 115 125 114 116 123 120 124
115 116 120 122 125 121 119 118
282 281 126 284 127 122 283 125
283 282 124 284 127 285 126 281
124 283 127 284 285 128 282 125
128 125 284 286 129 283 126 285
285 287 288 286 127 129 130 126
285 286 130 287 288 128 127 132
134 287 138 128 288 135 129 286
121 119 132 128 133 123 120 118
119 133 129 128 131 121 120 118
119 129 131 156 130 132 120 134
137 130 139 247 288 138 135 136
137 134 139 138 130 136 247 246
246 140 130 137 135 138 134 139
248 247 139 136 135 246 138 134
249 139 247 134 135 288 246 137
246 134 138 247 135 136 248 137
144 141 146 137 143 142 145 136
146 145 242 142 140 143 144 243
141 143 140 144 243 241 242 145
244 241 243 144 141 242 240 142
241 143 146 141 242 233 142 145
144 140 146 141 233 142 242 218
145 217 142 141 233 140 218 144
167 148 157 166 150 165 156 149
149 164 166 150 159 165 167 147
164 147 165 163 159 150 166 148
162 158 148 149 163 164 165 159
150 159 152 160 153 158 155 154
159 153 160 155 150 151 158 154
159 157 151 155 152 158 150 154
155 151 156 157 153 149 150 152
150 148 153 149 157 156 152 154
136 147 155 154 157 149 148 133
147 148 155 133 156 154 153 149
150 159 160 162 161 163 164 149
165 149 163 150 160 158 164 162
162 158 150 152 163 161 159 151
175 162 163 160 159 176 158 174
174 158 164 159 161 175 160 163
165 174 150 161 162 159 164 158
166 163 159 148 150 149 165 162
166 150 164 163 149 148 167 159
150 169 148 165 167 149 147 164
166 165 168 169 149 147 148 164
185 186 170 187 169 188 167 171
184 186 168 170 171 188 187 185
169 188 168 189 185 172 171 184
172 169 170 184 185 188 173 189
174 170 181 173 176 184 171 183
182 175 181 174 172 177 171 176
161 173 177 178 162 176 172 175
174 181 178 162 176 177 161 173
174 180 172 175 181 173 178 177
182 180 181 179 173 176 178 174
182 181 176 175 174 177 180 179
175 180 173 181 176 178 182 177
181 183 179 173 178 177 182 176
177 176 180 183 182 172 173 184
181 189 184 180 183 179 173 177
182 180 172 184 185 188 181 189
188 171 185 189 170 181 172 183
187 189 170 184 188 171 169 183
215 185 169 187 168 188 170 189
188 186 184 189 168 185 170 169
186 184 170 171 185 187 189 183
181 171 183 184 182 188 187 185
198 197 194 193 195 196 192 191
180 193 192 195 197 196 190 194
180 194 195 179 196 193 191 190
196 190 191 195 201 198 192 194
191 193 197 192 195 196 198 190
197 198 200 199 190 191 196 194
197 199 193 194 198 195 190 200
213 198 199 194 190 200 196 195
190 196 197 212 200 199 194 195
212 198 197 196 200 215 213 195
212 199 195 214 197 196 198 213
194 204 206 205 196 203 202 193
194 193 206 203 207 205 201 204
205 201 204 207 196 202 194 206
202 194 201 207 196 203 206 205
201 206 204 207 202 203 208 196
203 204 209 208 198 201 207 205
208 203 205 204 200 206 209 198
212 206 207 209 205 210 200 214
208 212 211 214 207 210 200 206
206 212 215 208 209 211 207 214
208 214 210 209 222 1937 207 221
197 199 214 200 198 215 208 213
199 214 212 198 187 215 200 197
199 212 209 215 198 200 213 208
212 186 214 197 199 213 198 200
232 217 220 218 221 234 219 231
220 218 219 234 232 216 233 146
216 145 234 232 233 217 144 146
231 235 233 234 216 232 220 217
235 234 232 219 230 217 216 231
216 219 224 220 225 223 215 222
224 231 216 220 223 225 219 221
231 220 226 222 221 224 219 225
221 220 222 225 223 227 231 226
222 223 229 224 226 231 227 230
223 230 229 228 225 224 227 231
229 224 225 1978 1977 226 228 230
1995 238 237 231 230 236 227 229
238 220 235 231 236 230 228 237
238 231 237 228 236 220 235 229
219 236 235 220 230 232 229 234
218 233 217 234 235 219 216 220
232 146 218 145 144 235 217 234
236 233 235 217 218 232 220 231
234 220 232 236 230 231 237 233
238 237 231 235 230 228 229 234
236 240 235 230 229 238 228 231
236 228 239 230 1996 229 235 237
243 240 241 238 2006 244 245 242
243 241 239 244 242 143 237 245
144 243 239 143 244 240 242 245
241 145 243 143 142 240 233 144
245 142 240 244 242 143 241 239
245 239 143 243 142 240 242 241
240 243 244 143 2007 251 241 239
249 248 250 247 135 138 139 137
252 246 248 135 249 139 138 288
252 250 251 247 249 139 138 246
138 248 247 250 252 254 246 251
252 249 247 248 246 254 251 139
2020 252 248 246 245 253 249 250
249 250 247 246 248 251 254 253
2021 290 252 289 254 256 257 255
252 249 256 253 290 289 255 247
290 256 254 289 257 291 258 253
291 289 290 257 254 253 258 255
258 255 290 259 291 292 289 256
292 257 256 294 293 291 259 260
291 260 292 261 258 293 294 257
294 259 257 258 295 292 293 261
258 296 293 294 295 260 259 262
297 301 296 264 263 261 295 294
296 300 264 298 262 297 280 301
281 263 294 295 262 280 279 301
111 278 268 280 279 112 266 267
265 268 111 280 277 267 278 279
280 265 269 277 268 278 266 279
266 276 269 267 270 275 277 278
271 275 268 267 276 270 277 274
274 273 276 269 271 272 268 275
269 270 276 273 274 275 106 272
271 274 270 273 107 2114 275 269
276 307 271 275 272 274 306 270
272 273 307 269 270 271 275 276
269 277 271 272 270 273 276 274
278 270 275 268 271 269 274 277
278 276 279 268 275 267 269 270
276 268 265 277 267 279 266 280
268 278 267 280 277 264 265 266
264 266 277 278 267 263 279 265
284 264 295 282 283 280 124 125
126 284 283 125 285 294 124 281
282 281 125 126 124 284 285 127
126 283 127 125 286 282 124 285
126 287 283 128 127 284 125 286
127 288 287 129 128 284 285 130
127 285 130 288 129 289 286 128
286 287 247 138 135 128 129 130
253 290 256 254 291 257 255 287
256 289 292 291 257 255 253 254
289 256 290 292 293 258 255 257
258 257 290 291 259 294 260 293
295 292 258 291 294 260 261 259
293 260 261 258 292 259 295 282
294 259 262 264 281 293 260 261
297 298 302 300 263 262 261 301
296 262 300 299 301 298 263 302
303 302 301 299 300 297 296 263
309 308 297 302 298 300 301 303
302 308 297 298 299 263 296 301
298 264 297 299 296 263 262 300
308 299 304 301 297 300 303 298
308 302 305 304 309 298 307 299
310 303 307 305 306 302 309 308
304 308 309 310 303 302 307 306
307 310 274 305 309 308 304 273
310 308 305 303 309 306 274 304
307 304 309 302 303 305 299 300
307 305 299 308 302 303 304 306
303 304 2059 305 2060 307 309 306
317 325 313 314 315 316 312 340
333 313 311 325 315 314 317 316
312 311 315 314 317 333 316 325
311 313 316 315 325 312 333 317
326 333 314 325 332 316 313 317
317 312 314 313 311 315 324 325
314 315 326 313 312 316 325 311
319 2120 2123 329 320 2124 2122 2121
318 320 2122 2120 321 2123 2124 2121
321 2121 2122 319 2120 322 2119 318
2119 322 2117 323 2120 320 2118 319
320 323 2117 2116 2118 324 321 2119
324 322 2119 321 2117 2116 2118 2115
2117 322 2115 323 2118 2114 2116 316
313 315 314 316 333 317 327 326
327 333 317 332 325 315 314 328
332 330 329 333 331 328 326 325
2112 332 329 326 327 330 331 2113
330 331 2113 318 332 2112 327 328
2113 331 327 332 328 329 2112 334
329 330 328 2112 332 327 2113 333
315 333 330 326 331 329 328 327
331 327 314 332 317 325 315 326
2101 347 330 345 346 335 2100 336
347 337 2100 336 345 334 346 2101
345 335 347 346 338 334 344 337
343 344 342 338 335 336 339 345
341 336 342 337 344 340 343 339
340 337 338 342 341 343 344 2062
2062 342 343 2061 338 337 339 341
2061 343 338 342 339 340 2062 344
2062 344 337 339 340 338 343 341
338 339 345 344 341 340 337 342
338 336 345 343 347 339 337 342
346 335 347 343 334 336 337 344
334 335 354 2101 347 336 2100 345
2100 334 2101 335 346 344 336 345
2081 349 350 2079 2082 2080 2063 2064
2063 2080 2083 350 348 351 2082 2081
348 2081 2083 349 351 2082 352 2086
349 2086 2082 2083 353 352 350 2085
2086 2084 2085 354 353 2094 350 351
2085 2095 2084 352 2094 351 354 355
2095 2084 2085 2094 352 353 346 355
354 2095 2085 359 2094 2084 353 356
359 2096 362 355 2095 358 2097 357
362 2096 363 358 2097 356 359 2098
364 357 359 365 362 2097 363 356
2096 357 363 356 362 365 355 358
1780 2093 2092 365 362 1779 361 2091
1780 2093 1781 360 2092 1779 367 365
358 359 356 367 364 363 365 360
359 362 356 364 366 357 365 358
362 368 367 365 366 359 363 358
364 363 360 362 367 361 359 366
370 365 371 363 369 364 367 368
361 368 371 364 366 365 362 369
366 376 367 369 371 364 370 365
370 366 364 365 368 371 367 372
368 377 371 367 376 369 366 378
367 370 369 372 368 376 377 373
369 1768 1764 1765 373 1766 1763 371
1765 372 1767 377 1763 1764 371 1766
1749 1761 375 377 1762 1750 379 381
1762 1751 381 1750 383 1749 374 1761
379 377 381 368 378 380 370 371
373 379 381 371 370 376 378 374
374 380 383 377 376 379 382 381
380 378 382 376 381 377 374 383
381 379 382 376 378 383 387 386
383 378 380 382 379 374 386 375
383 386 381 387 379 378 380 388
375 389 381 387 386 379 380 382
389 385 1748 386 1747 1749 375 1746
403 393 402 1748 389 1747 391 384
388 384 387 383 382 391 381 389
382 386 381 383 388 380 389 390
391 389 387 390 382 383 392 386
386 384 390 383 387 385 391 388
393 388 392 389 387 405 386 391
385 390 392 388 386 403 393 389
406 407 391 393 405 390 404 388
403 392 390 405 402 404 391 401
417 397 415 396 1721 395 1722 412
1722 398 411 396 412 394 415 397
411 398 395 412 399 394 1723 397
400 411 399 395 398 1724 396 409
411 400 399 395 397 407 409 396
409 398 400 407 401 1726 397 402
404 399 397 401 407 398 402 1727
1735 407 399 404 393 400 403 402
401 1736 393 385 400 403 399 404
1737 1736 393 402 385 401 391 400
406 393 402 405 400 401 407 392
392 407 393 408 409 404 406 401
392 411 404 407 409 410 405 408
406 404 408 401 400 399 405 409
413 410 412 406 411 407 409 405
411 399 407 408 410 406 398 397
412 409 407 408 413 411 406 414
396 412 408 410 413 397 398 409
415 410 413 394 414 396 395 411
408 415 416 409 410 412 411 414
415 417 416 418 412 410 413 411
412 417 414 394 411 413 395 416
418 415 419 412 414 417 413 421
416 413 420 419 415 414 418 412
422 417 421 414 416 420 423 419
421 422 417 416 418 423 415 420
419 421 422 418 417 423 415 416
422 416 420 419 423 414 417 418
418 419 420 421 417 424 416 423
419 424 416 422 420 418 417 421
425 433 430 427 426 428 432 434
424 431 427 432 430 433 426 434
432 429 424 428 430 425 431 427
425 430 424 429 431 453 426 428
430 427 431 1082 429 1081 424 426
428 1080 430 1081 431 453 426 427
453 429 452 431 428 432 426 427
452 429 453 433 430 451 427 426
427 435 433 431 434 425 424 430
430 425 432 431 434 424 436 435
452 425 453 437 433 432 436 435
453 438 452 437 432 434 436 433
451 439 438 435 450 434 437 433
449 451 438 436 435 434 450 439
449 441 435 436 437 442 448 439
449 441 443 436 442 437 448 438
435 437 443 441 442 439 438 436
440 436 442 439 437 435 438 443
447 441 443 445 439 501 438 446
446 502 444 501 445 442 447 439
445 443 446 504 517 515 503 516
444 516 446 503 442 443 504 517
445 502 443 501 444 442 517 503
442 501 443 448 446 502 449 503
450 439 447 437 451 501 449 438
439 438 447 437 452 451 450 448
437 448 436 452 453 451 438 449
436 452 437 431 453 448 449 450
435 450 431 453 449 451 430 434
452 451 431 450 430 434 427 435
456 455 459 466 461 457 460 458
457 456 1076 459 458 460 461 454
455 459 457 461 1075 458 1076 1077
455 1075 456 1078 1076 458 454 1077
459 454 455 1076 457 460 456 1077
466 461 458 454 462 455 460 456
468 459 466 454 461 469 465 455
455 462 464 454 465 466 459 460
461 459 1074 465 466 464 1072 463
465 1074 462 466 471 464 1072 1071
1074 463 1073 465 461 1072 462 466
470 464 460 1072 461 466 462 463
459 465 464 469 463 461 462 460
460 472 468 466 469 454 470 459
465 466 471 467 469 460 459 470
466 463 467 465 471 470 460 468
471 1063 1072 465 463 466 468 469
469 465 463 1072 1063 466 470 1062
473 467 475 469 500 497 468 474
476 474 497 472 475 471 470 477
476 472 477 475 496 497 473 487
487 472 474 473 488 496 497 495
483 485 473 477 486 484 487 482
484 487 482 476 486 488 483 485
481 549 490 489 550 491 480 479
480 482 491 490 481 478 489 488
487 481 478 490 479 488 489 482
489 487 486 480 483 488 482 479
488 487 484 486 481 480 485 483
486 476 485 482 484 481 477 487
477 485 476 487 486 483 1061 482
477 486 487 476 481 484 483 482
482 487 477 476 481 483 485 484
486 489 482 476 484 481 477 488
486 482 487 481 480 490 489 477
479 490 480 481 487 488 482 491
481 479 489 480 478 487 488 491
490 478 550 489 479 549 480 488
546 552 493 548 494 549 551 547
548 494 498 549 551 495 547 492
490 496 493 497 491 495 498 492
475 494 498 496 490 491 493 497
495 498 497 488 489 494 474 475
489 488 495 494 473 474 496 475
536 494 497 496 493 495 492 499
533 536 532 507 509 498 506 508
504 505 506 467 501 502 472 503
446 504 500 447 503 448 443 502
446 504 503 447 443 505 500 501
505 502 447 445 506 501 500 504
444 502 505 507 500 506 501 503
517 500 502 508 506 507 504 503
505 516 509 515 504 507 508 503
506 508 509 516 504 505 499 515
513 506 507 514 512 505 499 509
531 506 499 507 512 510 508 513
531 520 512 521 511 522 513 509
514 513 520 522 521 510 515 512
521 510 531 509 513 514 511 520
514 515 510 520 516 511 518 512
517 515 516 518 513 512 508 511
444 514 517 507 513 518 511 516
444 507 513 517 515 506 514 445
444 515 446 506 505 445 514 516
513 520 516 517 519 515 511 514
513 511 517 518 515 514 516 520
510 512 521 523 513 514 511 522
512 523 520 524 510 531 511 522
524 511 520 521 523 530 510 525
522 526 525 528 520 521 529 524
525 521 527 523 522 526 529 528
625 527 524 528 523 526 626 522
629 523 524 627 626 525 625 527
526 631 629 525 627 630 626 524
624 534 625 626 529 530 622 623
528 531 625 534 622 623 535 530
532 533 531 535 622 534 529 528
533 534 529 532 512 535 530 510
536 537 529 535 533 530 531 534
532 529 537 535 536 531 534 530
530 531 529 537 533 535 532 622
532 623 622 533 536 537 530 534
533 534 539 535 537 531 532 538
532 535 538 534 539 533 623 536
621 623 541 620 622 539 537 540
538 541 621 620 542 537 540 623
623 621 612 538 620 539 541 542
545 538 620 540 546 539 547 542
538 544 540 539 612 620 545 541
604 546 613 542 545 544 605 612
613 543 541 546 542 612 604 545
612 542 543 546 555 544 541 547
544 541 547 492 548 545 542 554
546 548 544 545 492 553 541 542
551 545 492 541 547 493 546 552
491 550 561 552 562 478 551 560
560 551 562 561 549 491 552 478
553 549 561 562 550 560 552 559
560 561 553 554 559 562 549 551
560 552 561 551 559 554 555 558
552 559 560 604 555 553 557 558
557 559 554 604 558 605 556 553
559 604 555 558 554 603 605 557
556 558 603 555 559 553 554 604
554 559 557 556 553 552 555 560
561 557 562 560 552 558 553 554
552 562 551 558 550 559 561 553
559 552 562 553 549 551 560 550
550 549 559 553 560 552 551 561
564 565 569 568 572 576 571 570
569 570 567 568 565 563 571 566
564 569 568 567 563 570 566 560
563 564 569 565 567 568 562 1012
585 569 565 568 566 570 564 1007
566 565 567 570 564 569 563 586
576 563 566 565 567 570 568 564
565 569 575 576 568 564 571 563
573 569 570 564 572 576 575 563
563 570 574 564 573 571 575 576
576 556 603 571 563 572 575 574
572 571 575 576 573 594 570 591
590 570 574 572 563 573 576 571
574 575 564 570 571 572 563 569
589 591 579 578 807 580 592 590
579 589 580 808 588 590 577 591
588 590 578 589 580 581 587 577
578 579 589 588 587 582 581 586
579 586 588 580 585 583 587 582
584 580 587 586 585 581 588 583
587 584 581 580 586 816 585 582
1006 994 992 993 583 582 586 585
583 584 567 587 582 588 586 581
585 581 584 583 587 582 588 580
580 586 589 582 585 581 583 588
582 579 590 580 581 586 587 589
578 580 588 579 581 587 590 591
575 577 579 591 580 578 588 589
592 577 589 579 590 594 574 578
593 574 591 599 594 577 590 595
599 678 592 574 594 595 601 591
599 592 574 601 595 591 593 590
678 591 596 594 592 601 593 599
595 597 695 678 599 679 685 598
596 685 599 677 678 679 598 680
596 678 685 597 681 680 679 684
679 593 592 598 678 597 596 595
668 670 665 602 601 669 666 667
667 668 599 666 602 669 600 593
607 601 666 667 600 609 669 668
572 604 605 556 558 555 557 573
556 558 544 554 557 603 555 605
603 557 543 555 604 554 544 556
610 608 609 607 603 657 611 602
657 602 668 608 611 610 606 609
611 610 606 668 609 607 657 658
608 611 610 607 668 606 658 657
608 611 607 606 659 658 667 609
610 607 658 608 666 660 609 659
544 540 543 614 545 613 542 620
618 617 544 543 542 612 615 614
652 616 656 613 615 612 617 655
614 654 655 616 656 617 652 650
649 617 652 628 615 655 650 614
616 615 618 628 613 650 619 614
613 617 621 626 627 628 624 619
621 625 626 627 540 620 618 624
542 623 538 539 621 624 540 622
540 619 623 538 624 620 622 625
625 529 624 534 538 623 621 528
539 624 620 528 538 622 535 621
625 621 622 538 626 620 528 623
626 528 623 621 624 622 627 529
622 619 625 621 627 618 624 528
624 618 630 621 626 527 625 619
616 618 649 619 617 632 627 634
526 631 632 627 525 630 633 527
627 633 631 628 526 527 632 629
630 634 632 636 629 527 637 633
635 631 630 633 634 637 636 628
631 630 637 629 634 636 635 632
649 632 628 648 635 636 637 633
649 648 633 632 636 646 634 637
646 634 632 645 649 637 633 635
634 631 646 645 632 633 636 635
632 631 633 641 637 636 639 640
638 641 633 632 631 636 640 637
636 637 639 638 646 633 641 632
632 639 633 631 638 640 636 637
646 643 644 635 651 645 648 647
651 648 645 644 646 642 647 653
647 642 645 648 646 651 643 635
636 647 644 648 646 643 635 642
648 645 636 635 647 637 649 644
649 645 648 651 646 635 644 643
635 652 650 649 653 651 647 646
634 651 648 652 635 616 650 653
651 655 653 652 616 649 654 648
648 649 655 647 654 652 650 653
648 655 649 616 653 650 651 654
652 648 649 655 650 651 654 616
650 652 651 655 653 648 615 656
616 650 656 651 615 652 654 653
614 657 652 615 608 653 655 654
607 608 615 606 611 609 656 610
609 611 665 610 660 664 661 659
660 665 664 663 661 658 610 611
658 665 611 663 662 664 661 659
665 659 662 664 611 663 658 660
663 661 664 671 660 665 673 672
671 664 662 673 660 670 665 672
663 669 671 665 670 672 662 666
600 669 667 664 663 671 666 670
667 665 670 668 669 671 600 664
602 665 666 601 669 670 668 600
665 609 666 600 601 667 602 669
670 601 600 671 665 666 667 664
666 667 671 664 672 669 665 600
672 669 665 670 664 663 673 666
670 662 675 663 671 665 673 664
662 670 674 663 672 671 675 664
677 682 683 684 681 675 676 673
684 676 677 682 674 681 683 680
680 681 675 685 679 677 674 684
675 676 680 684 679 685 681 678
599 679 597 677 680 598 685 596
676 677 681 680 598 678 597 599
677 598 685 676 684 681 679 678
685 683 677 684 680 675 679 676
685 686 681 683 674 684 675 676
680 685 676 674 675 684 682 681
680 677 682 598 683 681 685 676
597 683 681 598 684 680 677 676
698 687 683 682 699 700 688 689
686 698 688 699 700 683 701 689
690 701 686 699 697 700 689 687
697 688 690 687 696 700 694 701
694 701 692 691 696 697 693 700
693 696 690 701 692 695 694 697
693 696 690 701 695 694 691 697
694 696 690 691 692 695 701 697
695 690 701 692 696 697 693 691
696 691 693 596 690 697 694 692
697 695 692 690 694 691 689 693
701 696 691 688 694 695 689 690
688 687 701 702 700 699 686 703
689 686 690 701 700 688 687 698
697 688 701 698 690 699 687 689
694 688 689 699 697 700 691 690
714 699 715 713 705 703 704 698
712 702 714 704 715 713 699 705
703 705 711 706 715 702 713 712
710 711 713 704 706 707 703 712
710 705 713 708 707 704 711 712
706 709 712 711 705 708 704 710
709 691 707 705 710 711 693 706
710 706 708 721 712 711 707 722
712 709 711 713 705 707 708 706
705 709 707 712 710 706 713 704
711 713 710 705 715 707 704 706
705 703 711 704 714 706 715 712
712 727 726 704 715 702 703 713
726 712 705 704 703 713 702 714
723 719 720 717 721 731 718 722
723 718 720 722 731 719 730 716
720 719 716 721 717 723 731 722
731 720 723 721 716 717 718 722
716 731 723 719 717 718 722 721
718 709 717 719 722 720 716 723
716 719 724 723 718 721 717 720
731 721 724 716 722 717 725 718
723 731 730 716 717 722 726 725
723 724 726 731 717 729 730 727
731 728 729 725 727 715 724 730
726 724 729 728 715 714 730 725
731 733 726 727 730 732 729 725
727 726 731 725 730 724 717 728
729 731 728 717 723 725 724 726
729 723 716 730 724 725 717 718
729 734 743 728 735 733 744 742
734 745 743 741 742 744 735 732
741 735 745 733 736 743 732 744
741 737 734 745 736 744 740 733
740 737 735 745 738 744 741 734
744 736 741 738 735 740 745 739
752 741 754 736 739 745 737 740
738 719 740 737 718 741 735 736
745 734 736 735 737 741 738 739
734 745 740 744 737 739 736 735
744 732 733 734 745 747 746 743
732 742 747 744 745 733 735 734
735 742 741 745 736 734 743 733
737 736 735 740 734 741 744 743
761 748 760 762 743 747 742 749
762 743 761 760 759 748 746 749
749 746 747 759 758 762 750 760
750 748 758 751 747 760 752 759
749 753 754 751 757 748 758 752
750 754 753 757 749 756 758 752
754 758 751 753 756 750 757 749
790 752 751 754 750 757 755 756
790 757 755 751 753 756 750 752
757 756 791 788 790 753 754 789
790 751 752 757 758 753 755 754
752 751 759 753 750 754 758 756
749 759 757 750 756 760 751 752
760 750 748 758 751 749 762 757
748 761 749 762 759 750 747 758
760 747 748 764 762 763 746 759
746 748 763 747 759 749 761 760
765 764 767 761 766 760 762 768
760 765 767 763 762 766 768 761
778 768 763 764 766 769 767 760
768 769 779 778 765 767 764 763
779 768 769 765 777 778 763 766
767 769 766 765 780 779 770 778
770 781 779 778 767 768 780 766
779 782 778 781 774 769 768 780
772 782 783 781 773 784 785 774
771 773 782 781 774 775 770 783
776 775 771 781 782 772 774 770
773 781 772 775 771 777 770 776
777 778 779 770 772 773 774 776
767 775 778 770 777 773 774 779
775 767 779 766 773 776 774 778
768 765 770 780 766 767 769 779
766 769 778 770 767 781 768 780
768 779 781 769 782 770 778 756
780 770 778 783 782 773 769 779
770 783 779 784 772 771 780 781
772 784 786 771 781 770 782 780
873 771 785 787 783 786 782 874
874 786 876 784 787 872 875 873
785 788 872 787 873 783 782 784
784 873 786 865 872 864 871 785
865 793 792 794 791 864 789 786
864 792 791 756 790 755 788 753
789 751 792 754 755 756 753 791
789 754 756 790 792 753 755 788
788 864 865 791 796 793 794 789
794 864 866 795 792 865 788 854
864 854 792 863 865 855 866 793
796 844 797 849 793 798 850 845
792 795 850 798 849 844 797 793
796 849 842 844 798 845 843 795
795 796 844 850 845 797 849 846
843 841 801 803 800 842 802 831
801 839 842 841 832 799 831 840
803 831 843 841 840 842 799 800
830 799 801 806 803 804 805 829
822 829 806 830 801 805 804 802
822 803 828 805 830 823 829 806
823 804 822 803 802 830 806 829
830 805 811 803 802 804 812 822
808 810 809 813 811 577 812 578
578 812 810 814 807 809 813 811
817 815 808 814 818 813 819 810
818 812 807 813 815 808 809 814
814 810 813 806 808 807 812 805
809 815 814 811 813 807 808 810
818 808 811 809 810 812 815 814
815 819 818 810 817 812 809 813
813 820 821 819 817 814 809 818
821 818 991 817 819 992 820 815
818 819 815 816 992 820 821 809
815 820 810 814 816 817 809 819
821 816 818 814 817 815 991 820
819 816 821 815 992 818 991 817
815 991 820 816 818 992 819 817
804 829 830 828 823 805 827 824
827 822 829 828 826 825 824 804
829 819 822 828 825 823 827 826
826 821 828 824 823 965 822 827
824 834 964 823 829 828 827 825
822 823 828 824 829 825 833 826
824 829 830 822 826 823 827 804
822 827 828 830 823 803 824 804
802 828 803 822 804 823 805 829
801 832 839 836 840 833 800 841
831 833 800 838 834 839 840 836
834 832 831 836 839 837 835 838
838 833 835 839 826 832 836 837
832 834 833 839 838 837 836 840
835 840 838 839 834 832 837 833
835 839 838 840 836 832 834 833
836 837 839 835 840 834 832 833
831 837 838 840 832 835 836 841
838 831 800 832 836 841 842 839
839 800 832 831 842 840 801 843
800 841 843 840 839 799 831 801
798 797 801 840 800 799 841 842
849 851 850 797 846 798 845 795
849 798 851 852 848 850 844 846
851 845 850 844 848 847 849 852
848 852 837 942 846 845 853 851
847 853 846 852 850 838 845 851
844 845 846 798 795 851 796 850
849 795 846 844 851 848 845 852
850 853 847 846 845 849 848 852
850 845 851 856 847 846 853 848
851 850 852 929 846 848 858 847
855 863 866 793 856 865 794 857
859 856 866 857 863 858 794 854
862 858 857 861 859 854 863 855
863 858 854 859 861 862 855 856
862 857 859 861 855 863 856 860
861 857 858 863 855 862 860 856
859 856 927 858 857 909 861 862
857 863 858 856 859 862 860 855
856 863 859 861 857 866 858 860
854 861 856 866 857 855 862 865
866 865 794 787 854 792 788 793
793 854 866 788 794 864 863 855
863 854 864 857 855 794 862 865
891 872 869 881 868 861 870 871
890 891 883 869 881 870 884 867
867 881 891 880 870 884 871 868
868 872 871 891 880 869 867 862
873 875 867 869 863 787 870 872
873 785 870 871 874 867 866 787
784 787 870 871 786 865 872 785
785 878 881 872 875 876 877 880
878 880 874 876 869 877 881 879
880 875 881 878 785 877 879 874
874 879 875 882 880 876 881 878
881 875 879 876 877 880 882 874
883 882 877 884 881 880 878 885
881 876 879 875 884 874 878 877
879 883 878 880 882 869 884 875
879 881 885 888 878 883 884 880
885 882 884 886 881 879 888 889
883 880 886 868 882 881 879 885
883 886 881 882 887 879 888 884
884 888 890 885 882 887 883 889
883 894 885 882 886 889 890 888
884 887 890 889 882 885 883 886
883 888 886 894 895 890 887 885
892 886 889 895 894 868 907 893
860 892 890 867 870 869 893 868
868 906 907 895 894 891 890 893
906 895 907 905 892 890 894 896
890 892 895 907 896 893 889 886
894 893 905 907 896 906 890 897
894 897 906 902 893 905 907 895
905 901 902 895 904 896 906 907
1461 902 899 1463 1464 1462 900 901
1464 900 898 1465 901 1461 1463 1462
902 1463 1462 896 898 897 899 901
897 903 904 900 898 1459 1458 902
897 1459 901 903 900 905 904 896
1459 904 906 1458 905 901 902 897
906 897 896 902 905 1458 903 901
907 902 896 906 904 903 897 895
893 907 896 905 894 897 904 895
896 893 892 894 905 897 895 906
924 928 910 926 909 925 927 911
928 908 911 926 910 927 860 924
926 924 909 912 911 928 908 927
913 909 924 912 914 910 908 925
914 923 911 916 910 924 915 913
912 911 922 919 915 917 914 916
925 923 912 915 911 924 922 913
914 919 912 923 921 916 922 913
913 921 919 912 917 918 915 1457
921 913 1457 918 920 1456 919 916
915 919 921 920 1457 917 1456 916
917 922 918 915 913 920 916 921
919 917 916 921 1456 915 918 922
915 923 920 919 922 916 917 918
921 915 914 919 920 913 923 925
926 914 925 924 912 915 921 922
926 908 912 914 923 910 925 911
914 922 928 923 911 908 926 924
914 908 910 925 927 923 928 924
910 928 925 924 911 909 908 926
909 927 925 908 926 924 910 911
931 853 941 940 932 942 928 930
942 931 926 941 932 929 939 940
938 929 932 940 933 930 939 941
934 938 939 940 941 931 933 930
940 932 938 931 935 937 934 939
936 933 939 938 935 931 932 937
933 932 937 936 920 921 934 938
938 935 951 939 934 949 933 937
936 932 940 935 934 938 939 933
939 934 933 932 936 940 937 931
932 930 940 933 941 931 937 938
939 931 941 930 938 933 942 932
939 929 930 942 938 931 940 932
943 940 847 929 930 931 939 941
959 946 957 945 947 944 958 960
959 960 946 947 958 957 945 943
957 946 944 960 958 947 956 948
945 944 956 943 957 960 947 948
949 957 960 956 944 945 946 948
949 945 947 951 955 946 950 952
952 954 950 947 953 951 948 955
955 952 953 947 951 949 948 954
949 950 955 953 954 952 947 948
950 954 947 955 949 951 953 948
955 948 951 956 954 950 949 952
955 948 949 951 952 950 956 953
956 954 953 947 948 957 945 952
946 954 958 948 947 955 957 945
959 945 956 946 960 955 947 958
960 959 956 945 943 944 957 946
956 957 945 960 943 946 958 944
945 957 943 947 944 958 946 959
963 971 968 962 967 969 966 970
969 966 963 968 964 967 961 970
964 958 966 968 961 962 967 965
967 826 961 959 966 965 962 963
963 968 966 825 964 980 962 967
961 965 968 967 963 964 969 962
961 968 970 962 963 969 966 965
963 961 966 973 969 970 967 962
968 967 970 973 974 961 971 962
967 969 971 972 962 968 973 961
969 968 973 961 974 970 962 972
954 953 961 971 970 973 969 974
970 972 961 974 968 967 969 971
973 972 971 975 968 969 977 970
986 977 983 978 984 979 985 976
979 977 983 985 986 975 978 984
984 978 979 986 983 985 976 975
975 976 983 987 982 977 979 986
987 981 988 978 977 982 986 983
991 989 990 988 981 979 982 992
989 987 990 979 980 982 978 988
989 979 986 978 988 980 981 987
985 979 975 976 986 984 977 978
986 983 985 975 976 987 978 977
976 978 984 977 983 975 986 987
987 988 983 984 985 979 976 978
988 978 979 986 983 989 982 985
987 990 989 986 982 979 978 981
990 987 981 988 982 979 980 986
988 980 981 992 982 989 987 991
821 819 992 817 980 820 990 816
990 816 980 817 991 819 820 821
994 996 584 990 995 1006 1004 1005
1005 1006 993 1003 995 996 1004 989
1003 994 997 1002 1004 993 1005 996
995 1002 1005 1003 997 1004 998 994
1002 1003 996 1004 998 995 999 1001
1003 996 1001 1000 1002 985 997 999
997 984 1002 996 1001 1000 998 985
1022 1021 1001 1003 998 997 999 1002
997 1002 1003 999 1004 1000 996 998
1003 996 995 1004 998 1000 997 1001
996 1002 997 994 1005 1004 1001 995
995 1003 996 1005 1006 994 1002 997
1004 995 993 994 1002 1003 1006 996
1004 584 1005 1007 993 1003 995 994
567 1006 1008 1010 1012 1011 1009 1013
1010 1007 1014 1011 1013 1012 1009 1005
1010 1007 1014 1015 1020 1011 1013 1008
1014 1009 1021 1013 1019 1008 1015 1020
1013 1007 1012 1009 1008 1014 1015 1010
1007 1011 1009 1008 478 1014 566 1013
1010 1015 1014 1012 1011 1008 1020 1009
1010 1016 1009 1011 1015 1019 1013 1020
1016 1014 1013 1018 1017 1020 1019 1010
1018 1020 1021 1015 1019 1014 1022 1017
1018 1020 1021 1016 1019 1014 1022 1015
1020 1021 1022 1019 1016 1017 1015 1014
1014 1017 1020 1018 1022 1015 1016 1021
1009 1015 1021 1017 1019 1010 1014 1022
1022 1019 1017 1018 1020 1016 1010 1015
1016 1015 1018 1020 1019 1021 1017 1000
1046 1044 1043 1042 1048 1047 1045 1024
1045 1042 1023 1040 1025 1043 1044 1047
1042 1040 1041 1024 1043 1039 1044 1023
1040 1029 1030 1025 1027 1032 1028 1031
1028 1030 1034 1029 1032 1026 1031 1025
1029 1413 1032 1027 1030 1026 1031 1025
1025 1031 1026 1032 1028 1027 1034 1030
1034 1026 1027 1028 1032 1031 1029 1033
1027 1034 1028 1026 1029 1030 1032 1040
1029 1027 1031 1034 1039 1026 1030 1033
1032 1034 1031 1039 1035 1030 1125 1036
1039 1030 1031 1032 1033 1035 1036 1027
1125 1036 1041 1040 1038 1042 1039 1037
1038 1039 1125 1123 1035 1037 1041 1126
1124 1125 1123 1041 1039 1035 1036 1038
1041 1042 1036 1123 1039 1037 1035 1040
1037 1041 1035 1040 1038 1025 1036 1042
1035 1044 1039 1042 1041 1043 1025 1024
1038 1037 1043 1042 1040 1039 1044 1035
1038 1041 1024 1039 1025 1043 1044 1040
1045 1042 1044 1023 1040 1025 1024 1041
1048 1047 1024 1025 1042 1045 1043 1023
1044 1043 1051 1047 1048 1023 1049 1046
1047 1049 1045 1048 1051 1023 1044 1050
1044 1043 1046 1045 1023 1048 1024 1049
1044 1047 1049 1052 1051 1045 1023 1046
1051 1052 1047 1053 1048 1050 1054 1046
1052 1053 1049 1054 1051 1048 1055 1046
1048 1046 1052 1050 1054 1049 1053 1045
1051 1049 1053 1054 1048 1050 1055 1059
1050 1058 1054 1051 1055 1049 1059 1052
1050 1055 1052 1058 1051 1053 1056 1059
1106 1058 1053 1052 1054 1059 1056 1057
1055 1106 1057 1105 1054 1107 1052 1058
1107 1059 1058 1055 1056 1104 1105 1106
1105 1054 1053 1059 1056 1055 1057 1052
1056 1057 1055 1050 1053 1054 1052 1058
1070 1064 1063 1061 1062 485 1069 1071
1063 1060 1062 1070 1069 1072 1071 484
1071 1072 1070 1061 471 463 1063 1060
471 1061 1072 1071 1070 470 1062 463
1070 1073 1065 1066 1071 1068 1067 1069
1069 1070 1064 1101 1066 1068 1100 1067
1069 1068 1101 1067 1100 1102 1099 1065
1064 1102 1101 1066 1100 1065 1099 1068
1066 1069 1064 1073 1067 1065 1070 1101
1066 1074 1070 1065 1071 1068 1064 1073
1073 1065 1071 1068 1072 1061 1064 1069
1074 1070 1073 1069 463 1064 1072 1062
465 464 1063 1070 1071 1073 463 1074
1068 1071 1070 1069 1072 1064 1074 464
1072 1073 464 462 1070 1069 1071 463
1080 456 1078 1076 1077 457 1083 1079
457 1075 1077 456 1078 458 1079 455
1075 1080 455 457 1076 1078 456 458
1075 1080 1077 457 1076 1079 1081 456
1076 1083 1082 1075 1080 1078 1084 1081
1079 1083 1077 1075 1076 1084 1081 1078
1082 1084 1086 1075 1079 1080 1078 1083
1079 1084 1086 1081 1080 1087 1083 1085
1082 1086 1080 1084 1079 1085 1075 1081
1079 1081 1085 1086 1082 1089 1087 1083
1087 1084 1086 1083 1092 1088 1089 1090
1089 1083 1087 1079 1085 1088 1084 1082
1085 1090 1082 1089 1086 1084 1092 1088
1086 1084 1087 1091 1085 1092 1089 1090
1092 1090 1087 1084 1093 1086 1085 1088
1095 1089 1092 1087 1093 1091 1088 1094
1094 1093 1088 1092 1089 1096 1095 1090
1093 1089 1088 1091 1085 1095 1090 1098
1089 1098 1092 1094 1090 1091 1096 1095
1098 1095 1090 1096 1093 1091 1097 1092
1097 1093 1094 1096 1091 1092 1098 1099
1099 1094 1095 1097 1091 1102 1093 1098
1095 1096 1093 1101 1102 1100 1098 1099
1094 1099 1095 1093 1096 1101 1097 1102
1066 1095 1067 1097 1102 1098 1101 1100
1101 1066 1099 1067 1065 1102 1097 1098
1068 1102 1066 1097 1100 1099 1067 1098
1099 1101 1066 1097 1096 1067 1100 1098
1109 1107 1108 1106 1104 1112 1105 1111
1109 1103 1057 1056 1108 1107 1106 1105
1107 1056 1103 1104 1057 1058 1106 1055
1107 1104 1105 1057 1108 1056 1058 1055
1108 1057 1105 1111 1103 1106 1056 1104
1106 1103 1111 1110 1109 1107 1104 1112
1114 1112 1107 1110 1103 1108 1104 1111
1109 1108 1113 1103 1115 1112 1111 1114
1114 1112 1113 1109 1110 1103 1108 1107
1109 1111 1110 1108 1113 1116 1114 1115
1112 1111 1118 1114 1108 1117 1116 1115
1113 1111 1110 1118 1109 1112 1116 1115
1114 1119 1118 1111 1110 1112 1116 1113
1115 1119 1117 1120 1112 1121 1118 1113
1128 1113 1118 1123 1116 1124 1120 1119
1119 1117 1116 1128 1113 1114 1115 1120
1116 1128 1124 1127 1120 1117 1115 1118
1119 1117 1128 1116 1127 1126 1124 1123
1037 1107 1113 1116 1122 1117 1112 1120
1116 1121 1038 1041 1106 1107 1048 1037
1036 1120 1127 1124 1038 1126 1037 1125
1125 1123 1037 1117 1126 1128 1120 1127
1123 1038 1037 1126 1035 1036 1120 1124
1036 1128 1037 1124 1127 1120 1125 1123
1128 1119 1125 1124 1126 1117 1123 1120
1119 1117 1127 1116 1118 1120 1126 1124
1328 1324 1131 1130 1327 1136 1326 1325
1326 1328 1327 1129 1325 1321 1324 1131
1326 1320 1130 1129 1321 1323 1324 1325
1139 1133 1138 1296 1295 1140 1141 1134
1142 1137 1140 1132 1141 1135 1134 1296
1132 1133 1136 1143 1137 1135 1144 1142
1134 1144 1143 1145 1141 1142 1136 1137
1134 1145 1143 1137 1135 1142 1129 1144
1143 1136 1135 1142 1133 1144 1134 1145
1139 1132 1296 1294 1295 1140 1293 1292
1138 1295 1132 1140 1133 1141 1294 1296
1132 1295 1141 1138 1133 1139 1142 1296
1134 1140 1132 1142 1139 1135 1133 1143
1141 1135 1145 1144 1137 1140 1134 1143
1144 1142 1135 1145 1134 1136 1137 1141
1119 1143 1142 1145 1134 1136 1135 1137
1135 1136 1134 1142 1137 1118 1144 1143
1110 1159 1149 1148 1145 1158 1147 1160
1158 1149 1160 1157 1146 1159 1143 1148
1160 1146 1158 1149 1147 1159 1157 1150
1157 1147 1156 1158 1155 1151 1148 1150
1148 1152 1155 1154 1156 1157 1149 1151
1283 1152 1157 1150 1156 1149 1154 1155
1153 1150 1154 1284 1155 1151 1283 1156
1285 1283 1155 1152 1281 1282 1284 1154
1156 1152 1155 1283 1150 1282 1153 1151
1154 1151 1153 1150 1156 1157 1152 1149
1151 1150 1157 1158 1155 1154 1149 1152
1151 1150 1149 1155 1156 1159 1158 1148
1147 1157 1146 1156 1159 1148 1160 1149
1156 1147 1148 1158 1160 1146 1149 1157
1158 1147 1157 1148 1159 1161 1162 1146
1169 1167 1168 1094 1162 1163 1164 1160
1164 1169 1167 1165 1168 1166 1161 1163
1165 1169 1168 1166 1162 1167 1161 1164
1167 1165 1183 1166 1184 1162 1163 1272
1184 1182 1183 1273 1163 1164 1166 1272
1183 1272 1167 1163 1165 1164 1168 1184
1162 1166 1169 1184 1163 1161 1168 1164
1173 1166 1169 1161 1167 1162 1164 1163
1168 1162 1091 1163 1170 1166 1161 1167
1171 1087 1169 1174 1172 1088 1173 1175
1176 1170 1086 1175 1168 1172 1173 1174
1171 1086 1175 1087 1173 1170 1082 1174
1171 1172 1175 1174 1167 1170 1176 1168
1173 1170 1167 1175 1176 1172 1171 1177
1177 1176 1173 1166 1174 1178 1170 1171
1173 1175 1184 1178 1174 1166 1177 1185
1174 1188 1175 1183 1178 1182 1185 1176
1183 1177 1175 1176 1189 1185 1188 1182
1276 1181 1271 1274 1275 1180 1182 1270
1181 1271 1274 1273 1275 1179 1188 1182
1271 1273 1182 1179 1180 1275 1274 1183
1272 1183 1184 1181 1165 1180 1274 1273
1181 1165 1272 1182 1273 1166 1164 1184
1182 1164 1167 1165 1183 1273 1272 1166
1177 1186 1188 1176 1180 1189 1178 1181
1187 1193 1188 1191 1189 1185 1190 1720
1190 1186 1193 1188 1194 1192 1189 1191
1177 1180 1189 1187 1186 1178 1185 1193
1178 1188 1186 1193 1190 1187 1185 1179
1189 1192 1191 1186 1187 1195 1194 1193
1190 1187 1716 1195 1708 1194 1192 1193
1191 1715 1195 1194 1716 1708 1190 1193
1192 1189 1190 1191 1187 1194 1195 1186
1708 1716 1187 1190 1192 1191 1195 1193
1191 1716 1709 1193 1194 1190 1192 1708
1263 1268 1261 1198 1197 1267 1264 1262
1262 1198 1263 1196 1199 1267 1261 1264
1199 1214 1263 1200 1197 1262 1196 1261
1198 1261 1201 1215 1214 1216 1200 1197
1197 1216 1214 1261 1199 1215 1201 1198
1202 1200 1199 1204 1215 1214 1203 1216
1205 1204 1203 1217 1702 1703 1201 1701
1202 1702 1201 1701 1204 1216 1205 1218
1202 1207 1216 1201 1206 1205 1203 1219
1201 1207 1203 1220 1216 1206 1204 1202
1207 1209 1205 1208 1204 1213 1221 1216
1208 1222 1205 1209 1204 1216 1213 1206
1206 1207 1221 1213 1222 1224 1223 1209
1210 1227 1205 1206 1223 1213 1208 1207
1213 1212 1254 1227 1223 1211 1228 1255
1255 1256 1253 1213 1210 1212 1257 1254
1211 1256 1210 1259 1255 1253 1252 1254
1211 1207 1254 1255 1209 1210 1212 1223
1215 1199 1262 1198 1201 1216 1200 1261
1198 1261 1199 1200 1262 1216 1201 1214
1200 1206 1204 1199 1214 1201 1205 1215
1695 1699 1697 1218 1696 1700 1694 1219
1694 1217 1220 1696 1700 1693 1695 1219
1692 1220 1694 1218 1217 1693 1221 1695
1221 1222 1695 1219 1694 1692 1693 1218
1208 1692 1693 1691 1694 1220 1222 1219
1693 1220 1692 1691 1219 1207 1221 1208
1224 1229 1209 1227 1213 1208 1228 1210
1675 1208 1665 1225 1226 1674 1676 1223
1676 1674 1675 1673 1224 1226 1227 1665
1225 1675 1676 1665 1666 1673 1674 1224
1229 1228 1230 1241 1223 1225 1209 1210
1230 1229 1223 1240 1241 1226 1227 1210
1240 1223 1241 1231 1227 1228 1232 1230
1666 1227 1231 1229 1241 1232 1240 1228
1232 1667 1233 1230 1235 1229 1240 1241
1235 1229 1231 1233 1230 1668 1234 1240
1669 1234 1235 1668 1667 1230 1232 1231
1664 1233 1668 1231 1669 1667 1235 1232
1232 1233 1231 1669 1234 1230 1668 1302
1301 1245 1244 1246 1237 1239 1238 1243
1245 1246 1300 1301 1243 1244 1238 1236
1236 1237 1244 1242 1243 1239 1240 1241
1238 1243 1240 1242 1236 1244 1230 1241
1242 1231 1241 1229 1238 1243 1239 1230
1230 1229 1242 1243 1228 1239 1238 1240
1236 1241 1211 1238 1239 1240 1243 1244
1236 1240 1244 1245 1238 1241 1242 1239
1238 1236 1245 1243 1242 1239 1237 1246
1236 1244 1243 1301 1246 1247 1300 1237
1301 1247 1236 1300 1287 1237 1245 1244
1246 1237 1245 1287 1300 1301 1299 1288
1250 1280 1251 1286 1249 1278 1277 1279
1286 1278 1250 1260 1277 1248 1279 1251
1259 1277 1278 1252 1249 1248 1251 1260
1252 1277 1250 1253 1249 1260 1256 1259
1257 1253 1258 1212 1250 1251 1256 1259
1257 1211 1251 1258 1212 1256 1259 1252
1213 1210 1253 1211 1212 1257 1256 1255
1256 1212 1257 1213 1211 1259 1258 1254
1255 1253 1259 1212 1252 1258 1260 1257
1259 1252 1260 1258 1253 1254 1255 1256
1259 1260 1253 1277 1257 1255 1252 1256
1251 1258 1256 1252 1257 1253 1260 1255
1259 1256 1278 1277 1258 1251 1250 1257
1262 1197 1214 1198 1199 1215 1196 1263
1198 1261 1196 1197 1263 1199 1214 1264
1197 1265 1261 1198 1264 1267 1262 1196
1196 1266 1267 1268 1263 1262 1265 1197
1266 1268 1276 1264 1263 1267 1196 1269
1268 1263 1265 1267 1264 1276 1270 1269
1197 1264 1265 1196 1268 1263 1269 1262
1266 1263 1269 1264 1196 1270 1267 1265
1267 1266 1264 1268 1276 1196 1270 1265
1276 1266 1265 1193 1268 1271 1269 1179
1275 1179 1270 1180 1274 1181 1273 1276
1274 1184 1165 1183 1273 1166 1182 1164
1272 1181 1274 1275 1184 1165 1183 1182
1272 1181 1273 1182 1180 1275 1179 1271
1272 1273 1179 1274 1180 1181 1182 1271
1271 1179 1268 1275 1265 1266 1270 1269
1249 1260 1250 1259 1258 1251 1279 1278
1279 1249 1260 1251 1250 1248 1277 1280
1278 1260 1250 1280 1248 1277 1286 1249
1249 1248 1285 1279 1286 1278 1282 1281
1154 1285 1153 1283 1282 1286 1280 1284
1281 1285 1283 1152 1154 1153 1155 1284
1154 1151 1282 1281 1285 1153 1284 1152
1153 1154 1151 1283 1152 1285 1282 1281
1283 1152 1153 1282 1286 1284 1281 1280
1280 1281 1278 1249 1279 1248 1285 1284
1288 1247 1289 1299 1297 1246 1298 1300
1287 1289 1300 1297 1299 1298 1246 1247
1299 1297 1286 1290 1288 1298 1291 1287
1138 1289 1297 1292 1293 1291 1294 1285
1294 1289 1292 1298 1290 1297 1293 1295
1138 1296 1293 1294 1291 1297 1290 1295
1138 1295 1292 1294 1284 1289 1290 1291
1291 1138 1290 1292 1139 1295 1293 1296
1296 1140 1292 1294 1138 1139 1293 1132
1132 1139 1141 1295 1140 1138 1133 1294
1287 1291 1292 1298 1299 1288 1289 1290
1289 1301 1300 1297 1247 1287 1299 1288
1247 1301 1298 1287 1288 1246 1300 1297
1287 1246 1301 1247 1237 1245 1299 1298
1300 1244 1237 1247 1236 1246 1299 1245
1235 1303 1236 1237 1306 1238 1304 1305
1236 1302 1301 1237 1306 1304 1238 1305
1303 1306 1307 1236 1301 1305 1237 1302
1306 1308 1301 1300 1307 1304 1303 1302
1301 1307 1304 1305 1303 1308 1300 1309
1304 1299 1308 1300 1309 1305 1298 1306
1307 1299 1309 1306 1298 1305 1297 1300
1307 1297 1317 1298 1306 1310 1299 1308
1317 1313 1309 1318 1316 1312 1311 1315
1337 1313 1335 1336 1334 1312 1338 1316
1311 1334 1317 1336 1313 1335 1337 1310
1590 1317 1312 1310 1337 1336 1335 1311
1322 1323 1316 1315 1318 1319 1320 1321
1323 1319 1317 1316 1320 1318 1314 1322
1322 1319 1310 1315 1317 1314 1311 1318
1314 1315 1316 1318 1312 1310 1313 1311
1322 1319 1315 1317 1320 1321 1316 1314
1316 1322 1321 1315 1320 1323 1318 1314
1314 1319 1321 1131 1318 1322 1315 1323
1322 1314 1320 1319 1130 1131 1324 1323
1320 1321 1314 1319 1324 1318 1323 1315
1131 1322 1314 1319 1324 1321 1320 1325
1321 1323 1322 1325 1326 1131 1130 1328
1130 1324 1327 1328 1129 1131 1323 1326
1328 1129 1130 1325 1131 1327 1323 1324
1328 1326 1131 1324 1325 1130 1129 1127
1324 1323 1130 1131 1129 1326 1327 1325
1342 1341 1332 1331 1343 1325 1328 1330
1331 1329 1332 1333 1343 1341 1340 1342
1333 1330 1341 1332 1342 1343 1329 1340
1341 1333 1338 1330 1339 1340 1334 1331
1338 1340 1331 1334 1332 1335 1337 1339
1333 1340 1337 1311 1335 1332 1339 1338
1334 1333 1311 1312 1338 1336 1337 1339
1334 1349 1335 1337 1311 1338 1312 1313
1338 1312 1335 1333 1339 1311 1334 1336
1334 1339 1332 1340 1336 1337 1335 1333
1335 1341 1332 1340 1333 1337 1338 1334
1332 1339 1338 1343 1333 1341 1331 1334
1343 1330 1332 1342 1339 1340 1331 1329
1340 1343 1331 1355 1344 1329 1341 1330
1330 1342 1329 1339 1331 1341 1340 1332
1353 1357 1358 1345 1354 1355 1352 1346
1352 1354 1355 1344 1353 1347 1346 1358
1354 1344 1348 1347 1353 1345 1352 1351
1353 1348 1352 1351 1350 1339 1346 1345
1338 1352 1347 1345 1350 1346 1349 1351
1338 1336 1350 1577 1337 1351 1348 1347
1346 1349 1338 1337 1347 1336 1351 1348
1348 1352 1354 1353 1350 1346 1345 1347
1348 1354 1347 1344 1345 1353 1351 1346
1355 1351 1358 1354 1344 1346 1345 1352
1353 1345 1352 1357 1355 1346 1358 1344
1358 1356 1345 1344 1353 1354 1342 1357
1354 1403 1398 1397 1399 1355 1357 1358
1344 1356 1355 1354 1353 1363 1358 1364
1355 1356 1354 1357 1352 1353 1344 1345
1352 1369 1351 1362 1361 1371 1370 1360
1361 1368 1359 1370 1371 1362 1369 1363
1368 1370 1369 1359 1367 1362 1360 1363
1366 1369 1360 1363 1368 1361 1364 1367
1397 1362 1364 1366 1368 1369 1367 1361
1361 1362 1368 1397 1367 1366 1363 1365
1396 1363 1397 1386 1364 1366 1368 1367
1362 1397 1364 1368 1365 1363 1385 1367
1366 1361 1365 1363 1368 1362 1369 1364
1367 1370 1360 1366 1361 1362 1369 1363
1361 1371 1368 1363 1360 1367 1362 1370
1368 1371 1369 1374 1361 1359 1360 1362
1374 1359 1360 1369 1368 1361 1375 1370
1442 1373 1385 1374 1384 1383 1382 1375
1372 1374 1379 1378 1384 1383 1375 1382
1372 1375 1378 1377 1379 1376 1382 1373
1374 1379 1376 1382 1373 1378 1377 1371
1379 1374 1373 1378 1382 1377 1542 1375
1375 1379 1378 1380 1374 1376 1382 1381
1379 1382 1372 1373 1374 1377 1375 1376
1374 1378 1381 1375 1382 1376 1373 1377
1492 1499 1381 1379 1377 1490 1491 1443
1382 1443 1377 1490 1491 1379 1380 1444
1379 1383 1384 1372 1373 1375 1374 1378
1372 1374 1379 1373 1442 1384 1385 1382
1385 1386 1382 1383 1372 1441 1442 1373
1384 1372 1373 1386 1366 1441 1383 1442
1384 1385 1387 1391 1442 1365 1372 1441
1388 1391 1440 1389 1390 1386 1441 1392
1438 1389 1390 1392 1387 1429 1439 1440
1391 1387 1440 1429 1439 1388 1392 1390
1439 1440 1389 1388 1392 1391 1387 1429
1387 1388 1390 1392 1440 1439 1429 1389
1430 1388 1390 1439 1440 1389 1391 1429
1427 1426 1394 1430 1431 1395 1428 1396
1430 1395 1392 1428 1396 1393 1426 1429
1392 1429 1430 1426 1393 1394 1391 1396
1392 1365 1394 1397 1395 1393 1429 1391
1362 1366 1356 1365 1367 1364 1363 1357
1424 1399 1425 1400 1403 1422 1402 1401
1425 1405 1398 1402 1404 1401 1400 1403
1403 1398 1424 1425 1423 1399 1401 1402
1424 1406 1402 1423 1422 1400 1425 1399
1403 1400 1406 1425 1401 1405 1399 1404
1404 1402 1399 1400 1425 1398 1405 1401
1401 1405 1406 1407 1399 1400 1402 1403
1403 1400 1401 1399 1406 1402 1404 1414
1401 1423 1405 1404 1414 1402 1400 1415
1409 1410 1405 1406 1404 1403 1408 1411
1407 1414 1406 1404 1410 1405 1409 1411
1412 1405 1407 1408 1410 1414 1411 1406
1414 1408 1415 1413 1409 1407 1412 1411
1414 1415 1413 1416 1409 1410 1408 1412
1413 1416 1409 1415 1411 1417 1414 1410
1412 1028 1411 1409 1417 1410 1416 1415
1416 1402 1406 1423 1420 1415 1401 1405
1417 1406 1420 1416 1401 1414 1418 1423
1415 1423 1420 1418 1406 1414 1412 1417
1418 1419 1420 1413 1412 1414 1416 1415
1416 1417 1419 1421 1422 1415 1423 1420
1420 1417 1421 1424 1422 1416 1418 1423
1401 1414 1415 1421 1423 1419 1422 1418
1424 1401 1418 1420 1425 1419 1422 1423
1400 1401 1425 1419 1420 1421 1424 1423
1400 1421 1422 1420 1418 1424 1401 1414
1401 1402 1423 1400 1421 1425 1398 1422
1424 1398 1400 1401 1399 1423 1422 1402
1427 1394 1432 1430 1428 1393 1431 1395
1433 1426 1428 1393 1432 1431 1434 1394
1430 1427 1432 1433 1394 1426 1431 1393
1431 1430 1391 1440 1388 1390 1392 1439
1429 1431 1440 1432 1439 1392 1437 1438
1436 1429 1437 1433 1438 1435 1430 1432
1430 1435 1431 1438 1436 1433 1434 1437
1455 1430 1434 1431 1432 1436 1437 1435
1457 1431 1455 1433 1436 1432 1435 1456
1432 1437 1431 1433 1434 1455 1436 1454
1430 1431 1434 1432 1435 1438 1433 1437
1438 1439 1433 1436 1431 1432 1435 1430
1430 1436 1437 1388 1440 1439 1429 1431
1437 1392 1388 1438 1389 1429 1430 1440
1389 1429 1388 1392 1430 1391 1439 1390
1389 1384 1385 1387 1386 1383 1446 1442
1383 1384 1385 1445 1386 1372 1382 1441
1444 1381 1382 1383 1380 1445 1490 1486
1382 1446 1383 1485 1443 1381 1445 1486
1485 1447 1383 1443 1444 1442 1446 1441
1483 1445 1448 1441 1442 1447 1387 1444
1446 1450 1445 1448 1480 1387 1389 1449
1451 1446 1450 1449 1387 1389 1447 1480
1452 1450 1388 1439 1451 1448 1479 1447
1476 1449 1439 1447 1451 1448 1452 1453
1454 1474 1448 1452 1453 1438 1449 1450
1438 1453 1449 1454 1451 1437 1472 1450
1450 1437 1470 1451 1435 1436 1452 1454
1436 1435 1452 1451 1468 1470 1466 1453
1436 1434 1456 1433 1457 918 1432 1435
1455 920 916 917 1457 921 918 919
920 919 1455 921 916 918 917 1456
1463 903 902 904 905 1459 1457 901
1461 901 1463 902 1458 898 903 904
1461 1463 1468 1467 1462 1464 1465 1466
1464 898 1465 1466 1463 1462 1467 1460
1463 1460 900 1464 898 1465 899 1461
1462 899 1461 1464 900 1460 1459 898
1462 899 1461 1465 1463 1460 1466 1467
1464 1466 1460 1462 1461 1467 1469 1463
1467 1469 1460 1465 1464 1461 1468 1470
1471 1468 1460 1465 1461 1464 1466 1469
1471 1466 1469 1470 1472 1467 1460 1473
1471 1466 1465 1467 1468 1470 1472 1473
1466 1471 1472 1468 1469 1473 1467 1474
1473 1468 1470 1472 1469 1475 1466 1467
1471 1475 1476 1474 1470 1473 1469 1468
1470 1468 1475 1472 1471 1469 1478 1474
1472 1476 1473 1477 1479 1478 1470 1475
1478 1477 1476 1473 1479 1474 1471 1472
1479 1477 1480 1472 1473 1474 1478 1475
1482 1475 1474 1476 1479 1481 1480 1478
1481 1479 1472 1476 1474 1475 1473 1477
1475 1480 1482 1474 1478 1477 1481 1476
1483 1476 1484 1477 1482 1481 1479 1478
1478 1483 1476 1482 1479 1484 1480 1477
1476 1480 1484 1481 1478 1483 1477 1479
1482 1481 1480 1479 1484 1447 1446 1485
1483 1479 1480 1487 1482 1477 1485 1481
1487 1490 1486 1445 1483 1488 1489 1484
1489 1488 1485 1445 1487 1444 1443 1490
1489 1488 1490 1485 1486 1484 1483 1444
1491 1487 1443 1490 1489 1485 1486 1444
1500 1488 1490 1491 1486 1487 1485 1499
1489 1485 1381 1487 1443 1488 1486 1491
1501 1499 1490 1502 1489 1497 1500 1498
1496 1538 1494 1535 1493 1501 1539 1497
1539 1496 1492 1538 1534 1537 1494 1535
1535 1495 1493 1492 1537 1534 1538 1533
1506 1504 1505 1496 1508 1507 1497 1503
1506 1503 1504 1501 1497 1505 1495 1502
1502 1500 1496 1498 1499 1495 1503 1501
1496 1497 1501 1491 1500 1502 1499 1503
1496 1501 1497 1503 1500 1498 1491 1502
1501 1498 1499 1491 1497 1503 1496 1502
1496 1498 1499 1502 1491 1503 1497 1500
1500 1498 1496 1503 1499 1504 1501 1497
1506 1505 1497 1502 1504 1498 1495 1496
1508 1495 1503 1496 1506 1505 1507 1502
1504 1507 1503 1496 1509 1508 1495 1506
1503 1495 1496 1510 1504 1507 1508 1505
1504 1510 1495 1509 1506 1511 1508 1505
1510 1512 1506 1509 1511 1505 1507 1504
1513 1512 1505 1510 1511 1514 1507 1508
1511 1512 1506 1508 1507 1513 1509 1514
1516 1513 1515 1510 1509 1507 1512 1514
1507 1514 1515 1509 1511 1513 1510 1508
1514 1512 1516 1511 1510 1515 1518 1509
1509 1512 1517 1516 1515 1511 1513 1510
1517 1512 1518 1513 1511 1516 1519 1514
1515 1513 1511 1519 1514 1517 1512 1518
1519 1520 1515 1513 1521 1514 1518 1516
1519 1515 1520 1521 1513 1514 1516 1517
1514 1513 1517 1521 1518 1515 1520 1516
1523 1517 1518 1515 1519 1516 1522 1521
1523 1515 1518 1522 1519 1517 1520 1516
1519 1520 1877 1523 1518 1517 1875 1521
1517 1521 1518 1520 1515 1516 1519 1522
1527 1531 1526 1532 1528 1530 1525 1549
1524 1528 1549 1550 1529 1530 1527 1526
1524 1536 1530 1549 1529 1525 1527 1528
1525 1524 1536 1532 1529 1530 1526 1528
1527 1525 1526 1524 1530 1529 1533 1536
1540 1526 1530 1528 1536 1544 1537 1527
1527 1528 1536 1538 1534 1526 1537 1529
1532 1533 1527 1534 1511 1514 1516 1524
1533 1527 1528 1534 1524 1511 1531 1535
1532 1535 1528 1509 1534 1531 1527 1494
1532 1535 1531 1494 1493 1507 1530 1533
1532 1494 1536 1533 1492 1493 1505 1534
1530 1537 1535 1527 1529 1538 1528 1540
1541 1540 1538 1539 1530 1494 1529 1536
1539 1530 1542 1493 1536 1540 1541 1537
1538 1536 1541 1540 1492 1537 1493 1542
1536 1538 1530 1529 1542 1537 1539 1541
1536 1542 1492 1537 1538 1539 1376 1540
1543 1541 1376 1377 1539 1537 1540 1538
1541 1359 1371 1545 1540 1376 1546 1542
1526 1573 1529 1548 1545 1547 1574 1546
1544 1546 1576 1581 1547 1575 1543 1548
1576 1574 1575 1547 1581 1544 1545 1548
1573 1544 1545 1546 1548 1581 1574 1575
1546 1545 1574 1582 1547 1573 1544 1572
1552 1571 1525 1526 1550 1570 1551 1524
1525 1552 1570 1571 1569 1553 1551 1549
1553 1569 1554 1568 1550 1552 1570 1549
1551 1554 1549 1568 1553 1569 1550 1555
1556 1555 1551 1550 1562 1552 1561 1554
1557 1555 1552 1551 1562 1561 1553 1556
1557 1560 1556 1559 1850 1552 1554 1553
1555 1553 1560 1850 1559 1557 1554 1558
1558 1554 1849 1556 1850 1560 1559 1555
1619 1559 1564 1560 1620 1563 1557 1849
1849 1563 1565 1564 1558 1620 1561 1560
1563 1562 1564 1559 1558 1620 1565 1561
1566 1568 1562 1559 1565 1560 1563 1564
1565 1561 1560 1566 1564 1568 1569 1567
1558 1620 1560 1559 1619 1561 1564 1565
1561 1565 1558 1566 1559 1620 1560 1563
1559 1567 1561 1566 1560 1562 1563 1564
1560 1569 1564 1565 1567 1561 1562 1568
1564 1562 1570 1568 1566 1569 1565 1561
1570 1562 1569 1566 1552 1561 1565 1567
1566 1562 1568 1570 1561 1551 1567 1571
1562 1568 1549 1569 1572 1571 1567 1550
1569 1549 1573 1572 1551 1570 1550 1568
1586 1571 1570 1569 1548 1585 1574 1573
1574 1571 1586 1572 1584 1547 1548 1585
1582 1544 1584 1548 1547 1573 1546 1572
1580 1578 1579 1582 1581 1577 1576 1584
1578 1581 1582 1546 1545 1577 1575 1579
1581 1575 1580 1591 1578 1576 1579 1590
1579 1581 1577 1580 1589 1575 1582 1576
1575 1581 1582 1583 1577 1578 1589 1580
1584 1582 1578 1589 1583 1579 1581 1588
1584 1575 1583 1580 1578 1576 1582 1579
1581 1584 1589 1580 1575 1583 1587 1585
1580 1589 1582 1588 1587 1585 1584 1581
1586 1589 1580 1581 1587 1582 1583 1585
1582 1588 1587 1589 1586 1583 1598 1584
1598 1587 1584 1588 1599 1583 1589 1585
1589 1586 1583 1584 1588 1582 1598 1585
1583 1589 1587 1586 1598 1599 1580 1585
1584 1583 1582 1598 1587 1580 1588 1579
1578 1579 1593 1592 1313 1312 1591 1577
1593 1592 1580 1579 1578 1590 1577 1594
1593 1579 1590 1594 1595 1580 1578 1591
1590 1589 1594 1595 1591 1596 1580 1592
1596 1580 1591 1597 1589 1593 1595 1592
1598 1594 1592 1596 1597 1589 1593 1588
1597 1599 1593 1589 1595 1588 1598 1594
1594 1598 1593 1603 1599 1588 1595 1596
1586 1584 1599 1587 1589 1583 1588 1585
1587 1597 1598 1585 1588 1586 1589 1601
1567 1566 1615 1602 1614 1601 1617 1616
1614 1600 1599 1603 1615 1613 1616 1602
1616 1600 1617 1613 1615 1601 1614 1612
1605 1606 1607 1602 1604 1597 1601 1614
1607 1606 1601 1613 1605 1602 1614 1603
1607 1606 1613 1608 1602 1603 1614 1604
1604 1603 1608 1612 1609 1607 1605 1613
1613 1612 1608 1606 1611 1609 1605 1604
1610 1609 1606 1605 1612 1607 1613 1611
1606 1610 1608 1633 1641 1611 1607 1612
1622 1611 1612 1618 1623 1621 1624 1613
1612 1622 1610 1618 1613 1623 1624 1621
1610 1613 1614 1617 1611 1623 1618 1621
1612 1623 1614 1602 1617 1611 1618 1616
1602 1617 1613 1600 1615 1601 1616 1612
1618 1600 1602 1613 1616 1614 1601 1617
1615 1600 1618 1614 1602 1601 1617 1613
1614 1623 1616 1613 1615 1621 1612 1618
1612 1622 1616 1623 1617 1613 1624 1621
1563 1564 1621 1559 1558 1849 1624 1620
1849 1565 1558 1559 1560 1619 1563 1564
1617 1622 1618 1612 1610 1624 1623 1611
1623 1612 1610 1617 1621 1611 1624 1618
1611 1612 1622 1610 1618 1624 1621 1617
1610 1622 1612 1618 1617 1621 1611 1623
1844 1627 1631 1632 1629 1626 1628 1630
1628 1631 1632 1625 1844 1630 1627 1629
1628 1625 1844 1632 1630 1631 1626 1629
1627 1626 1629 1625 1844 1632 1631 1630
1844 1628 1625 1631 1627 1848 1845 1630
1844 1631 1632 1627 1628 1629 1625 1626
1626 1630 1627 1634 1628 1629 1625 1632
1633 1627 1629 1626 1625 1630 1628 1631
1639 1609 1635 1641 1632 1634 1640 1636
1635 1641 1640 1636 1631 1638 1633 1639
1636 1634 1639 1637 1640 1638 1633 1841
1638 1637 1639 1842 1640 1634 1635 1841
1639 1840 1635 1636 1839 1638 1841 1842
1639 1637 1636 1634 1841 1640 1839 1635
1638 1636 1640 1635 1637 1634 1841 1641
1639 1641 1637 1638 1635 1633 1634 1636
1644 1634 1640 1639 1645 1633 1638 1635
1645 1836 1644 1646 1838 1638 1643 1837
1647 1838 1639 1642 1644 1645 1646 1837
1643 1642 1645 1838 1646 1640 1647 1649
1647 1648 1646 1649 1642 1644 1643 1641
1647 1652 1644 1643 1650 1645 1649 1648
1648 1649 1646 1643 1644 1645 1650 1652
1649 1651 1647 1646 1653 1645 1652 1650
1652 1644 1648 1650 1646 1653 1647 1651
1653 1648 1647 1651 1646 1649 1654 1652
1650 1656 1655 1648 1652 1653 1654 1663
1650 1648 1655 1646 1651 1653 1654 1649
1651 1654 1649 1652 1655 1656 1650 1663
1662 1663 1653 1650 1651 1657 1656 1655
1656 1653 1663 1651 1650 1654 1652 1657
1653 1658 1657 1655 1663 1662 1654 1651
1663 1661 1659 1658 1662 1660 1655 1656
1662 1660 1663 1656 1657 1659 1655 1661
1657 1678 1660 1658 1661 1662 1663 1677
1657 1662 1661 1659 1658 1656 1678 1677
1662 1663 1657 1658 1660 1654 1656 1659
1658 1661 1654 1663 1659 1656 1657 1660
1662 1653 1651 1661 1657 1655 1656 1654
1668 1670 1667 1647 1648 1672 1671 1669
1226 1672 1673 1225 1671 1666 1667 1674
1226 1665 1667 1670 1672 1671 1673 1668
1669 1672 1670 1666 1671 1668 1673 1665
1666 1667 1669 1671 1672 1670 1234 1664
1664 1670 1668 1666 1234 1671 1667 1233
1673 1669 1666 1664 1667 1668 1671 1672
1665 1666 1672 1668 1664 1670 1673 1667
1674 1667 1668 1665 1671 1673 1666 1670
1674 1672 1665 1226 1675 1671 1667 1666
1225 1673 1675 1672 1665 1224 1676 1226
1673 1226 1225 1665 1224 1676 1674 1672
1659 1691 1674 1673 1224 1226 1675 1225
1681 1659 1682 1660 1661 1679 1680 1678
1658 1659 1680 1679 1681 1677 1660 1682
1681 1678 1686 1683 1684 1677 1680 1682
1681 1682 1678 1684 1677 1679 1683 1685
1684 1682 1677 1679 1685 1680 1678 1683
1681 1683 1680 1679 1677 1684 1686 1678
1684 1687 1681 1686 1682 1685 1680 1690
1690 1681 1682 1679 1686 1683 1687 1685
1690 1683 1689 1684 1686 1687 1688 1681
1685 1689 1682 1687 1684 1690 1683 1681
1685 1688 1787 1689 1684 1686 1683 1690
1689 1686 1687 1685 1789 1788 1690 1787
1690 1787 1685 1687 1788 1686 1688 1786
1788 1689 1685 1684 1688 1787 1687 1686
1692 1221 1679 1222 1220 1694 1693 1676
1682 1219 1222 1693 1221 1694 1220 1691
1218 1691 1221 1694 1695 1692 1220 1219
1219 1220 1693 1218 1695 1696 1692 1221
1696 1218 1217 1220 1694 1697 1219 1693
1218 1697 1698 1219 1217 1694 1695 1700
1700 1695 1218 1217 1694 1698 1699 1696
1700 1786 1217 1696 1756 1697 1695 1699
1697 1700 1217 1701 1698 1218 1741 1696
1696 1697 1702 1699 1217 1695 1698 1218
1703 1740 1704 1702 1699 1202 1741 1203
1203 1700 1204 1703 1202 1201 1740 1701
1705 1704 1202 1740 1702 1701 1711 1712
1703 1705 1713 1706 1710 1712 1711 1707
1703 1707 1711 1712 1704 1706 1710 1713
1705 1709 1710 1711 1714 1704 1707 1713
1714 1706 1710 1713 1709 1705 1711 1708
1192 1715 1716 1709 1707 1194 1195 1714
1715 1195 1710 1707 1716 1706 1714 1708
1713 1706 1712 1705 1707 1711 1714 1715
1714 1705 1710 1712 1704 1706 1713 1707
1705 1714 1706 1704 1739 1711 1713 1710
1706 1714 1711 1715 1710 1707 1705 1712
1713 1707 1715 1712 1706 1711 1710 1716
1714 1192 1707 1713 1716 1709 1710 1708
1715 1709 1707 1191 1192 1195 1714 1708
1725 1729 1718 1724 1722 1723 1728 1719
1717 1720 1724 1722 1723 1725 1719 1728
1720 1722 1724 1721 1718 1723 1717 1728
1186 1717 1187 1718 1723 1721 1719 1722
395 1723 1719 394 1724 1718 1722 1720
1725 1717 1718 1723 1724 1719 1721 1720
1725 1717 1718 1721 1724 1719 1728 1722
1723 1717 1719 1725 1718 1726 1722 1728
1729 1717 1728 1718 1723 1727 1726 1724
1729 1730 1728 1727 1724 1731 1735 1725
1735 1734 1729 1730 1736 1731 1725 1726
1726 1725 1724 1729 1717 1718 1730 1727
1730 1735 1726 1728 1725 1731 1727 1717
1732 1726 1729 1728 1727 1735 1731 1734
1729 1732 1735 1736 1734 1730 1733 1738
1731 1738 1734 1737 1735 1736 1730 1733
1736 1738 1735 1732 1734 1731 1737 1739
1733 1738 1731 1737 1732 1730 1736 1735
1727 1736 1734 1732 1726 1738 1731 1737
1727 1732 1734 1738 1735 1737 1731 1733
1734 1735 1738 1732 1733 1731 1736 403
1730 1732 1731 1733 1737 1736 1735 1734
1743 1712 1740 1733 1742 1711 1703 1744
1701 1744 1702 1743 1739 1741 1742 1703
1755 1699 1743 1754 1742 1740 1702 1701
1741 1743 1739 1755 1740 1744 1745 1701
1744 1739 1746 1740 1754 1742 1741 1745
1745 1747 1739 1746 1753 1742 1740 1743
1747 1753 1748 1742 1743 1746 1744 1752
1748 384 1750 1744 1745 1751 1743 1747
1750 1751 1745 1744 385 384 1746 1748
384 1747 1750 1746 375 1745 385 1749
1761 1760 374 1748 1751 1750 375 1762
1760 1762 375 1761 1749 1752 1751 374
1752 1760 1749 1762 1750 1759 1753 1761
1753 1757 1750 1759 1751 1760 1754 1758
1752 1751 1755 1758 1759 1754 1756 1757
1759 1756 1753 1758 1752 1757 1741 1755
1741 1742 1753 1752 1756 1758 1754 1757
1757 1759 1753 1698 1754 1758 1755 1772
1754 1756 1758 1755 1753 1760 1752 1759
1754 1753 1752 1757 1755 1760 1756 1759
1757 1758 1754 1752 1753 1760 1751 1761
1751 1761 1749 1758 1750 1752 1762 1759
1751 375 1762 1750 374 1760 1749 1759
1749 1760 374 375 1761 1750 1759 1751
1765 1768 1766 1778 1767 1764 372 373
1765 372 1767 1763 373 1762 1766 1768
1764 1767 1779 373 1763 372 1768 1766
1769 1765 1767 372 1768 373 1763 1764
1764 1766 1768 1769 1763 1765 1777 1778
1766 1765 1763 1778 1764 1769 1767 1770
1778 1768 1777 1770 1766 1767 1776 1771
1778 1769 1775 1771 1768 1772 1777 1776
1772 1775 1776 1774 1777 1770 1778 1773
1774 1770 1778 1777 1775 1773 1771 1776
1776 1774 1789 1786 1771 1775 1772 1787
1773 1776 1789 1786 1788 1771 1772 1775
1771 1777 1773 1769 1774 1770 1776 1772
1770 1773 1775 1777 1769 1772 1771 1774
1778 1772 1775 1776 1769 1771 1770 1767
1763 1770 1777 1771 1768 1769 1767 1776
2093 1781 2091 2092 360 1765 361 1780
360 2093 1782 1779 1781 361 2091 2092
1780 2092 1783 1779 2091 2093 2090 1782
2089 2091 2088 1783 1784 2090 1781 1780
2089 1782 2090 1784 1785 2088 1781 2087
1776 1785 2089 2090 1783 2088 1782 2087
2089 2088 1783 1784 1782 1790 1775 2087
1774 1787 1789 1688 1788 1689 1690 1773
1687 1788 1789 1786 1688 1791 1690 1689
1687 1787 1688 1786 1789 1690 1689 1774
1774 1688 1786 1689 1773 1788 1787 1687
1792 2076 1785 2077 1793 1789 1791 2078
1792 2077 1793 1787 2078 2076 2075 1790
2075 2077 1790 1801 1791 1794 1793 2076
1801 1791 1800 1794 2075 1792 2076 1795
1793 1792 1799 1800 1801 1795 1796 2075
1797 1793 1794 1799 1801 2075 1796 1800
1681 1797 1794 1798 1800 1795 1799 1801
1798 1816 1799 1795 1794 1680 1796 1800
1807 1795 1810 1799 1801 1796 1797 1800
1801 1794 1798 1797 1806 1795 1800 1796
1801 1793 1798 1794 1799 2075 1795 1796
1799 1793 2076 1796 1794 1795 2075 1800
1804 2050 2071 1803 2073 2068 2074 2072
2073 2072 1802 2049 2050 1804 2071 1805
2050 1803 1806 2048 1802 2049 1805 2071
2049 2071 1807 2048 1806 1804 1803 2050
1808 1809 2049 1805 1804 2045 1807 2048
1806 2045 2049 1805 1809 1808 2048 2044
1807 1809 1826 2043 1806 2044 2045 2041
2048 1807 2043 1808 2045 1826 2044 1806
1818 1798 1812 1816 1811 1813 1817 1826
1818 1817 1816 1810 1812 1814 1819 1813
1810 1811 1817 1818 1816 1814 1813 1819
1811 1817 1814 1812 1820 1815 1819 1818
1812 1819 1825 1813 1820 1815 1821 1818
1819 1822 1813 1824 1821 1820 1825 1814
1818 1810 1817 1660 1819 1811 1797 1812
1813 1816 1812 1658 1818 1819 1810 1811
1819 1816 1817 1812 1820 1811 1813 1810
1813 1814 1817 1821 1818 1815 1820 1812
1819 1814 1821 1815 1812 1822 1818 1813
1820 1819 1822 1823 1815 1814 1813 1825
1825 1824 1814 1815 1652 1820 1821 1823
1825 1822 1821 1820 1824 1815 1649 1838
1836 1823 1821 1825 1815 1814 1833 1822
1820 1824 1821 1813 1814 1822 1823 1815
1809 1808 1828 2034 1829 1807 1827 2044
1830 1809 1829 1828 1811 2034 2033 1826
1826 1831 1811 1812 1827 2033 1829 1830
1830 1826 1827 1828 2033 1832 1831 1813
1813 1814 1827 1829 1828 1833 1831 1832
1815 1835 1833 1828 1834 1829 1830 1832
1833 1825 1815 1830 1834 1829 1831 1835
1830 1815 1834 1824 1835 1831 1825 1832
1824 1831 2023 1835 1830 1833 1832 2022
1833 1834 1830 1825 1836 1824 1831 1832
1837 1824 1840 1839 1838 1637 1823 1642
1838 1643 1823 1642 1824 1839 1840 1836
1837 1644 1637 1823 1643 1642 1638 1836
1638 1637 1841 1636 1842 1843 1639 1840
1836 1839 1637 1842 1841 1837 1843 1638
1638 1839 1842 1637 1636 1635 1843 1639
1841 1636 1840 1635 1843 1637 1638 1839
1637 1839 1846 1636 1842 1841 1840 1845
1846 1627 1629 1628 1847 1848 1630 1845
1844 1630 1842 1848 1629 1846 1843 1847
1844 1845 1843 1629 1848 1847 1841 1842
1844 1848 1986 1628 1629 1846 1843 1845
1630 1629 1628 1847 1844 1846 1627 1845
1560 1620 1558 1563 1850 1557 1559 1619
1554 1555 1849 1556 1557 1558 1560 1559
1852 1884 1857 1858 1853 1888 1859 1889
1854 1889 1853 1851 1857 1888 1858 1856
1986 1969 1855 1985 1968 1967 1987 1854
1967 1968 1853 1987 1969 1970 1855 1985
1969 1854 1970 1967 1985 1971 1968 1853
1958 1857 1956 1959 1957 1961 1960 1954
1958 1955 1856 1957 1959 1956 1954 1960
1886 1894 1887 1884 1889 1859 1890 1888
1889 1888 1890 1894 1858 1895 1887 1891
1866 1863 1864 1891 1894 1861 1887 1862
1864 1862 1863 1893 1860 1894 1892 1891
1864 1866 1891 1892 1860 1861 1863 1865
1865 1864 1862 1860 1891 1861 1866 1867
1862 1866 1868 1891 1886 1863 1865 1860
1867 1862 1868 1869 1864 1863 1866 1860
1863 1864 1870 1885 1865 1867 1868 1860
1869 1870 1868 1863 1865 1871 1866 1864
1867 1865 1872 1870 1881 1869 1866 1864
1873 1867 1872 1871 1866 1868 1870 1865
1872 1866 1869 1867 1879 1874 1868 1871
1869 1873 1874 1872 1870 1865 1868 1867
1871 1873 1868 1869 1878 1874 1870 1867
1875 1872 1874 1878 1871 1867 1870 1869
1878 1871 1870 1879 1869 1875 1872 1873
1880 1876 1877 1879 1878 1874 1872 1870
1875 1878 1881 1879 1880 1883 1882 1877
1879 1880 1881 1875 1882 1874 1876 1878
1881 1875 1870 1879 1877 1876 1880 1872
1885 1875 1880 1881 1876 1870 1878 1882
1879 1883 1878 1876 1877 1881 1885 1882
1883 1878 1868 1879 1880 1886 1882 1885
1884 1883 1880 1878 1881 1876 1885 1879
1884 1880 1885 1889 1886 1882 1879 1881
1885 1883 1890 1887 1888 1889 1882 1886
1882 1879 1883 1866 1886 1884 1881 1887
1864 1883 1885 1884 1881 1889 1890 1887
1886 1884 1860 1888 1890 1885 1859 1889
1858 1883 1886 1887 1889 1884 1859 1890
1887 1890 1884 1888 1886 1858 1885 1883
1884 1889 1891 1886 1859 1858 1887 1888
1895 1861 1860 1894 1864 1890 1892 1862
1895 1896 1862 1894 1891 1893 1860 1861
1891 1892 1896 1894 1861 1898 1897 1895
1892 1861 1893 1860 1898 1859 1895 1891
1899 1898 1893 1894 1897 1896 1892 1891
1895 1893 1898 1894 1897 1900 1899 1892
1900 1898 1901 1899 1902 1895 1896 1893
1896 1895 1893 1899 1894 1902 1897 1892
1895 1896 1898 1902 1903 1900 1901 1897
1903 1906 1897 1899 1904 1902 1896 1901
1899 1902 1906 1905 1897 1904 1900 1903
1897 1898 1899 1903 1906 1900 1901 1904
1899 1902 1906 1913 1901 1905 1904 1900
1911 1906 1913 1901 1902 1900 1903 1905
1912 1913 1903 1901 1911 1906 1910 1904
1901 1912 1903 1902 1913 1905 1904 1907
1906 1912 1903 1915 1902 1913 1914 1908
1917 1915 1913 1907 1916 1912 1906 1914
1917 1914 1911 1919 1918 1912 1948 1910
1912 1917 1919 1911 1918 1905 1921 1909
1910 1905 1909 1919 1912 1914 1913 1904
1911 1909 1905 1910 1906 1914 1917 1913
1914 1912 1906 1908 1904 1903 1905 1911
1917 1913 1912 1915 1911 1908 1909 1916
1917 1912 1908 1949 1914 1907 1948 1916
1915 1908 1946 1917 1914 1909 1948 1949
1949 1948 1915 1916 1912 1909 1918 1914
1920 1909 1947 1910 1917 1948 1921 1919
1909 1918 1911 1948 1920 1921 1910 1922
1924 1948 1947 1921 1918 1922 1919 1945
1924 1947 1910 1919 1918 1920 1922 1923
1925 1924 1926 1921 1923 1920 1919 1945
1928 1944 1921 1924 1925 1926 1927 1922
1922 1945 1921 1947 1923 1925 1944 1920
1922 1926 1944 1923 1934 1924 1928 1945
1927 1934 1922 1929 1923 1928 1930 1925
1933 1930 1923 1926 1934 1929 1928 1931
1927 1923 1933 1929 1934 1944 1926 1925
1931 1933 1928 1934 1926 1930 1932 1927
1929 1934 1928 1927 1926 1932 1931 1933
1928 1930 1929 1934 1927 1926 1933 1932
1934 1926 1928 1933 1930 1931 1927 1929
1927 1932 1944 1931 1934 1926 1929 1928
1928 1932 1925 1929 1945 1926 1933 1944
1934 1932 1931 1929 1938 1933 1937 1936
1935 1939 1934 1937 1931 1933 1938 1932
1934 1941 1939 1932 1933 1938 1936 1935
1932 1935 1939 1937 1940 1936 1941 1933
1964 1940 1966 1965 1942 1950 1941 1951
1942 1966 1951 1941 1939 1965 1964 1950
1942 1940 1964 1939 1950 1951 1965 1966
1966 1950 1964 1953 1951 1941 1940 1939
1946 1924 1945 1949 1947 1934 1944 1925
1925 1943 1933 1928 1934 1945 1924 1923
1920 1922 1944 1946 1925 1943 1947 1924
1948 1947 1945 1949 1920 1944 1943 1916
1943 1946 1949 1918 1924 1945 1920 1948
1920 1917 1946 1949 1918 1909 1916 1947
1943 1918 1948 1947 1915 1946 1917 1916
1964 1951 1942 1953 1941 1952 1955 1963
1942 1964 1950 1952 1953 1966 1962 1963
1955 1963 1954 1953 1951 1962 1961 1950
1954 1952 1957 1951 1942 1962 1950 1955
1961 1962 1956 1957 1952 1955 1953 1960
1953 1954 1950 1956 1952 1958 1961 1957
1960 1954 1955 1959 1958 1961 1856 1957
1954 1956 1955 1960 1958 1953 1856 1959
1957 1959 1960 1956 1955 1954 1856 1857
1857 1954 1960 1956 1958 1856 1955 1957
1958 1961 1962 1954 1956 1957 1856 1959
1955 1956 1952 1856 1954 1962 1960 1963
1963 1966 1954 1961 1952 1951 1953 1960
1965 1966 1961 1950 1951 1964 1962 1952
1941 1966 1965 1963 1940 1950 1942 1951
1940 1939 1963 1966 1942 1964 1941 1951
1950 1940 1942 1965 1963 1962 1951 1964
1855 1972 1971 1968 1970 1973 1969 1974
1969 1970 1855 1967 1972 1973 1854 1971
1970 1973 1856 1968 1855 1971 1967 1854
1967 1855 1969 1971 1968 1973 1974 1972
1970 1968 1980 1967 1972 1973 1974 1975
1974 1980 1970 1973 1975 1967 1979 1971
1969 1970 1971 1967 1974 1972 1975 1968
1973 1967 1976 1971 1972 1975 1970 1980
1976 1978 1972 1973 1980 1979 1971 1974
1972 1978 1975 1980 1974 1966 1977 1979
1976 1995 1975 227 1979 1978 1980 1972
1975 1974 1979 227 1965 1977 1980 1976
1975 1972 1971 1976 1978 1980 1974 1977
1979 1972 1973 1977 1975 1976 1974 1971
1992 1982 1989 1994 1983 1990 1993 1991
1984 1991 1990 1993 1981 1989 1983 1988
1989 1991 1981 1988 1990 1982 1985 1984
1985 1988 1982 1981 1987 1990 1983 1989
1988 1984 1983 1986 1982 1989 1855 1987
1987 1855 1985 1854 1988 1984 1847 1853
1855 1983 1854 1988 1984 1986 1985 1853
1982 1983 2000 1990 1984 1989 1987 1985
1984 1981 1990 1988 1982 1985 1991 1983
1982 1984 1981 1992 1988 1991 1983 1989
1993 1982 1981 1989 1998 1999 1992 1990
1981 1998 1990 1991 1994 1993 1999 1996
1991 1995 1999 1992 1982 1990 1981 1994
1993 1981 1995 1991 1996 1992 1998 1999
1999 1996 1994 228 1997 1992 1977 1993
1999 1992 2006 1998 1995 1997 1994 1993
1996 2005 1998 1995 1992 2006 1999 2004
2006 2004 1997 2005 1999 1996 1991 1992
1997 1992 1995 1993 1996 1998 1991 1994
2013 2002 1989 2003 2001 2012 2011 1988
2010 2003 2002 2011 2012 2013 2000 1989
2000 2004 2003 2009 2010 2012 2001 2011
2002 2005 2001 2012 2009 2010 2011 2004
2005 2003 2008 2010 2002 2009 2006 1998
2006 2009 1998 1997 2007 2008 2003 2004
2005 2009 2004 1998 1996 2008 1997 2007
2005 2004 2006 2008 2010 245 2009 2020
2005 2003 2010 2006 2007 2009 2004 2011
2005 2011 2010 2002 2004 2007 2008 2003
2009 2012 2002 2004 2011 2003 2008 2001
2002 2003 2010 2009 2013 2000 2012 2001
2013 2000 2001 2011 2009 2003 2010 2002
2001 2011 2010 2015 2014 2002 2012 2000
2018 2016 2011 2017 2012 2013 2015 1834
2018 2010 2016 2014 2017 2013 2012 2011
2018 2010 2014 2015 2011 2017 2012 2019
2016 2015 2011 2020 2018 2019 2010 2014
2016 2008 2021 2009 2015 2017 2019 2020
2020 2008 2016 2018 2009 2017 2021 2007
253 2007 2019 251 2008 2018 2021 2017
2019 2020 2022 2026 2018 2025 253 2024
2024 2021 2017 1834 2027 2023 2026 2025
1834 2016 2024 2021 2026 2025 2022 1835
2026 2023 2022 2021 2027 256 255 2025
2022 2027 2021 2023 2028 256 2024 2026
2021 2024 2027 257 2025 2028 2022 2029
2028 257 2026 2030 2029 2024 258 2025
2031 2026 260 259 2025 2027 2029 2030
260 2027 2026 2032 259 2028 2030 2031
261 2029 2028 2036 2031 2037 2027 2032
2028 2029 2036 2034 2035 2030 2033 2032
2031 2036 2029 2028 2030 2035 2034 2033
2032 1827 2035 1829 1828 2034 2031 2036
2042 2035 2031 2044 2032 2033 2043 2036
2031 2033 2032 2036 2044 2042 2043 2034
2042 2034 2030 2033 2037 2031 2032 2035
2042 2035 2038 2036 2030 2055 2056 296
2042 2037 297 2036 2056 2039 2057 2055
2046 2045 2040 2048 2042 2043 2054 2041
2039 2042 2047 2048 2054 2041 2053 2046
2039 2040 2045 2046 2044 2043 2048 2042
2045 2039 2043 2044 2036 2041 2035 2040
1808 2034 2042 2041 2039 2045 2044 2046
1808 2041 2042 2048 2045 1809 2043 2046
1807 2043 2044 2039 1808 2041 2046 2048
2039 2054 2045 2047 2049 2041 2040 2048
2053 2046 2048 2054 2050 2051 2049 2040
1806 2041 2046 2040 2044 2049 2047 2045
2071 2046 1805 2051 2054 2048 2050 2047
1804 2048 2070 2053 2049 2071 2051 2047
2052 2047 2049 2070 2071 2053 2054 2050
2069 2065 2051 2054 2070 2066 2053 2071
2054 2050 2051 2052 2047 2070 2040 2066
2046 2051 2049 2052 2040 2039 2053 2047
298 2057 2037 2040 2056 2058 2039 2038
2055 2057 2040 2037 302 2038 2059 2058
2059 2038 2054 2055 303 2056 2058 2060
2059 2054 2060 304 2055 2057 2053 2056
305 2052 2053 2060 2056 2057 2066 2058
310 2065 2066 305 2057 2058 2052 2059
2067 2063 2064 340 341 2062 342 2065
2063 340 2061 2064 342 341 343 339
2064 349 2079 2082 348 2074 2080 2081
2067 2063 348 2079 2068 2080 2074 2073
2070 2052 2069 2068 2072 2061 2066 2067
2071 2067 2070 2072 2069 2052 2053 2065
2072 2071 2066 2068 2064 2070 2069 2065
2070 2071 2069 2072 2065 2073 2064 2067
2052 2067 2072 2071 2065 2068 2070 2066
2069 2071 2053 2052 2066 2050 2051 2072
2072 2069 2052 2050 2051 2070 1803 2049
2050 1802 2066 2069 2070 2068 2071 2067
2071 1802 2067 2074 2068 2072 1803 2064
2073 1802 2064 2080 2063 2079 2072 2068
1792 2077 1793 1800 1794 1801 1791 2076
2075 1793 2078 2077 1794 1801 1792 1791
1790 2078 2073 1792 2075 2076 1793 1791
2074 1791 2077 2076 1790 2087 2075 1792
2081 349 2082 2063 348 2080 2064 2074
2079 2082 349 2081 2063 348 2064 2074
2079 2063 349 348 2082 350 2080 2083
348 2083 2086 350 2080 2081 349 2079
349 350 348 2085 2082 2086 351 2081
352 354 355 2094 2086 2095 353 2085
352 351 354 2083 2094 2086 2084 353
2085 2084 2083 2082 352 349 351 350
2081 2078 1785 2089 2088 1783 1784 2090
1784 1783 2090 1782 1785 2082 2089 2087
1782 1785 2091 1783 1784 2088 2090 2087
1783 1784 2088 2089 2092 2091 1782 1781
1781 1779 2093 2089 1782 1780 2090 2092
1780 2090 361 1781 2091 1779 2093 360
361 2092 2090 1780 2091 1779 1781 360
2095 353 354 352 2085 2084 355 2093
2096 2084 356 355 352 2094 354 353
2099 2097 358 356 359 2095 2098 357
2095 2099 359 358 356 357 2096 2098
2102 2097 357 2099 2104 2105 2103 2096
2102 2097 2100 2103 2105 2096 2104 2098
334 2099 2101 347 2102 345 335 346
2107 2100 347 335 334 2102 346 2105
2103 2100 2104 2099 2107 2098 2105 2101
2104 2098 2105 2106 2099 2097 2107 2102
2098 2103 2108 2107 2102 2099 2105 2106
2101 2102 2104 2103 2107 2099 2109 2106
2108 2105 2109 2110 2102 2103 2107 2104
2108 2101 2109 2112 2102 2106 2105 2104
2107 2110 2125 2111 2109 2126 2104 2106
2105 2111 2107 2125 2110 2106 2108 2112
2109 2106 2127 2126 2108 2111 2107 2125
2110 2125 2113 2107 2126 2109 2112 2108
330 328 2113 2107 329 331 2109 2111
329 330 331 2112 2125 327 2111 328
2116 17 2115 324 18 272 2117 19
324 2118 2116 2117 18 2114 323 19
2115 17 323 2118 2117 322 2114 324
2115 2116 324 2119 323 321 322 2118
2116 2117 2119 2120 321 323 322 324
2118 2117 320 2121 322 2120 323 321
319 318 320 2122 2118 2119 2121 321
319 318 2122 2119 2124 320 2123 2120
319 2124 2123 11 318 320 2121 2120
318 2122 2132 2130 2121 319 2124 2120
2130 2121 2128 2122 319 318 2123 2113
2109 2126 2113 2110 2128 2111 2127 2108
2129 2128 2127 2111 2109 2108 2125 2110
2129 2110 2126 2131 2130 2128 2111 2125
2130 2127 2125 2129 2126 2111 2124 2110
2128 2132 2131 2130 2126 2133 2127 2134
2128 2131 2127 2129 2123 2132 2124 2134
2130 2132 2136 2135 2127 2133 2134 2129
2130 2136 2135 2134 2133 2123 2131 2129
2132 2130 2134 2131 2136 2129 2137 2135
2138 10 2133 2130 2135 2132 2136 2131
2134 2133 2 2138 2137 2132 2136 2131
2137 2133 2135 2138 4 2134 10 2132
0 1 2 3 2136 2133 2135 2138
0 2137 2 3 4 2135 2139 2136
2140 49 48 3 4 5 47 2141
0 49 47 2147 2141 2139 2146 48
49 2147 2140 47 2139 2146 48 46
2145 47 2147 2143 2141 2146 46 2140
47 2141 2142 2146 46 2144 51 2145
37 51 52 2143 2145 39 38 36
51 2142 37 46 52 2144 38 2143
54 2141 47 2142 46 2147 2143 2140
0 2141 2151 2143 2142 47 2146 2140
0 1 2147 2151 54 2150 2149 53
0 1 2150 2148 54 2147 53 2151
0 1 2 3 2151 2149 2147 2148
0 1 2 3 2148 2147 2150 2149