1 714 721 723 12 11 722 13
723 2 703 721 722 714 10 693
712 1 3 702 714 703 10 720
703 720 2 712 697 711 10 702
715 704 705 716 709 6 713 8
707 14 699 16 718 719 717 706
709 704 708 716 713 705 7 715
718 700 716 715 705 709 6 708
9 701 15 709 716 704 6 715
8 709 15 700 701 19 6 716
696 1 2 703 693 720 714 721
0 722 723 721 12 17 714 13
0 723 721 714 11 17 722 13
90 91 98 25 11 12 26 17
707 84 85 16 719 5 718 699
8 9 18 97 708 19 700 709
100 700 14 719 18 5 699 99
90 91 98 25 11 12 26 13
100 700 86 15 101 19 99 97
8 9 97 15 86 18 87 101
92 696 28 720 23 24 687 692
690 695 93 691 688 687 92 95
26 689 27 94 42 91 25 45
20 38 28 44 92 24 696 687
20 92 43 28 696 23 38 44
22 39 27 98 91 90 26 94
22 90 27 98 94 39 25 91
22 25 94 689 26 91 42 45
23 43 36 20 38 44 687 24
37 95 30 690 81 46 686 688
46 33 29 64 686 81 95 37
689 80 47 45 684 42 39 683
44 35 685 38 688 37 34 687
675 64 106 29 37 81 30 77
663 678 37 666 32 675 665 35
678 665 685 34 676 32 668 671
28 44 683 78 671 43 38 32
30 33 32 46 29 685 34 688
23 44 36 685 32 24 28 43
90 91 684 42 80 94 47 41
80 684 670 48 79 39 90 41
90 79 91 684 39 48 80 40
22 31 94 45 689 80 39 47
24 28 32 44 38 23 36 45
688 32 687 28 38 92 685 43
22 80 31 42 47 94 39 689
686 81 688 21 95 29 30 37
91 39 42 45 684 80 689 94
684 79 670 41 80 39 90 40
66 67 77 58 107 65 108 50
111 65 51 107 108 58 67 49
61 56 111 59 104 58 57 60
54 73 56 71 76 53 110 72
54 73 56 72 76 52 110 71
53 73 56 71 110 52 55 72
54 75 61 76 57 60 56 104
104 74 75 76 57 61 55 60
104 61 75 76 56 60 55 59
59 49 50 108 51 111 107 65
104 111 61 51 60 58 55 57
104 59 76 51 56 57 55 61
54 59 76 104 56 57 55 60
105 83 70 69 63 115 114 103
110 114 71 73 82 72 115 84
30 33 65 66 106 107 77 81
66 67 49 77 50 107 108 58
88 49 64 87 102 81 65 107
65 50 108 89 101 111 68 49
108 67 113 112 75 111 109 89
105 83 63 70 62 103 115 114
53 71 69 105 114 103 115 72
53 72 114 110 56 52 54 73
53 71 114 73 56 52 54 110
53 76 114 110 72 52 54 71
75 113 76 109 56 73 112 110
73 57 76 74 56 109 112 113
75 113 74 109 56 73 112 110
65 33 64 66 49 116 107 106
680 36 669 676 671 668 664 683
48 80 684 41 670 39 681 40
47 684 42 39 45 48 31 41
29 66 95 33 686 64 30 102
109 74 84 114 73 63 110 113
62 103 114 85 115 69 63 84
110 114 82 73 85 63 115 109
62 83 14 69 114 84 82 63
87 97 19 102 18 88 101 96
86 97 88 67 102 101 66 96
694 87 86 66 96 101 97 102
109 99 67 108 111 101 100 68
25 94 26 47 39 91 98 41
22 25 26 94 689 39 90 47
687 688 24 685 20 21 23 44
686 95 695 694 96 690 21 691
22 25 26 42 27 689 39 91
81 690 29 30 46 686 691 93
102 93 87 86 97 686 694 88
96 101 88 15 19 18 87 86
90 25 91 17 94 39 26 13
19 82 86 101 16 100 18 89
89 109 84 82 16 99 18 68
67 97 19 86 88 102 87 89
81 66 93 96 87 686 101 88
114 83 62 63 69 115 105 70
76 59 61 51 56 57 55 60
53 70 69 72 103 115 52 71
49 77 645 116 675 64 33 107
65 106 116 58 77 49 50 108
65 49 111 51 58 68 67 50
73 112 76 110 82 75 74 113
53 114 71 63 73 52 54 72
75 74 68 112 108 51 76 113
68 113 74 111 56 75 76 109
74 110 112 75 56 73 76 109
115 110 73 72 63 82 52 71
114 103 69 63 62 71 105 70
645 49 107 77 651 50 106 644
118 648 103 105 121 649 170 70
650 652 122 648 124 168 123 169
638 639 120 650 647 149 640 150
638 647 119 149 640 150 650 639
118 170 168 169 117 648 649 131
169 168 166 124 123 148 145 167
167 169 122 171 125 166 124 168
168 166 122 169 125 167 123 171
169 145 171 166 124 167 123 168
127 283 129 128 131 132 602 125
281 131 132 278 126 130 128 129
282 129 279 126 277 602 283 280
126 128 131 282 279 283 280 602
127 279 278 281 276 280 132 275
126 170 129 128 132 125 127 602
129 127 131 126 130 280 128 278
585 588 134 601 136 135 137 147
135 150 149 147 133 601 146 148
150 148 149 120 134 601 146 147
588 140 582 606 151 147 137 133
582 606 151 605 136 607 140 152
152 607 161 139 600 589 605 156
607 152 156 138 161 605 600 635
606 151 136 620 137 152 607 637
164 604 143 160 165 172 144 599
155 610 631 173 163 154 162 630
176 144 183 165 172 174 141 599
174 141 178 183 143 179 176 172
166 169 125 167 124 123 148 171
145 603 150 149 134 135 601 148
137 134 135 136 149 146 133 588
145 167 171 166 146 603 150 122
638 135 150 120 119 134 640 146
134 135 119 122 149 146 120 148
136 140 137 152 158 620 607 637
138 151 607 139 161 140 637 158
622 157 160 608 165 159 164 609
610 631 630 163 142 619 155 162
613 154 160 631 619 163 609 162
161 139 157 159 635 608 600 138
614 621 608 615 159 617 153 156
623 636 151 637 635 152 659 618
164 161 157 156 604 608 153 165
165 631 164 162 609 619 153 155
608 635 156 138 158 152 159 139
142 163 631 154 176 160 619 155
631 619 142 630 162 610 154 155
608 143 153 159 160 165 604 141
160 141 159 153 172 604 164 143
167 125 171 169 124 168 123 145
124 122 168 166 123 145 169 148
169 167 122 171 124 125 123 166
168 124 166 167 122 125 123 171
648 121 132 126 649 117 127 131
125 123 148 169 168 145 124 166
143 141 165 597 174 183 144 599
162 142 176 178 182 175 177 179
599 597 592 143 144 172 183 595
178 176 173 142 179 182 180 177
178 143 179 183 177 175 173 144
182 173 178 175 181 180 179 176
180 175 144 183 177 182 176 179
181 183 175 182 176 177 180 178
178 176 182 179 177 175 181 183
180 174 182 178 559 177 179 183
180 175 179 177 181 173 178 176
143 172 178 144 181 174 176 179
186 550 574 551 553 552 563 185
184 574 550 186 552 563 545 553
546 552 185 550 184 553 563 545
573 556 547 542 549 189 544 555
257 543 523 522 541 542 547 264
541 256 544 255 187 542 547 191
535 532 538 536 269 531 537 534
246 255 541 518 189 207 220 256
193 262 526 263 266 197 260 259
192 196 267 265 526 194 197 266
525 265 196 268 193 197 526 522
540 235 253 256 200 198 204 206
526 520 194 268 193 197 265 525
192 193 525 514 196 526 210 194
540 204 200 195 235 527 539 206
236 241 234 238 239 202 205 237
195 204 206 539 198 235 527 540
269 254 537 242 237 533 202 203
203 199 201 236 529 205 533 237
201 226 242 202 236 254 237 240
206 244 195 235 527 198 200 245
236 241 239 238 234 237 202 199
200 204 253 198 235 219 195 512
518 191 246 220 513 253 541 255
519 514 221 520 525 516 224 247
210 262 524 521 261 248 510 251
263 249 259 521 250 526 262 247
510 252 251 248 212 507 508 505
508 252 510 248 211 509 507 213
506 511 508 212 252 344 507 509
226 321 229 228 243 216 218 217
225 349 515 350 222 223 345 224
228 214 240 243 242 218 226 217
226 214 243 218 242 216 254 228
226 216 254 243 214 244 217 245
206 227 330 204 324 512 323 253
191 518 246 207 512 253 513 255
247 224 520 208 516 525 514 511
515 517 345 224 225 516 215 223
215 224 518 515 516 222 517 225
516 517 225 223 519 222 215 515
222 515 517 518 516 215 223 224
243 237 242 218 214 216 240 217
219 321 512 330 324 322 331 323
216 217 229 230 326 325 214 321
230 326 228 325 330 321 328 214
354 326 229 325 328 333 228 321
329 232 234 319 320 233 239 327
238 233 320 239 329 234 319 231
239 320 319 240 231 329 234 232
237 238 205 241 233 236 329 239
539 198 200 204 540 206 195 527
199 241 239 237 205 202 234 238
236 205 241 234 238 199 239 240
234 239 240 199 237 236 205 241
240 205 234 238 241 236 233 237
239 236 203 238 242 237 226 216
237 234 205 236 239 199 240 238
203 254 243 216 226 240 217 237
217 242 214 218 226 254 244 216
235 269 218 245 217 243 254 204
254 217 218 244 235 243 204 200
191 541 518 207 220 256 255 253
511 526 252 525 249 250 210 514
251 508 252 249 211 510 212 209
213 511 250 252 210 247 248 514
526 514 247 525 511 210 249 252
209 508 252 521 212 248 211 510
249 251 213 511 250 508 248 212
195 246 220 512 206 255 219 207
203 217 244 245 218 269 243 242
191 541 189 207 220 246 253 256
255 544 189 246 198 191 540 195
523 188 268 264 265 547 543 522
270 271 266 268 277 273 193 267
262 261 192 524 521 210 260 263
263 261 192 521 259 210 524 262
259 521 524 263 262 210 209 260
259 261 524 521 263 210 209 260
259 260 192 524 262 210 521 261
517 257 265 268 522 523 519 188
523 520 197 194 196 522 268 525
267 274 193 192 194 270 259 258
192 274 193 271 266 272 258 270
257 196 522 194 265 523 264 193
537 190 535 538 534 532 254 531
272 271 193 267 274 266 258 273
270 279 275 267 273 277 258 274
270 274 281 276 278 279 275 280
271 280 258 270 279 282 277 275
281 267 275 266 276 272 270 271
280 281 271 282 279 278 276 277
275 279 130 278 272 281 280 274
275 282 279 128 283 273 271 280
280 281 276 279 130 127 275 272
283 277 275 273 128 282 280 281
275 277 282 128 283 278 281 279
276 279 130 272 274 278 280 275
283 129 277 128 584 279 280 275
279 602 277 128 282 280 129 275
504 285 483 287 290 289 286 288
288 291 483 284 290 286 289 287
504 284 291 290 288 289 285 287
301 285 502 284 504 288 501 286
301 500 290 483 300 287 285 284
504 284 291 286 287 288 285 290
288 291 483 284 289 285 287 286
483 294 289 293 285 290 403 298
408 457 297 293 412 295 407 294
291 294 364 407 403 298 292 408
292 483 484 298 300 297 293 291
456 415 486 416 477 485 292 457
490 479 485 476 489 475 419 487
483 294 298 484 300 299 293 292
297 301 483 294 300 484 299 291
500 297 484 492 298 499 493 300
484 483 288 499 500 301 298 299
501 300 484 500 503 287 483 288
306 305 316 319 317 307 304 318
310 333 316 354 356 355 313 305
307 302 316 305 314 318 306 308
302 314 304 303 356 309 307 316
308 317 307 304 314 401 318 302
316 305 302 309 314 308 304 306
309 401 306 304 314 317 318 307
406 307 397 305 314 311 396 401
360 311 303 313 397 312 356 305
312 310 305 314 405 309 397 313
362 310 397 313 303 311 356 305
312 303 362 355 361 360 356 310
401 308 307 306 396 305 304 309
361 363 359 488 474 357 482 402
302 307 333 327 356 304 303 305
307 320 308 306 304 319 302 318
316 306 308 307 302 317 319 304
233 320 231 232 317 329 327 302
231 317 318 319 329 232 327 233
228 322 328 230 229 324 331 330
336 330 331 335 337 323 324 328
322 337 347 324 338 335 336 330
322 335 331 328 347 336 330 323
230 326 327 228 354 333 355 229
303 230 228 229 327 325 333 354
302 230 333 319 231 316 325 326
331 322 332 324 330 321 336 335
320 239 241 232 233 231 234 319
321 323 331 322 324 328 336 227
328 332 322 330 321 336 324 335
358 322 335 328 482 331 321 336
303 356 325 354 327 316 326 230
336 496 482 337 322 491 335 338
324 331 332 328 482 336 322 334
335 328 334 337 324 331 322 323
347 324 323 322 336 338 346 496
346 496 323 491 347 334 337 336
345 350 341 498 495 481 349 494
494 339 348 350 349 351 341 346
495 349 498 348 494 350 339 340
506 343 497 344 345 221 509 213
509 497 506 342 493 345 344 499
509 499 342 506 503 213 343 497
343 350 339 215 222 498 342 349
491 351 323 496 338 347 348 337
337 496 336 338 322 346 324 323
491 351 494 338 496 340 341 346
498 340 345 339 341 350 495 215
481 341 349 494 498 495 345 339
348 513 340 347 337 341 496 346
502 501 497 507 509 506 503 353
502 352 501 506 503 504 287 507
326 356 333 358 230 325 355 303
354 313 310 356 358 303 325 360
305 316 303 310 354 312 355 313
474 488 482 361 358 359 315 363
355 332 482 361 360 354 357 315
315 363 334 487 475 482 488 357
362 358 313 310 402 355 474 361
362 473 315 402 363 360 357 474
474 313 404 473 360 472 402 361
475 488 474 359 315 467 361 357
409 420 422 414 421 407 423 403
373 366 375 367 374 372 371 376
370 373 371 375 367 372 365 374
366 369 374 373 371 370 372 365
366 367 371 365 373 372 370 369
373 370 367 372 371 365 366 368
371 365 367 368 373 369 366 372
366 367 370 365 368 369 372 373
375 373 366 374 370 367 365 371
372 365 374 366 367 371 370 375
377 373 365 366 375 378 376 372
377 373 366 374 378 372 376 365
380 375 379 381 377 378 374 365
365 375 379 381 374 378 376 380
379 380 374 376 382 381 375 377
378 380 376 375 382 377 381 383
383 377 378 376 379 375 381 382
376 375 382 378 383 377 380 379
377 383 380 376 381 384 378 379
380 382 378 386 387 379 388 381
382 379 381 383 398 387 380 386
388 391 387 390 389 392 386 393
390 385 387 392 389 393 391 388
382 388 391 386 389 385 383 390
393 389 387 391 392 390 385 386
387 386 393 390 388 391 385 392
385 386 391 387 389 393 388 392
388 386 390 387 389 393 385 392
386 389 387 393 391 390 385 388
399 385 386 389 392 390 391 388
395 399 392 400 396 401 406 393
400 394 308 401 393 406 396 399
314 401 400 309 394 398 399 406
311 406 404 309 398 405 312 310
384 406 405 397 400 399 404 396
386 396 385 384 406 398 400 393
395 398 394 309 401 396 406 399
309 306 308 394 314 396 400 395
467 362 315 472 360 361 474 473
290 407 291 364 409 285 289 293
312 397 398 362 470 405 473 472
406 309 472 398 312 311 404 397
384 396 397 399 400 398 309 405
364 413 293 292 414 403 408 409
413 414 292 412 409 461 460 407
364 413 431 414 432 461 407 408
411 452 450 456 447 460 448 457
415 462 452 459 410 456 457 416
452 461 460 413 408 411 457 410
461 457 460 409 414 412 408 407
433 461 434 413 409 431 430 432
419 416 458 411 295 456 459 457
412 292 456 411 486 457 295 415
466 418 476 468 454 455 465 453
417 466 463 465 455 419 454 458
415 459 476 418 417 465 458 466
427 423 422 425 421 364 424 426
427 423 422 425 420 364 424 426
421 423 364 425 424 427 420 426
420 422 364 425 424 427 421 426
426 425 430 429 428 420 421 427
426 424 428 429 431 432 430 427
432 424 429 428 431 425 430 427
432 428 430 431 424 425 429 426
429 430 432 426 424 425 431 427
431 427 425 428 430 426 434 432
435 427 428 433 431 434 432 429
435 437 434 430 436 429 433 432
435 437 434 430 436 429 433 431
432 434 431 436 435 430 438 437
433 437 431 436 435 430 429 432
438 431 437 436 433 439 434 432
440 434 435 441 437 438 433 439
441 433 440 439 435 436 434 438
439 435 443 437 436 442 441 440
441 435 437 440 436 443 438 442
443 437 442 438 435 436 441 439
438 436 443 442 444 437 440 439
446 438 441 444 439 445 443 440
438 446 441 439 445 444 442 440
442 441 448 447 443 449 446 445
442 441 448 446 443 447 444 449
450 445 442 443 449 447 448 444
446 452 450 449 444 451 448 445
445 446 449 447 450 451 444 452
444 451 450 447 445 446 452 448
449 452 444 446 445 447 451 448
445 450 448 447 449 444 452 446
447 449 448 445 450 460 410 444
466 468 455 467 469 471 454 417
465 417 453 466 464 463 455 418
453 465 418 469 468 466 454 417
462 416 457 458 410 411 459 415
411 412 452 416 410 456 460 415
459 464 463 419 462 456 465 418
464 456 410 463 411 458 462 415
412 445 457 413 461 442 444 452
436 414 439 460 413 442 440 438
458 463 410 464 459 411 456 415
458 464 418 462 455 465 466 454
458 465 463 462 459 466 454 418
454 466 418 417 464 463 458 455
418 468 454 465 453 463 417 455
417 475 402 363 474 469 453 468
466 454 469 475 453 467 455 417
417 471 467 454 466 468 453 455
472 373 372 473 471 365 374 404
473 470 368 402 370 469 453 472
404 471 474 362 402 473 470 361
471 472 474 404 362 470 402 361
357 360 362 402 472 361 473 315
467 488 296 487 468 476 359 363
475 466 419 465 296 417 418 487
492 486 485 481 480 489 295 478
481 489 495 486 494 480 477 485
485 296 475 491 490 489 476 487
493 495 492 481 477 486 494 478
478 339 498 480 494 477 492 495
358 359 315 332 357 334 335 488
294 301 484 290 300 298 288 285
298 288 297 483 301 294 299 300
486 478 295 476 296 419 477 489
480 416 415 477 489 478 485 295
475 479 359 476 490 488 296 363
482 359 357 487 363 361 315 475
478 485 490 477 296 494 479 487
334 479 296 489 496 491 487 338
338 348 337 490 347 496 346 334
299 499 339 498 480 493 495 481
481 499 299 343 492 495 498 339
339 481 498 478 495 340 350 341
339 498 350 341 492 481 349 493
347 334 351 337 348 491 346 338
343 344 352 500 509 506 499 503
341 481 495 349 492 350 339 345
497 299 300 500 493 344 343 503
301 506 497 300 503 499 501 288
287 507 353 503 504 502 352 288
505 501 503 352 504 507 287 353
499 506 353 301 500 352 501 497
502 505 352 287 353 284 286 501
507 353 504 211 501 508 352 502
507 344 497 503 509 352 500 353
509 353 212 506 508 352 502 501
509 252 213 505 211 507 510 212
508 506 352 213 212 497 344 507
252 251 211 508 212 248 505 209
212 252 514 213 250 247 210 249
347 227 220 253 206 323 346 219
340 351 253 207 348 518 220 346
526 525 250 208 520 247 511 221
516 518 223 224 519 225 517 222
223 517 222 520 224 519 225 515
224 515 516 519 518 264 223 225
517 191 223 224 225 515 207 246
224 516 208 517 522 515 225 520
519 221 208 196 514 525 516 265
209 262 263 210 260 261 524 259
523 265 268 257 194 520 519 264
196 188 522 265 194 268 264 257
262 263 521 259 260 210 209 261
208 196 526 520 197 194 514 247
525 193 514 197 210 194 247 196
536 235 530 539 198 528 538 540
540 563 198 536 546 530 527 539
181 533 537 202 201 559 199 564
531 545 538 546 539 536 527 535
269 535 532 538 536 534 530 190
269 531 535 536 538 530 190 534
529 199 564 202 537 559 201 203
269 535 531 548 532 190 538 536
269 190 532 531 536 534 538 548
535 531 538 545 532 546 530 534
534 535 562 561 532 269 190 531
535 530 536 269 532 534 190 531
527 198 530 235 528 536 546 540
198 539 235 527 195 530 528 200
188 246 547 542 544 255 191 189
188 191 187 189 541 544 555 547
547 257 542 264 554 188 555 567
187 541 549 555 256 189 547 542
186 536 546 552 185 553 548 563
185 552 530 536 553 545 563 186
543 187 541 189 188 555 542 544
535 545 551 531 536 560 563 562
573 572 568 565 556 570 187 586
552 572 185 553 184 574 563 186
184 552 560 553 562 545 185 548
185 550 563 186 553 545 184 546
552 545 186 546 185 550 563 184
571 543 567 556 187 555 580 575
549 567 554 556 571 547 543 187
585 549 580 586 554 568 555 571
558 551 591 560 574 594 590 596
557 593 596 587 574 591 569 594
181 179 533 561 183 564 529 595
184 563 561 548 551 545 562 552
564 595 551 548 537 557 560 562
548 531 545 560 534 535 551 561
185 550 545 552 546 184 186 553
181 559 533 561 595 202 529 537
550 570 573 185 186 572 553 549
584 578 579 577 583 576 567 575
576 543 566 571 575 580 578 554
581 565 549 586 573 585 556 570
574 587 581 593 558 591 570 582
569 572 581 586 568 573 549 565
567 575 555 588 554 578 556 580
565 553 570 574 550 573 186 185
570 187 549 572 550 568 565 586
552 591 186 553 558 550 185 184
579 578 567 566 580 576 577 571
577 584 566 578 579 575 583 567
579 566 576 603 583 578 575 584
583 579 575 577 567 566 576 580
577 583 603 601 576 566 578 575
578 579 556 567 575 554 571 588
568 585 587 582 586 569 606 570
606 587 581 586 607 605 137 569
566 576 601 579 575 577 578 603
579 576 277 577 566 283 282 602
582 568 556 549 586 570 588 581
568 549 573 570 585 581 588 556
558 569 591 582 593 605 589 606
586 571 580 575 568 585 556 133
605 600 593 587 138 598 607 591
595 174 592 594 596 597 557 599
589 593 558 596 594 569 574 587
174 172 597 183 590 595 596 599
591 589 598 587 569 558 605 594
593 590 558 598 589 557 596 591
561 174 599 590 597 559 564 592
551 590 558 594 593 598 557 591
174 172 183 592 595 143 599 590
596 594 590 600 593 589 604 591
141 597 592 590 172 143 174 595
139 156 138 604 589 593 605 598
134 583 577 579 148 146 578 603
128 126 125 603 171 145 129 283
146 579 577 601 145 148 583 171
153 165 159 608 164 141 600 598
606 587 582 593 139 607 138 589
140 607 137 587 582 151 605 136
138 605 151 606 139 140 152 137
156 153 604 161 164 159 635 157
616 622 613 160 631 629 619 155
654 612 630 611 163 631 155 154
658 655 612 673 654 610 627 613
611 682 673 613 630 627 654 610
627 611 629 631 616 619 609 658
656 635 157 615 657 660 632 617
623 632 635 614 617 626 624 657
613 609 661 629 627 621 658 622
660 615 632 614 656 621 657 157
158 628 620 637 623 662 636 659
629 609 613 616 611 160 631 155
140 636 618 151 628 634 633 637
622 157 616 629 617 653 661 660
661 609 629 616 658 621 613 627
158 659 624 632 618 662 626 615
623 657 659 632 656 626 662 615
643 663 633 628 641 666 675 645
659 623 624 662 656 657 632 615
616 613 611 672 674 658 655 629
663 620 634 666 625 618 636 633
619 621 609 613 658 616 622 627
610 654 612 142 631 163 154 155
611 155 154 619 613 160 609 610
657 615 626 614 624 623 659 635
628 643 637 636 634 641 645 620
637 641 628 643 618 633 636 620
632 615 156 158 614 161 608 139
633 158 628 637 620 618 634 659
636 152 140 151 634 618 158 620
640 639 646 647 650 120 119 642
638 640 651 642 646 119 647 120
642 638 650 119 639 646 647 120
633 628 645 634 644 625 643 642
644 119 639 640 643 651 638 646
633 628 642 644 641 625 645 634
642 639 641 645 116 643 651 646
651 675 633 644 625 116 643 641
644 639 647 642 638 640 651 652
652 120 119 646 638 650 639 640
121 649 105 117 170 118 169 168
118 648 131 117 105 169 121 170
120 638 652 647 640 646 639 119
642 646 645 647 644 641 116 639
640 650 647 646 61 104 60 59
660 677 664 621 667 661 658 679
655 673 627 611 682 610 612 672
613 672 658 677 611 627 674 661
626 660 632 657 617 624 664 614
660 632 614 615 626 624 623 656
616 627 629 655 613 611 674 661
623 624 636 618 632 663 662 158
653 614 661 656 617 664 621 657
621 655 629 627 616 658 653 622
626 624 632 618 657 659 663 623
628 624 665 678 666 662 625 659
669 661 660 656 617 668 653 680
35 666 662 663 668 678 676 34
625 675 678 628 645 34 663 665
653 661 674 681 677 655 669 679
664 680 656 78 676 671 657 626
680 653 664 78 667 683 671 679
79 48 672 40 684 682 681 677
668 676 680 35 78 669 683 36
667 677 682 655 627 681 673 674
682 610 627 654 611 672 612 655
627 658 667 677 681 655 672 679
34 641 645 106 666 77 33 625
626 35 668 680 657 665 671 678
661 658 679 681 672 667 655 674
625 665 676 662 663 35 34 666
667 661 669 677 681 683 674 653
656 668 664 671 660 669 676 78
677 679 672 655 79 674 667 670
654 673 612 681 611 655 672 674
78 45 31 679 80 669 36 42
47 42 80 40 48 41 31 39
44 688 38 35 37 32 92 687
29 93 102 46 690 95 81 30
688 38 685 92 23 21 44 32
685 37 29 46 687 92 44 32
22 27 45 42 94 47 39 91
29 686 691 21 46 695 95 93
92 21 93 46 95 690 686 695
20 720 702 696 703 697 695 23
20 1 722 721 27 696 10 720
88 97 93 698 690 102 96 95
691 697 692 690 95 698 21 93
20 693 703 720 24 23 10 692
720 695 691 702 712 703 711 692
695 690 93 694 710 96 691 701
719 700 718 708 16 5 707 7
708 718 716 15 709 699 6 7
8 9 698 710 4 709 6 704
692 697 711 3 703 696 720 712
692 720 2 712 697 702 10 696
716 715 709 705 4 713 6 7
713 715 716 704 4 709 6 7
705 716 708 718 707 719 717 7
700 718 706 708 699 716 719 7
719 707 700 716 699 718 6 7
8 9 704 716 715 700 6 7
8 9 709 694 4 701 704 698
697 692 2 3 695 712 702 703
702 703 2 3 711 692 720 697
715 706 705 704 4 716 6 7
721 1 2 703 693 723 10 722
709 708 716 705 713 704 6 7
709 713 715 704 708 705 6 7
699 719 718 708 706 5 707 7
700 699 706 707 708 5 719 7
700 699 708 706 718 5 707 7
692 702 696 693 703 721 10 20
696 1 720 723 714 722 10 693
723 1 714 721 11 12 10 693
0 1 721 722 714 12 10 11