78 352 256 194 259 250 462 61
197 260 459 502 597 654 456 465
258 252 173 506 254 573 381 261
186 571 416 572 434 461 439 296
182 186 144 419 228 433 470 422
227 223 298 486 195 189 432 143
144 198 470 419 388 228 295 464
142 223 20 145 195 287 276 226
142 21 226 275 20 139 145 326
425 148 392 204 621 345 157 229
344 393 158 402 205 230 149 622
479 496 159 231 190 493 150 206
745 166 135 764 1075 13 666 859
666 166 135 15 134 12 745 165
645 365 359 336 304 316 646 283
745 165 135 166 134 12 647 13
656 236 337 25 99 127 331 340
424 126 26 330 640 237 341 100
315 22 484 329 101 140 27 234
470 404 466 295 322 107 419 388
8 145 226 423 294 275 142 7
326 794 8 842 275 212 139 671
125 332 212 315 329 140 27 139
330 126 314 211 619 26 140 329
492 331 127 210 443 25 328 313
16 313 236 337 331 24 127 99
211 619 314 140 17 23 330 237
315 329 140 484 332 22 18 101
99 141 620 340 288 232 36 337
233 37 341 237 338 26 17 100
339 101 234 38 222 484 342 129
542 354 306 305 532 530 34 531
364 563 310 201 556 154 53 202
309 311 543 545 306 531 34 308
306 532 530 31 354 545 542 305
598 386 347 520 574 174 421 438
83 131 80 232 28 641 288 220
341 41 81 29 221 132 233 84
82 342 234 133 339 85 222 30
406 40 343 187 473 217 657 358
317 231 131 358 83 80 343 217
318 219 221 345 132 230 84 81
515 575 523 552 454 93 460 191
516 370 79 107 466 376 94 192
477 494 448 95 626 491 193 517
630 311 96 48 543 203 627 87
383 556 88 201 560 474 49 154
632 50 89 97 177 629 503 102
627 203 45 543 87 630 395 311
592 504 88 46 383 628 474 435
514 632 102 89 350 593 503 629
535 55 536 537 52 538 693 736
538 55 561 562 51 537 535 362
569 124 364 560 216 563 556 154
567 534 362 122 564 214 363 695
537 51 214 362 533 534 535 536
371 606 697 705 71 72 965 70
606 58 70 59 74 56 72 71
264 706 73 606 939 698 633 72
468 607 74 57 58 60 372 78
961 699 579 902 708 1032 607 59
607 256 60 372 468 59 62 78
930 883 700 813 814 580 819 634
248 650 498 351 501 653 240 103
239 246 414 243 436 578 385 255
913 475 659 67 769 703 701 68
174 444 507 347 421 598 438 35
436 769 397 703 382 475 65 68
703 880 475 67 769 701 1028 65
540 263 1008 896 924 541 704 1064
371 56 904 71 69 771 541 606
912 606 965 697 705 1040 56 1050
73 984 58 264 606 71 56 633
264 698 58 922 633 939 1068 706
78 372 512 57 607 591 59 468
576 649 505 499 512 591 420 77
50 396 350 593 242 248 374 577
512 249 352 75 649 576 499 420
0 468 60 74 372 61 59 607
451 107 43 466 471 516 94 192
288 317 83 40 36 131 641 220
41 84 132 318 341 37 221 219
319 222 219 133 38 85 342 339
641 317 358 36 220 80 40 131
81 132 221 230 219 318 41 37
219 319 222 133 82 38 333 425
640 128 495 341 100 141 424 357
627 48 45 176 96 630 395 203
474 631 49 383 201 628 504 46
514 102 503 50 629 632 593 97
92 1067 726 91 1065 692 983 718
726 692 90 1065 98 384 1067 92
90 1065 719 384 723 91 990 692
552 42 460 191 575 523 515 454
516 370 107 43 79 376 192 466
193 44 448 477 491 517 626 463
203 560 630 627 176 124 411 87
503 50 629 102 47 89 632 177
102 632 514 384 90 629 92 91
236 16 620 331 656 232 337 340
29 341 237 17 233 330 640 26
140 30 329 234 484 315 18 27
89 632 514 593 50 47 629 503
63 374 248 240 498 650 351 513
249 502 250 244 188 260 257 654
610 106 109 111 709 108 586 728
387 105 108 589 586 109 112 110
516 192 43 79 94 466 376 457
586 387 106 111 115 109 112 110
105 114 586 111 113 115 116 617
586 114 115 111 106 108 112 109
114 105 116 617 113 115 586 109
106 114 115 110 117 108 111 590
116 119 111 611 114 120 617 109
117 115 111 590 112 116 113 617
117 112 113 110 114 116 111 590
120 111 119 118 113 114 617 611
617 114 116 590 112 115 113 119
734 121 1039 1053 776 735 611 120
117 116 587 118 121 590 113 120
587 119 426 118 611 735 734 121
118 735 426 1037 734 776 587 120
52 567 215 564 363 214 695 54
122 565 564 215 200 363 568 558
566 563 560 364 96 216 53 569
139 212 327 211 315 329 22 140
211 640 17 330 23 619 314 424
16 236 313 443 210 24 331 25
337 232 357 86 141 28 620 495
484 281 130 30 234 299 339 101
677 129 876 741 839 809 281 299
641 358 80 83 36 317 40 220
41 84 341 221 37 219 318 81
319 342 219 85 38 82 222 333
164 165 1077 166 763 648 744 647
648 647 134 165 745 12 166 13
496 199 150 291 159 325 403 493
485 622 393 289 279 399 390 205
292 392 323 389 401 398 278 377
22 212 794 125 748 326 21 275
315 26 22 329 101 314 18 27
36 357 128 337 28 232 288 620
8 145 226 294 20 423 275 7
272 223 195 227 189 5 146 298
224 277 297 464 4 228 6 419
8 326 275 294 20 226 142 7
287 143 195 223 189 298 272 276
449 210 639 618 180 472 328 452
425 9 392 621 323 229 204 401
622 205 10 402 324 393 230 290
11 136 496 403 206 196 325 190
544 153 307 312 532 547 546 355
542 545 546 311 532 312 308 306
544 307 312 355 539 547 151 546
202 310 46 563 53 201 560 556
557 554 555 52 559 562 558 156
555 557 554 562 1016 758 787 155
204 9 345 425 392 621 229 319
230 137 10 622 289 393 205 344
11 206 150 136 190 199 496 493
761 161 901 1013 838 271 550 832
162 160 367 832 550 271 893 269
161 762 271 893 361 840 163 889
840 889 763 164 361 360 162 872
872 1077 840 163 134 648 763 165
164 851 134 166 1077 648 744 647
764 859 134 744 165 851 1075 666
625 522 598 520 172 574 370 386
170 169 588 584 583 441 369 171
604 588 519 170 168 615 584 609
441 584 615 369 169 604 528 519
169 170 583 584 168 441 375 369
625 574 386 520 167 598 522 370
252 409 2 573 506 397 381 651
66 520 598 35 444 507 347 438
624 450 597 583 508 465 375 447
96 411 395 627 87 203 630 49
47 50 89 503 200 631 102 97
47 558 632 97 559 503 200 98
438 421 521 599 469 624 509 175
449 210 639 452 147 277 328 618
394 496 391 291 136 400 159 199
19 470 422 433 4 419 228 186
322 79 19 404 432 466 388 486
494 423 448 294 491 442 477 226
253 459 456 240 444 251 453 241
433 225 461 3 4 571 296 434
406 778 968 473 964 39 207 807
417 502 260 257 250 654 104 194
143 195 298 223 146 5 272 227
11 196 206 479 150 493 159 231
515 575 454 552 93 510 460 523
370 43 522 376 107 79 516 94
521 517 477 95 44 463 599 626
462 260 417 188 450 250 257 654
227 143 276 223 272 287 146 298
11 403 190 496 325 206 136 150
465 1 654 456 459 597 624 260
277 618 144 464 224 449 6 452
391 496 181 291 400 159 136 394
47 558 123 177 565 568 559 178
46 563 310 556 560 53 202 154
46 556 201 631 310 32 154 563
627 48 45 96 176 87 411 630
401 9 425 148 157 229 621 392
230 137 10 402 393 158 149 622
11 493 159 231 150 479 196 190
784 665 760 407 790 755 976 780
865 407 786 489 490 917 488 843
1012 548 791 549 1061 838 915 909
443 492 313 449 147 24 328 127
125 26 619 327 314 23 126 330
125 329 22 27 139 140 332 315
443 328 272 198 478 146 424 492
564 534 695 55 363 362 567 54
567 54 363 565 122 695 568 564
560 124 364 566 154 53 569 563
317 358 83 343 131 80 39 40
317 158 10 344 131 83 288 230
85 319 82 41 133 157 425 345
83 36 40 80 28 641 288 131
81 41 84 318 341 37 132 29
85 342 219 82 38 339 133 30
227 143 146 195 272 287 298 276
277 144 273 618 297 452 464 228
461 274 600 455 655 612 458 296
8 142 423 145 20 294 483 7
298 189 195 223 143 5 272 432
419 470 464 297 4 144 6 224
345 9 319 157 621 204 425 333
158 149 10 205 344 41 622 318
11 317 493 190 479 159 206 40
99 28 36 620 141 337 288 340
37 100 26 17 29 338 341 237
484 101 342 38 339 30 18 129
614 613 487 637 656 601 602 596
99 16 25 331 656 337 127 340
640 233 330 17 100 314 341 26
239 926 979 898 818 812 815 414
898 812 815 414 818 238 926 1031
251 351 650 63 498 185 501 103
459 576 185 249 253 244 380 104
412 497 254 577 374 76 350 396
247 255 500 64 578 246 412 239
241 499 253 576 420 249 104 502
63 650 577 396 653 248 501 374
500 578 652 409 255 243 247 412
500 243 412 246 578 350 497 514
63 650 245 374 396 577 501 103
241 420 253 104 499 576 502 244
0 502 352 420 257 104 188 499
185 453 253 653 459 240 444 501
652 254 506 500 412 381 409 651
459 1 576 185 241 244 249 104
261 381 652 258 577 242 412 252
409 246 651 436 397 578 652 64
0 368 259 462 580 608 62 61
260 462 417 194 654 502 104 188
261 653 2 252 507 245 254 381
0 580 250 194 62 256 462 61
257 1 654 597 104 502 188 197
252 506 2 245 381 507 254 258
797 1025 828 1001 1023 678 852 891
704 541 691 722 1008 540 1064 69
1040 633 939 706 73 829 698 984
857 868 870 430 830 675 793 672
878 686 714 743 861 936 799 431
888 908 900 871 831 844 270 892
279 359 390 290 378 283 399 365
161 160 367 162 366 549 550 271
334 831 892 844 871 888 900 267
161 160 367 832 162 893 550 269
276 143 189 195 146 223 298 287
467 472 297 618 639 452 224 356
655 595 612 458 461 225 455 601
8 142 326 20 21 139 145 7
327 195 298 146 272 223 287 7
452 639 198 224 273 464 449 618
138 392 389 377 401 398 323 292
399 137 289 268 378 393 485 390
623 181 400 291 394 391 199 379
677 876 849 741 874 839 299 130
933 910 524 526 148 300 525 431
378 304 268 316 336 646 645 359
303 301 302 334 644 285 643 286
286 642 871 1076 888 301 841 850
302 301 303 643 644 284 334 285
298 276 146 272 195 223 327 7
141 36 620 641 28 220 232 80
137 622 390 393 279 485 399 205
622 378 365 390 402 324 393 149
496 181 394 199 391 159 136 400
389 323 398 278 335 401 377 138
481 482 480 483 294 321 429 320
442 293 483 226 20 184 142 423
19 470 404 322 388 228 6 419
455 600 225 572 461 274 612 458
273 464 144 224 452 618 639 277
143 146 189 287 195 272 223 276
874 684 281 130 801 876 839 849
392 401 525 323 204 282 526 148
1074 1076 644 643 642 285 286 850
642 286 644 643 284 334 301 303
284 286 302 335 644 334 643 301
14 359 645 268 336 283 646 316
262 532 355 31 530 34 542 354
531 152 530 545 532 34 308 542
547 544 355 312 532 546 151 153
306 311 152 309 531 545 312 542
306 311 308 531 545 543 33 152
563 556 560 53 154 32 201 202
309 306 531 308 545 543 33 152
539 153 546 307 151 532 547 152
16 210 331 25 127 492 443 24
140 237 330 211 17 23 26 619
101 140 22 332 329 212 18 27
336 283 365 645 359 646 14 304
231 40 131 217 80 358 83 343
81 219 345 41 221 132 230 84
157 621 85 425 229 133 333 345
321 970 845 482 480 862 481 661
661 480 293 862 483 482 320 481
486 295 183 388 470 404 6 189
398 392 148 278 204 401 138 389
390 393 402 149 205 290 622 289
391 136 623 496 196 150 394 403
21 142 8 275 125 139 212 145
276 272 125 275 287 23 211 619
180 449 210 24 492 443 147 313
140 18 22 125 101 212 315 27
237 314 424 126 17 619 640 100
16 25 24 313 99 337 236 127
315 857 212 430 265 22 870 27
133 425 9 621 229 157 85 319
335 286 284 285 267 270 302 301
284 334 303 302 292 286 377 644
378 359 304 645 316 646 268 283
340 16 232 620 25 236 313 99
101 233 26 342 341 29 237 100
342 234 38 299 222 129 30 484
99 16 656 232 620 28 236 337
37 233 221 338 29 237 17 100
339 484 30 133 222 82 38 234
231 217 83 131 317 358 479 40
83 230 10 317 158 218 318 205
425 9 621 157 219 319 41 229
879 881 999 349 348 528 529 527
438 174 386 35 520 598 421 66
881 527 999 346 528 349 879 529
881 346 999 879 527 348 528 529
412 247 497 50 593 514 102 629
103 251 380 592 63 498 513 240
502 244 499 250 420 77 249 104
262 828 884 891 1023 678 797 305
262 532 542 31 530 34 306 305
737 1010 885 307 544 532 151 153
273 472 467 458 639 452 613 601
495 28 337 86 128 232 620 141
343 317 83 217 131 80 39 40
336 283 378 268 365 646 645 316
161 271 367 647 163 361 162 164
872 889 360 163 762 840 162 164
567 695 534 55 533 535 214 54
564 54 122 567 362 214 215 695
569 154 216 566 560 124 53 563
646 268 279 283 378 290 359 390
161 160 271 361 367 360 162 269
161 160 360 366 271 269 162 361
957 951 580 783 894 581 373 608
615 584 528 441 170 604 447 171
192 625 94 516 522 167 172 376
896 263 69 540 541 539 56 70
0 468 60 74 607 61 59 78
603 635 897 581 949 1044 582 368
577 248 245 242 396 650 76 103
508 447 175 417 441 369 583 450
522 370 625 43 192 94 457 516
389 323 335 398 401 278 138 292
390 359 485 290 365 268 279 399
291 400 325 199 623 394 280 391
576 249 77 408 253 649 241 244
258 506 2 254 409 652 252 261
573 397 410 511 413 510 67 436
49 88 46 560 474 628 504 556
91 1041 723 707 692 92 990 719
825 817 823 821 981 905 1080 1031
598 172 520 35 167 625 574 347
589 106 112 616 586 108 105 110
19 183 404 322 295 470 6 486
138 392 292 323 278 401 398 377
485 393 289 279 378 399 268 137
280 379 199 291 400 623 325 394
229 9 425 148 204 621 157 401
205 390 622 324 402 289 137 149
403 623 400 280 199 379 391 325
411 75 649 591 176 627 512 505
577 248 245 242 76 650 103 374
173 255 409 573 67 651 436 506
138 389 278 292 392 401 377 323
393 268 289 485 378 137 279 390
291 280 199 181 394 379 623 391
323 9 138 398 148 392 300 204
393 205 10 149 622 289 324 290
394 159 206 325 196 496 136 150
183 19 322 432 295 486 189 388
749 676 920 716 1071 1059 638 808
877 887 860 473 187 798 657 39
917 207 921 978 784 208 755 746
513 592 504 395 351 380 435 49
246 252 652 651 397 255 173 506
415 454 413 382 511 551 523 437
49 630 627 176 395 383 560 96
652 500 247 246 242 578 497 252
67 410 511 415 510 551 382 523
238 926 812 817 981 239 1031 815
413 923 410 551 1029 895 996 511
572 805 907 927 863 929 1027 662
597 462 654 450 188 194 257 260
626 471 509 192 521 517 463 451
433 182 295 470 4 228 6 144
352 250 502 244 499 77 249 104
574 520 386 598 174 347 438 35
19 182 42 552 4 93 433 457
184 226 483 142 20 294 494 442
237 17 100 640 126 495 478 330
333 9 229 204 345 157 621 319
934 972 427 918 587 428 937 1037
480 918 426 428 970 429 972 587
935 918 969 427 934 972 932 426
845 482 587 426 427 480 970 428
857 868 870 793 672 675 265 830
861 933 806 1060 878 759 686 936
143 448 494 486 183 5 442 227
422 228 186 470 4 182 419 571
186 439 296 3 571 570 416 572
504 474 383 592 49 513 408 88
397 255 409 67 68 651 65 64
1014 940 720 687 445 553 710 551
174 347 598 66 421 574 520 35
553 775 571 3 434 670 476 570
867 944 942 595 753 637 596 792
447 604 369 170 171 584 168 169
448 294 494 184 477 423 491 226
328 210 25 24 492 449 127 313
174 453 251 185 507 66 653 501
940 729 687 437 710 1014 720 991
636 1058 836 958 1070 954 946 1054
417 194 583 369 441 450 375 582
95 494 471 477 626 491 44 442
180 639 210 147 277 328 618 452
597 417 447 508 194 175 375 583
448 94 463 491 43 471 79 418
277 180 464 449 618 147 639 273
185 459 456 251 444 240 653 253
42 93 191 551 515 523 410 575
225 461 296 572 446 600 594 612
197 1 654 465 597 260 459 624
552 93 460 466 376 43 107 42
601 356 225 274 273 655 467 461
185 1 456 253 251 241 453 197
191 42 575 510 552 515 93 523
296 186 225 600 612 274 458 455
0 582 194 188 259 257 250 417
418 491 517 44 95 626 193 471
224 277 297 144 618 198 639 452
450 1 175 597 508 197 624 456
457 19 43 79 107 94 376 516
356 655 613 639 452 458 472 273
607 61 60 74 372 78 59 57
179 175 168 171 583 509 521 599
19 228 388 322 419 144 6 295
448 491 626 463 44 418 79 451
273 452 639 613 147 467 180 356
358 657 964 217 406 39 187 343
49 504 631 435 628 88 46 383
769 701 659 880 65 68 703 1028
938 660 919 962 775 670 966 931
491 442 626 95 44 494 193 448
492 328 424 640 213 126 443 495
11 190 231 159 343 317 206 493
970 587 429 482 427 426 845 428
483 429 293 480 482 321 970 320
862 429 845 481 480 320 970 427
480 481 321 482 320 293 294 590
101 30 27 234 129 339 18 342
393 279 390 399 137 289 378 268
404 432 388 189 322 5 183 295
1055 875 873 810 724 740 716 1059
774 843 786 490 974 971 489 973
774 911 786 490 973 971 488 974
786 911 489 973 974 774 971 488
494 626 463 95 44 477 448 471
495 478 443 24 313 328 210 25
11 231 136 496 479 206 190 159
95 44 491 477 442 184 448 626
128 443 478 357 424 492 86 25
403 150 199 136 325 493 159 291
514 629 247 50 412 350 593 500
63 501 351 650 240 248 513 103
352 250 420 244 75 77 249 104
243 247 252 497 578 412 652 246
63 498 444 240 650 245 653 248
249 654 250 104 260 244 188 257
177 629 97 50 47 632 102 89
513 383 49 435 474 628 88 592
77 512 591 75 176 74 395 649
381 397 651 573 173 252 652 409
66 501 444 598 174 653 35 347
597 583 465 375 417 450 624 175
599 463 418 438 421 179 521 469
191 523 382 575 511 460 573 515
454 413 551 410 523 510 382 415
591 75 352 505 649 499 420 77
63 592 435 504 240 351 498 103
632 102 593 50 89 497 629 350
552 42 93 191 523 460 575 454
192 43 376 522 94 79 107 370
463 193 626 44 599 521 95 477
519 943 941 767 993 773 529 1056
993 615 604 529 767 773 518 1056
386 598 347 35 421 172 574 438
509 193 463 469 626 95 599 517
172 192 376 625 167 516 574 370
191 42 510 575 454 460 515 93
754 997 916 789 910 525 526 998
524 910 916 789 997 998 526 754
754 916 910 789 524 998 525 997
999 346 681 881 528 348 349 529
529 999 349 346 681 527 348 518
528 349 941 1000 681 943 999 527
542 532 354 31 305 34 306 307
545 309 306 542 543 34 33 308
305 151 542 546 307 34 306 530
1022 1024 534 55 535 362 1003 796
567 695 533 55 535 362 214 54
1004 51 534 55 536 537 362 533
736 51 1004 1005 535 537 696 679
736 535 538 55 51 536 679 693
537 1006 562 561 51 693 1020 736
153 1066 689 1017 540 547 1019 1007
263 541 69 153 547 312 539 371
691 1008 1064 896 704 263 540 69
530 354 545 31 305 34 306 532
152 308 306 531 309 545 33 311
1010 532 355 307 547 546 151 153
306 309 152 311 531 34 308 542
312 152 544 532 151 307 547 153
539 153 1011 544 689 307 151 546
791 1012 549 1061 209 909 911 915
791 901 838 548 160 915 209 550
1013 160 271 761 549 832 901 838
454 515 410 415 437 553 511 445
42 457 575 515 191 454 460 93
93 445 439 454 551 570 437 42
557 758 854 562 1016 555 156 1018
554 1018 787 562 758 557 156 1016
563 201 46 310 53 154 202 560
555 562 854 1016 561 554 156 1018
156 555 559 122 557 52 155 562
155 555 557 122 558 52 156 562
154 563 46 569 383 53 556 124
537 1006 562 554 51 1020 854 538
1018 854 538 554 561 555 1020 557
310 202 560 364 53 154 201 556
215 54 695 567 362 214 122 363
123 568 567 215 122 363 200 564
563 124 560 569 96 53 216 364
534 54 122 695 362 214 564 363
122 54 567 564 215 565 123 363
563 124 364 560 566 53 216 556
476 775 439 670 931 1015 1026 553
186 439 416 3 570 572 433 434
612 296 416 662 594 1027 455 600
397 409 2 382 651 510 173 506
167 172 438 35 421 598 520 386
454 552 510 460 523 191 515 93
241 380 420 499 249 253 77 244
254 245 396 242 76 650 374 248
243 652 255 64 500 247 246 412
902 1030 980 699 708 60 961 1032
608 62 634 822 820 727 826 824
1044 1034 953 1033 928 897 945 949
417 447 373 581 194 462 603 368
441 375 175 508 450 447 171 624
369 169 588 168 170 441 604 171
605 1049 610 721 1036 992 782 1063
105 113 114 617 730 116 111 109
429 120 427 428 480 426 118 121
585 1038 169 995 616 605 584 609
106 477 105 108 112 387 616 110
617 114 116 119 112 115 113 117
395 74 649 57 75 468 505 512
408 498 49 351 504 380 513 435
50 102 497 350 89 629 76 514
956 952 847 572 751 416 1042 600
960 655 636 440 612 601 446 274
637 673 602 739 944 869 856 1043
197 1 624 508 465 450 260 175
574 172 386 35 174 421 347 520
521 463 509 193 517 95 469 626
455 612 594 572 446 296 636 1046
467 613 440 356 458 655 274 595
668 487 637 810 674 1047 596 614
947 1062 949 1069 959 1048 635 986
169 1056 518 615 519 609 528 170
610 616 992 585 1038 1036 1049 782
912 705 697 71 72 1050 56 70
468 61 60 372 579 59 62 78
580 368 779 634 955 1051 982 777
1038 1045 995 1056 1035 1052 766 987
963 1036 782 585 605 688 1063 721
120 734 1053 118 1039 121 732 733
296 600 594 455 446 636 461 225
274 601 655 595 472 356 458 467
487 1055 873 724 637 602 405 235
519 529 528 1056 773 604 518 170
992 588 1049 585 387 1036 605 610
1057 113 111 116 586 114 611 109
464 180 198 224 639 449 452 277
314 26 211 126 17 23 237 330
99 28 337 236 288 232 141 340
333 9 229 157 204 392 425 319
290 324 10 289 205 402 149 393
400 391 280 199 325 394 379 403
175 1 508 465 197 450 597 456
522 386 370 574 172 520 167 376
517 44 193 463 477 448 491 95
96 48 45 87 203 411 630 176
49 474 201 88 46 631 504 383
503 632 593 50 89 350 514 102
627 48 45 176 87 96 411 203
88 202 383 628 46 474 201 504
629 503 89 98 50 102 514 593
73 264 1078 1068 706 698 939 922
826 816 822 658 727 824 580 820
603 986 1069 702 959 947 1062 1048
446 950 1070 834 954 946 836 1058
602 596 856 673 1043 869 739 674
808 920 676 749 683 1071 405 1059
147 449 452 464 180 277 618 273
330 126 237 424 17 100 341 619
83 220 288 80 28 131 36 232
1076 1074 667 643 850 285 858 301
284 301 303 644 285 286 642 302
642 285 286 643 284 303 301 302
359 283 268 336 304 646 14 316
359 283 365 268 304 316 14 645
165 163 134 135 164 360 361 648
1077 163 134 164 744 647 763 165
591 380 499 77 512 576 75 505
63 103 245 653 396 248 501 374
255 409 506 652 252 397 173 381
381 252 412 651 578 500 409 246
251 507 245 444 501 240 650 63
260 1 244 197 257 104 502 188
595 458 601 274 225 613 612 467
127 16 25 331 340 236 99 337
217 406 473 1083 39 187 343 358
819 813 824 814 822 826 816 820
913 703 475 769 985 827 701 1079
929 966 938 962 846 907 863 919
804 480 750 845 970 862 320 482
751 1027 1042 929 927 907 805 863
842 752 802 866 848 671 835 833
910 759 1060 997 789 754 806 933
207 760 778 780 968 807 790 976
744 166 851 764 1075 12 859 745
1074 643 841 642 858 850 1076 301
1047 873 724 856 1055 810 674 869
830 868 857 675 430 811 870 725
966 775 919 938 931 1026 476 660
748 794 866 663 833 842 835 848
793 265 868 870 738 830 857 430
739 792 1043 944 942 596 869 856
1043 873 869 1047 739 856 810 668
830 669 725 868 811 430 870 857
716 749 808 920 638 740 1059 1071
741 876 849 809 281 839 874 715
1023 891 680 1001 852 828 262 1025
736 1006 536 696 890 1005 1004 693
1009 1025 1002 737 694 1001 678 852
881 879 529 999 943 941 1000 527
475 769 906 880 1028 994 703 903
638 749 1071 800 1073 1083 711 920
743 849 299 876 801 712 839 874
1083 713 887 798 711 742 877 860
861 714 799 936 431 266 743 878
940 720 1014 729 710 445 991 1015
963 975 721 610 967 709 728 1063
1021 1011 757 855 1066 1007 1017 1019
726 772 90 1065 718 692 983 1067
717 1007 1066 704 722 1064 1008 788
726 1041 723 990 1067 718 1065 719
1006 538 736 696 1005 679 536 1004
1010 737 1009 885 680 1001 853 1002
534 54 567 55 362 564 214 363
1005 796 536 1024 1004 890 679 736
904 1040 705 771 1050 71 912 965
984 1068 939 633 829 706 922 264
961 579 989 1078 1030 708 902 1032
930 820 658 814 813 819 883 816
659 1079 475 769 913 985 703 827
947 1069 1048 1062 959 770 986 635
701 913 659 880 682 769 1028 475
1008 924 896 263 904 1064 691 69
771 965 984 1040 71 1050 912 697
73 1068 1078 633 939 922 829 698
990 1041 898 723 692 719 882 979
1032 989 579 699 902 961 980 1030
967 730 721 1063 963 688 728 975
1026 687 1014 940 445 1015 729 720
742 1073 800 683 685 887 1083 713
684 874 801 686 799 714 849 743
798 1083 742 711 685 887 877 860
801 686 712 799 266 743 861 878
741 809 811 876 725 677 839 669
740 487 1055 808 676 875 920 1059
1007 1064 1066 691 788 1017 1008 722
719 983 1065 723 692 726 1067 90
1041 707 723 990 1065 692 1067 726
729 710 1014 940 445 991 899 687
688 963 1063 1036 610 782 709 728
1017 717 1008 691 1007 1064 1066 788
726 1067 719 1041 692 990 1065 718
873 487 668 1055 875 1047 810 740
809 675 715 857 669 870 811 868
1065 718 90 719 1067 723 692 983
820 822 982 824 658 826 955 1051
967 709 688 975 721 963 730 1063
445 720 710 940 931 1026 1015 687
975 977 1057 967 731 728 732 709
733 730 1057 732 728 975 977 967
611 977 731 1039 1057 733 730 1053
118 734 732 977 1053 1039 1057 611
118 776 1053 1037 611 121 1039 735
118 121 934 734 1039 1037 776 937
696 538 536 693 1004 1006 1005 679
1002 1009 680 853 885 1010 756 694
793 265 672 794 868 430 830 748
674 869 673 792 944 596 856 1043
487 1059 808 875 676 724 1055 716
839 876 849 715 281 809 677 874
887 713 798 685 800 1083 877 711
712 849 686 799 714 684 861 801
166 851 134 164 1077 764 763 165
666 135 859 166 15 12 1075 13
843 755 921 786 917 978 865 784
864 916 844 908 998 837 914 900
794 866 842 671 672 738 793 833
716 638 1059 405 676 920 808 1071
663 661 862 320 752 845 804 802
1042 1027 847 956 805 952 662 927
833 804 661 663 802 848 750 835
960 948 867 795 886 942 1072 1082
525 526 997 910 524 998 789 916
790 784 976 917 978 760 921 746
1010 1021 855 737 1002 853 757 885
1021 855 1017 853 1011 1019 756 689
554 1018 854 787 555 1016 156 557
789 933 664 936 431 878 806 1060
746 978 921 784 976 755 780 790
1013 160 838 901 832 550 271 893
161 840 361 163 832 893 162 889
648 1077 872 163 889 744 840 164
851 1075 1077 165 744 859 166 666
682 903 994 768 906 923 925 988
1056 609 1045 995 1035 773 1052 987
518 943 773 1056 519 993 941 1000
903 765 988 906 925 994 880 682
475 1028 703 985 880 913 659 701
346 947 1062 1069 635 879 702 1048
705 896 704 904 1008 965 697 924
787 983 156 555 90 758 690 718
518 993 943 1056 519 767 1000 941
973 971 865 488 843 786 490 974
670 476 966 919 938 1026 931 660
118 121 735 972 937 1037 734 934
982 727 955 951 1081 779 957 1051
665 780 860 877 790 807 964 968
777 1051 951 1081 955 957 982 894
790 760 968 807 976 665 207 755
923 991 899 1014 895 1029 996 720
1049 721 585 1036 992 605 610 1063
945 957 928 785 894 951 953 1081
760 755 921 976 746 917 978 790
945 953 928 783 951 957 894 1033
917 865 774 488 843 973 974 971
554 1016 758 1018 555 854 156 557
722 1019 717 691 1064 1017 1007 1066
997 998 526 524 664 754 910 525
755 976 921 784 207 760 665 780
1061 911 909 1012 838 915 209 548
1043 739 753 856 944 673 942 867
868 738 672 830 265 748 857 430
848 866 842 671 748 835 833 738
948 834 1072 886 950 960 753 1082
890 696 536 1022 1004 1024 1005 1003
262 828 891 1023 1025 678 353 884
1083 860 887 742 877 964 685 713
743 861 686 266 878 712 714 936
1071 713 1073 685 683 742 711 1083
684 849 876 743 839 874 714 712
750 833 752 842 835 663 848 866
952 1046 1054 956 946 958 1042 847
750 845 320 970 752 862 482 661
927 907 751 846 929 662 863 1027
759 431 664 878 861 933 1060 936
790 968 665 780 976 964 778 207
1059 1071 740 920 676 749 875 716
876 874 677 725 839 741 281 715
674 1055 869 875 724 1047 668 873
675 870 715 830 857 725 868 669
238 926 979 981 818 898 1031 815
658 819 814 822 820 700 816 883
820 819 658 816 822 700 813 824
1031 812 414 818 981 926 898 817
700 813 819 658 822 820 824 814
815 821 385 905 1031 981 926 1080
238 926 812 707 882 898 979 815
883 820 814 930 658 700 813 816
826 816 658 813 822 824 814 727
823 1080 827 817 1079 825 385 905
813 816 820 727 824 658 814 826
1079 825 905 1080 985 821 385 827
727 816 822 820 658 826 814 955
821 823 659 827 905 913 985 1079
727 816 820 824 658 822 982 955
823 825 659 701 1079 821 985 913
891 1001 1023 678 852 1025 262 797
984 264 698 1068 939 1040 706 912
672 430 675 793 868 857 265 870
900 267 908 871 844 892 270 888
161 160 550 761 1013 893 271 762
802 835 842 866 794 671 848 663
1058 1082 950 1070 946 836 1072 954
848 833 842 866 671 752 663 802
446 946 834 958 954 1070 1054 1058
864 908 747 914 831 900 916 844
791 915 761 549 1061 901 550 1013
809 741 281 677 849 876 684 874
872 361 762 163 889 164 1077 763
285 642 1076 871 301 850 888 1074
671 866 748 835 663 848 833 794
974 971 917 488 865 973 786 774
747 267 900 831 914 892 908 837
427 429 480 970 428 482 661 862
962 907 927 919 660 938 929 863
952 1042 956 803 1046 1054 1027 751
866 833 752 663 835 671 842 802
874 741 684 801 876 839 677 281
1074 642 301 285 1076 667 841 858
764 1075 1077 165 744 859 166 666
828 678 1025 694 1009 1023 1001 680
1010 1021 855 756 757 885 737 1002
1020 554 1006 1018 562 758 1016 561
1017 1021 1019 853 689 756 757 1011
944 869 673 739 1047 1043 674 668
830 870 868 430 669 672 265 675
850 643 841 301 667 1076 1074 642
744 1075 851 166 165 12 764 666
964 742 685 778 713 877 798 887
686 806 878 431 759 799 933 936
320 970 429 480 482 845 661 804
662 929 846 1027 907 805 927 962
916 998 524 914 997 747 837 526
973 488 786 917 746 843 978 774
671 842 802 833 794 835 663 848
795 944 792 753 960 948 942 886
669 830 870 430 675 672 265 857
739 673 1047 674 1043 810 856 668
857 430 669 811 675 868 265 830
892 888 831 285 900 267 1076 841
361 744 889 163 1077 164 840 763
487 875 810 724 1047 668 1055 740
849 801 281 839 741 876 684 677
724 740 1059 810 716 487 873 1055
849 809 281 874 741 684 839 677
964 1083 798 685 887 860 742 713
806 431 759 686 799 861 936 933
349 527 346 999 1000 681 941 881
906 903 682 1028 475 701 769 703
879 1000 941 527 346 999 681 349
898 818 990 707 1041 723 719 979
819 814 980 813 930 700 1030 816
262 797 1023 1025 828 678 353 891
737 853 1010 756 1002 1009 694 1021
948 942 795 1072 960 1082 753 867
1083 798 877 860 713 685 964 742
285 871 831 892 1076 267 850 841
872 763 762 163 361 164 162 840
796 1022 536 696 1004 1024 1003 1005
852 1023 828 678 1025 884 797 262
831 841 888 900 844 871 270 267
161 160 832 761 162 762 271 1013
951 785 957 928 1081 945 779 783
988 1014 781 991 1029 899 923 996
704 1008 924 904 771 1064 691 69
1034 986 953 949 1044 1033 959 1048
979 926 812 707 882 818 238 815
720 923 991 781 1029 895 996 1014
892 267 844 871 270 837 831 908
791 549 761 550 160 915 1013 838
961 708 579 1030 980 930 1032 699
994 768 925 880 906 682 1028 765
704 697 965 771 69 924 1008 896
981 821 385 1080 823 817 1031 825
1028 768 682 994 765 925 880 903
805 962 863 660 927 662 846 929
747 831 914 837 900 267 844 864
1012 791 971 548 974 915 1061 911
525 664 998 789 524 754 997 526
488 490 971 774 909 974 973 1012
965 1050 705 1040 71 984 829 697
825 701 1079 703 827 985 659 769
526 998 908 837 916 864 844 747
901 1012 791 1061 909 838 209 548
864 526 754 910 997 525 524 998
784 865 774 921 786 843 746 978
969 935 1037 428 932 937 972 934
966 846 962 938 670 476 775 660
638 1059 749 808 676 1071 716 405
760 843 917 746 865 978 755 784
73 1068 939 633 989 1078 698 706
1029 899 895 781 991 996 988 925
704 1064 771 896 904 1008 691 69
996 906 768 765 903 994 923 988
1031 414 817 818 898 981 815 812
751 863 907 929 805 662 846 1027
953 957 1033 783 894 1034 785 945
962 938 907 846 863 927 805 660
813 814 816 700 980 883 1030 819
476 775 919 1026 729 966 670 1015
918 935 969 972 937 428 934 426
431 664 806 861 878 936 1060 759
776 937 426 969 918 935 972 1037
428 934 932 969 918 972 937 1037
878 431 861 759 806 1060 686 933
934 1037 918 972 776 426 935 735
962 476 907 660 966 919 929 846
984 264 706 829 698 1068 922 1040
687 720 991 899 445 710 1014 729
881 993 943 529 999 681 767 1000
867 673 948 753 795 886 944 792
767 941 999 529 681 1000 993 881
1043 673 739 792 856 869 867 942
928 953 783 894 1033 1044 785 1034
1058 958 836 1046 954 1054 1070 834
986 1048 1069 770 635 959 702 1062
867 886 1072 795 1082 950 960 753
1033 1034 1044 1062 986 897 1048 959
960 834 1082 1070 1058 954 1072 795
785 783 779 894 1051 777 1081 957
847 803 1042 956 946 1046 1054 958
945 783 928 1034 785 1044 1033 897
1058 946 1070 950 836 1082 1072 834
1051 777 824 982 826 727 822 779
952 847 958 803 1054 1042 1046 751
785 783 779 1081 928 777 951 894
1054 946 1058 952 803 1046 1070 836
1048 986 1044 897 1069 949 1062 1034
1082 1072 795 948 950 834 886 753
708 902 989 1032 922 579 1078 699
929 660 938 846 907 919 863 927
975 967 688 610 1063 721 709 728
887 807 685 877 798 968 860 778
697 924 705 904 1050 71 771 912
476 660 962 775 931 919 938 670
977 709 730 963 728 975 688 731
778 780 665 790 976 807 964 207
918 932 935 972 934 428 937 426
427 480 429 845 428 862 482 426
911 974 774 973 843 786 488 490
935 934 426 1037 937 932 969 918
971 974 786 774 843 490 911 488
973 490 911 488 786 774 971 843
963 967 728 977 730 709 688 731
760 780 921 665 784 755 790 207
1053 975 731 967 732 1057 730 733
784 843 746 921 865 755 760 917
882 812 1041 707 898 815 990 818
930 1030 708 883 902 1032 819 700
1080 926 1031 812 905 414 815 817
955 777 824 1051 826 727 1081 779
1065 772 726 692 1067 690 90 718
912 264 698 939 705 1050 1040 829
823 659 827 825 913 1079 769 701
897 1069 949 959 1048 1044 635 1062
1052 609 1056 995 1035 766 773 1045
765 925 1029 994 996 768 923 895
633 699 706 1068 708 922 961 1078
692 882 719 707 723 1041 1065 1067
1029 895 1014 781 899 720 940 996
1049 1038 610 1036 585 782 1063 605
518 943 767 941 1000 681 773 1056
682 765 906 880 988 925 903 768
766 992 1052 1038 609 1045 987 1049
988 923 781 895 1029 1014 899 991
910 754 916 998 524 526 789 525
789 910 754 916 997 526 525 524
879 881 941 681 527 349 1000 943
881 681 527 529 999 941 943 879
852 680 1009 694 1025 828 1002 678
737 885 1010 853 1001 680 694 1009
1024 696 533 796 890 1004 1022 1005
890 796 536 693 1005 696 679 736
890 1004 536 693 796 696 679 736
1020 538 537 679 1005 561 693 736
788 689 1066 1017 1011 717 855 1019
263 717 691 722 1064 704 924 896
1001 737 852 680 885 1010 694 1002
1002 853 1021 885 756 1009 737 694
1007 1017 855 756 689 757 1021 1019
1061 791 915 971 911 909 209 548
893 160 901 549 550 838 761 832
899 895 687 991 781 940 1029 720
445 940 687 729 720 931 710 1026
554 758 787 1020 1018 555 854 557
855 689 1011 1066 1007 788 1019 717
555 758 787 1020 562 554 854 1016
1011 788 757 855 1017 689 1007 1066
561 854 1018 538 736 693 562 1006
757 1011 1010 885 756 853 737 855
1024 696 533 796 1004 1003 1005 890
828 1025 852 678 891 884 797 262
1004 696 536 796 1003 890 1005 1022
891 678 1023 680 852 828 1001 1009
729 966 1015 570 476 775 931 670
1042 956 847 805 751 927 863 662
659 880 682 703 701 906 769 475
996 991 781 988 1014 895 899 923
700 902 819 883 708 930 980 1032
926 812 414 815 905 981 817 1080
699 980 579 902 1030 961 708 989
949 1044 897 785 945 1034 953 928
945 959 928 953 1033 949 1044 897
766 993 987 609 1052 773 1056 767
992 1049 610 1063 585 782 605 721
934 937 972 935 735 426 776 918
992 995 605 1049 609 1045 1036 1052
118 611 1053 732 733 776 735 734
829 264 698 984 705 912 1050 939
692 882 723 719 1065 707 979 990
956 803 847 1027 1046 662 952 751
674 739 673 792 596 869 856 944
953 1034 897 949 959 1033 986 945
995 1049 766 1038 1035 987 609 1052
946 956 1054 952 847 958 1042 803
1043 873 724 674 856 810 869 668
1069 947 702 959 986 949 635 1062
585 782 605 995 610 1038 1036 992
965 1040 912 705 71 984 829 697
982 727 951 1081 826 777 779 955
1056 766 995 609 1035 1045 987 1038
118 611 734 732 735 776 1039 733
952 956 803 946 836 958 1046 847
810 487 668 724 873 716 875 740
518 943 993 773 941 1000 519 767
732 975 730 1039 1053 731 977 733
1070 834 946 636 954 958 836 950
1055 808 740 749 676 920 875 716
759 933 664 806 910 878 936 789
791 915 911 1012 838 909 209 548
635 702 1069 986 1048 947 959 949
688 782 728 1036 963 610 709 721
1066 717 722 691 788 1008 704 896
723 726 1067 719 990 1041 692 718
717 1017 1019 1011 1007 722 788 689
990 692 90 723 1065 719 718 726
73 989 922 939 633 1078 698 706
947 635 1048 959 770 1062 702 986
1058 946 834 636 954 950 958 836
920 1059 676 1073 808 638 749 683
954 834 1070 948 795 960 1082 950
742 638 800 749 1083 1071 683 711
1076 858 301 841 850 285 667 642
744 666 859 166 165 12 851 764
850 285 888 1074 871 642 841 301
840 164 744 872 134 763 648 165
633 699 706 922 989 961 1068 698
823 825 659 701 913 821 985 827
905 823 385 926 817 981 821 1031
982 1051 951 779 957 783 777 894
960 1072 886 950 954 834 948 795
887 713 800 742 685 1073 798 711