10-30
instance 0
 150.0 1000
28
14
27
22
23
14
27
17
10
23
14
27
16
10
20
23
25
25
29
15
19
15
29
24
30
27
11
10
28
12
28
20
12
11
28
21
27
18
12
11
13
13
17
16
17
16
18
18
28
26
19
24
10
15
21
22
27
29
16
17
12
11
28
30
29
23
27
25
19
17
19
18
23
13
24
26
13
16
20
29
25
10
20
25
21
19
30
14
18
24
15
11
14
17
12
10
25
22
16
18
20
14
30
26
17
30
27
25
17
10
25
30
22
19
24
18
13
15
30
26
11
10
30
28
29
28
24
24
20
11
11
15
27
24
12
21
10
13
16
25
10
27
10
15
30
17
14
23
15
18
15
25
28
26
17
21
29
23
17
26
17
16
25
27
15
26
13
10
24
29
25
16
14
16
15
13
19
27
17
13
25
14
11
22
15
23
18
21
24
15
29
19
20
24
14
23
13
24
22
11
25
18
19
21
28
14
14
25
28
13
13
22
26
11
21
19
27
17
25
29
13
18
16
10
24
10
21
22
11
18
20
17
25
30
13
20
25
12
18
23
27
20
24
17
14
16
17
28
25
15
14
24
13
15
28
26
10
26
10
30
28
15
24
27
29
16
22
30
14
22
20
15
12
13
15
22
21
20
28
27
10
21
26
28
23
28
15
13
18
21
30
20
30
19
29
13
12
10
26
29
26
10
15
23
10
12
11
19
13
20
28
23
28
16
26
22
12
26
19
29
29
15
12
17
11
28
24
20
27
18
25
11
14
16
25
19
14
21
10
24
24
19
17
25
20
11
24
21
15
16
14
12
23
16
19
28
26
16
21
28
18
25
21
18
10
13
27
29
10
30
10
29
21
26
23
19
25
28
13
20
26
15
14
12
12
14
11
22
18
17
30
23
30
30
15
18
17
14
12
18
12
13
13
21
23
25
24
26
10
18
17
23
13
18
30
21
11
11
26
17
21
26
20
28
27
10
14
16
26
16
20
23
10
22
16
26
24
28
20
21
22
20
12
10
15
13
10
12
16
25
18
18
19
23
17
25
10
26
17
23
27
20
26
11
29
16
23
25
29
16
13
15
12
10
11
17
12
26
18
25
19
30
10
18
12
16
29
30
28
25
22
17
12
24
21
16
18
14
26
11
28
16
14
21
30
10
30
21
10
22
29
14
23
22
15
30
11
17
12
13
27
30
14
15
21
10
22
23
13
27
19
20
22
25
22
12
11
13
12
10
16
12
30
30
20
23
11
17
16
19
15
22
16
27
11
23
24
19
23
13
12
29
12
18
10
23
15
19
14
24
29
10
23
12
25
11
24
23
22
28
18
16
27
20
11
19
16
11
24
27
18
28
20
23
20
11
27
13
21
15
19
13
29
17
14
28
15
21
21
20
24
25
13
16
26
22
14
28
14
14
24
30
20
24
17
20
23
27
14
21
16
29
11
14
23
30
22
20
20
24
22
26
10
24
17
23
23
15
25
23
12
30
10
23
23
26
17
23
30
21
24
28
29
28
14
16
11
12
14
27
10
30
25
16
26
24
15
16
27
19
18
28
23
18
22
15
24
13
10
22
28
12
12
12
28
25
30
20
24
14
14
10
20
15
10
17
20
13
18
15
25
13
24
12
10
25
18
24
28
29
17
27
27
22
23
26
29
26
10
27
12
24
30
24
27
10
10
29
15
18
20
24
23
10
25
26
19
21
18
19
11
30
26
10
18
23
17
20
22
14
14
20
12
19
19
16
15
10
12
11
28
22
18
29
20
21
21
24
14
16
15
23
14
16
22
29
13
13
11
20
16
23
28
16
13
23
12
19
20
25
21
10
23
23
14
30
27
24
27
29
11
25
15
20
13
15
16
25
20
29
20
25
26
16
30
30
27
17
18
30
24
28
24
16
17
26
19
10
11
23
10
15
22
28
25
27
25
11
13
18
13
28
10
29
14
28
11
16
22
26
22
29
12
28
13
25
11
24
30
29
16
19
29
25
19
11
18
26
10
25
12
11
14
27
13
16
17
17
24
21
15
10
22
17
25
30
10
15
12
15
14
21
11
15
19
15
23
16
24
10
19
23
19
15
20
13
28
29
23
24
28
25
12
25
17
30
21
27
11
22
17
17
12
20
29
21
21
18
14
16
19
29
25
18
16
25
12
30
23
15
27
13
27
26
18
12
11
26
25
27
12
12
17
19
11
22
15
24
10
12
29
25
11
28
13
21
16
27
13
25
19
29
17
29
20
23
12
18
10
14
18
30
13
16
14
29
25
12
25
21
