96 98 97 94 95 95 97 94 96 98 96 98 97 97 95 94 96 96 97 96 
23 29 27 30 20 24 20 25 21 21 28 29 21 23 24 24 22 29 23 25 
28 28 28 34 33 29 28 36 31 35 36 36 35 28 28 33 35 30 35 33 
45 49 45 46 49 48 46 48 47 48 48 48 46 49 45 49 46 49 49 49 
32 35 30 29 30 35 34 29 30 31 33 35 32 35 35 34 29 34 34 34 
29 30 29 35 30 31 33 34 29 35 31 29 31 32 35 31 35 34 28 27 
93 88 94 90 94 87 87 91 88 93 88 94 94 92 89 94 90 87 88 91 
56 55 55 58 57 58 56 55 55 58 57 58 57 58 55 56 58 59 59 58 
16 24 24 20 18 19 20 22 24 18 17 23 24 19 21 21 23 23 15 20 
51 48 51 47 53 50 47 51 48 50 54 53 53 49 50 51 54 54 52 51 
52 50 56 50 50 57 55 58 55 51 55 54 50 54 50 52 56 52 54 55 
2 2 4 4 2 2 4 2 4 3 4 2 4 3 3 3 4 3 3 2 
59 59 60 63 59 59 60 59 61 63 59 62 61 62 63 60 60 62 60 63 
37 37 36 36 35 34 36 34 38 37 35 37 37 38 34 35 35 34 37 38 
86 85 84 87 86 83 86 87 81 87 85 87 81 86 83 84 81 81 83 85 
7 4 5 5 5 4 6 6 3 7 4 3 6 4 4 5 4 4 5 5 
74 72 71 72 71 74 73 73 73 75 72 72 72 75 74 71 74 71 73 73 
14 14 11 19 11 9 13 10 13 16 12 18 17 19 14 19 12 19 15 9 
96 93 96 98 96 99 98 93 93 94 96 99 95 93 97 99 99 94 96 98 
85 83 84 81 80 80 84 86 85 82 82 83 85 80 84 81 83 83 81 83 
86 84 81 85 81 80 89 82 86 89 84 86 89 83 87 89 79 80 89 89 
47 48 47 51 51 51 49 49 51 47 50 50 48 50 49 47 49 47 50 51 
66 66 73 67 72 65 65 67 66 69 65 75 66 75 73 65 72 74 70 75 
29 27 31 30 27 31 29 23 24 23 26 31 23 25 29 25 24 23 29 30 
89 89 86 87 89 88 87 90 88 88 87 89 90 86 88 86 89 88 88 90 
15 10 12 16 11 13 12 14 15 15 12 11 15 12 10 10 13 15 11 12 
71 74 74 73 64 70 71 70 64 74 70 65 69 65 68 72 64 66 72 74 
89 87 89 90 89 90 91 90 91 88 87 87 89 89 88 87 87 88 91 89 
21 20 22 22 21 20 20 20 22 21 21 20 21 20 20 22 22 22 22 22 
11 12 10 12 10 12 10 11 11 11 12 12 10 10 11 11 10 12 10 11 
56 57 58 57 57 56 58 58 58 57 57 57 56 56 57 57 56 57 58 57 
37 43 43 33 37 34 34 34 41 42 38 43 37 40 36 34 38 35 34 42 
59 61 62 60 61 65 59 62 62 60 61 60 61 62 61 60 63 63 60 61 
90 89 95 94 91 94 91 92 89 93 93 90 90 92 93 94 92 93 90 92 
83 81 83 82 83 82 81 82 82 83 83 81 82 81 81 83 81 81 82 82 
4 11 10 4 9 10 10 11 7 5 5 7 10 7 6 9 11 3 10 6 
69 72 71 70 70 72 71 72 72 71 71 71 68 68 72 72 70 68 71 72 
4 10 7 2 5 9 7 2 4 8 3 8 8 10 10 7 5 5 4 9 
37 40 37 38 35 36 36 40 42 36 35 35 35 36 41 35 42 34 41 36 
65 64 65 64 63 63 65 64 63 63 64 65 63 64 63 63 63 63 63 65 
27 21 21 21 23 29 28 31 30 26 30 31 27 23 31 24 31 30 26 28 
48 53 50 54 54 48 48 46 47 49 49 51 46 54 52 47 54 51 50 51 
7 7 7 8 6 7 7 8 7 7 8 8 8 7 8 8 6 6 7 6 
75 75 77 76 76 77 76 73 73 74 73 77 74 74 74 74 74 75 76 76 
42 44 45 43 48 44 48 47 42 43 48 48 44 45 45 48 44 48 43 42 
99 99 99 99 95 99 99 95 99 95 99 96 99 99 99 99 99 97 96 99 
32 34 33 33 34 32 32 32 34 34 34 33 33 32 33 34 34 33 33 32 
28 28 28 29 35 36 28 28 28 32 29 31 31 34 33 31 30 29 30 29 
45 47 44 43 49 47 43 49 46 43 47 48 48 45 51 47 42 47 51 49 
42 49 46 43 48 46 47 48 44 47 44 46 48 48 42 46 43 45 42 43 