14 13 13 15 13 16 15 15 14 17 13 13 15 16 13 14 15 16 15 14 
22 17 20 25 23 21 23 20 25 22 20 27 24 17 26 22 18 25 21 26 
26 26 24 25 24 25 31 28 27 31 32 29 28 32 26 27 26 26 28 32 
28 30 28 28 29 32 28 32 29 32 32 28 30 29 28 29 29 28 30 31 
18 10 18 12 9 11 16 19 11 19 10 13 9 18 12 17 11 11 12 19 
28 32 24 29 26 31 30 26 28 28 34 33 29 26 33 34 29 26 24 32 
7 6 5 13 8 6 8 15 5 7 6 5 14 6 10 11 8 5 10 15 
16 20 20 19 17 17 17 18 20 17 17 20 20 20 16 16 16 16 20 17 
22 23 24 22 24 24 23 23 23 22 22 22 24 23 24 24 22 22 23 24 
20 16 19 18 20 21 18 22 19 21 16 22 19 16 17 15 17 22 15 16 
16 16 13 16 13 17 17 16 16 17 17 17 15 17 15 17 15 15 15 16 
28 27 27 26 28 27 28 27 26 26 27 26 28 28 27 28 27 26 28 28 
15 12 11 18 17 11 17 10 15 17 12 11 16 17 13 13 18 14 18 13 
26 27 23 27 21 29 27 29 29 24 22 23 27 26 22 26 26 28 21 23 
22 18 23 22 24 15 23 15 14 17 24 17 22 20 19 14 23 19 17 17 
14 13 14 13 14 13 13 14 15 14 15 14 14 15 14 15 13 14 13 14 
20 18 17 17 17 20 17 18 21 20 19 21 18 21 17 20 18 18 20 17 
30 28 30 29 28 29 28 28 28 28 30 30 30 28 29 30 28 28 30 28 
19 20 26 27 24 19 22 27 24 24 27 19 22 23 19 26 23 26 27 25 
26 28 24 25 26 24 26 27 24 28 26 24 27 28 25 26 24 24 28 25 
10 10 11 9 9 11 9 11 11 11 11 11 9 10 9 11 10 10 10 11 
25 20 19 25 22 17 20 17 19 24 20 25 22 24 25 19 25 17 18 21 
17 17 16 21 18 19 23 24 23 22 21 21 21 17 17 16 16 21 18 24 
18 11 11 14 12 16 14 11 18 19 19 13 14 17 12 9 10 19 11 13 
20 18 20 18 17 23 16 17 17 24 18 24 17 16 21 18 20 19 21 20 
25 26 26 27 29 26 27 27 26 25 25 25 29 28 25 29 25 26 27 29 
24 23 19 21 20 26 19 20 18 21 27 18 20 26 18 26 21 21 17 23 
26 28 27 24 30 29 28 25 29 24 30 26 28 29 30 27 28 26 28 29 
22 20 19 19 18 22 18 21 19 20 21 21 22 18 21 18 19 21 18 19 
18 22 21 18 18 22 22 18 18 18 18 19 22 17 19 23 17 21 20 17 
25 25 23 23 24 24 24 25 25 23 25 24 25 24 24 24 23 24 25 25 
16 16 13 10 15 11 12 11 13 11 10 11 15 10 14 11 16 12 14 12 
28 29 30 29 30 30 30 28 29 28 29 29 28 29 30 28 30 29 29 29 
20 18 16 15 15 22 16 20 15 16 20 16 24 20 21 20 19 21 20 24 
23 23 23 22 22 24 23 26 26 25 25 24 26 24 23 23 23 24 24 25 
10 10 11 11 11 10 10 12 10 12 10 12 12 11 11 12 11 11 10 11 
17 21 19 19 19 16 24 22 23 17 21 22 16 21 21 19 24 20 19 25 
14 17 14 16 14 13 13 14 15 16 15 14 17 14 13 16 15 13 16 14 
19 19 21 21 24 20 24 21 20 23 21 22 24 25 25 22 21 21 21 20 
24 31 27 27 29 26 26 30 26 32 25 30 26 31 27 29 28 27 30 28 
14 12 16 16 15 14 14 14 15 15 16 12 15 16 14 12 13 15 14 16 
32 32 32 28 33 28 28 33 25 28 29 29 29 32 29 30 27 25 29 30 
14 13 13 12 12 14 10 13 10 14 14 11 12 10 13 10 14 14 10 11 
20 20 18 22 20 21 21 20 20 19 19 18 19 20 22 18 19 20 18 22 
23 26 24 23 25 22 22 26 25 23 26 25 22 22 22 26 22 25 24 25 
12 11 13 12 18 11 18 15 17 10 12 11 11 20 16 12 12 14 14 12 
16 19 11 17 19 14 14 13 18 16 16 11 19 15 14 15 18 18 19 11 
17 20 19 19 17 21 22 22 18 23 17 18 18 23 22 21 22 19 22 17 
18 17 17 16 19 17 16 16 20 17 17 16 18 17 19 20 16 17 18 18 
11 10 8 12 6 7 15 13 9 14 11 7 11 11 13 7 16 12 6 10 