31 30 32 32 29 28 31 31 30 30 32 32 28 31 31 32 32 31 30 32 
48 46 54 47 45 53 53 48 49 49 46 51 53 45 50 55 51 48 50 48 
22 22 21 22 22 22 21 22 22 22 21 23 23 21 21 22 23 22 21 23 
42 43 43 44 43 42 44 44 43 42 44 42 43 42 43 42 42 43 44 42 
26 27 31 29 30 29 25 31 27 27 26 30 25 24 27 29 27 28 29 32 
32 30 31 31 35 31 31 31 30 33 32 34 31 30 34 34 32 29 34 29 
47 44 47 46 42 44 46 46 42 43 46 44 45 47 43 42 48 46 44 48 
27 24 26 25 28 27 28 25 27 25 27 23 23 26 25 27 23 22 26 26 
23 27 25 24 28 28 29 29 24 27 27 26 27 27 28 25 23 29 27 24 
44 44 44 45 45 43 43 43 43 44 45 45 44 45 45 43 43 44 43 45 
36 35 35 38 38 35 39 36 34 34 38 39 33 39 39 34 39 38 39 34 
42 41 38 40 39 38 41 38 42 42 39 39 39 42 41 38 42 40 42 38 
49 47 49 49 48 47 48 47 49 49 48 47 47 49 48 48 49 47 48 49 
41 44 42 39 36 40 37 34 43 44 40 41 39 42 39 42 35 34 38 43 
45 41 43 41 41 48 45 44 48 46 44 44 44 42 44 42 42 44 42 43 
43 45 42 40 39 43 42 43 39 41 41 44 41 44 44 39 39 41 41 40 
43 44 41 41 42 46 43 45 44 47 41 42 46 43 42 42 41 45 44 44 
36 38 34 29 30 30 37 35 37 29 31 28 37 36 28 32 31 37 36 34 
34 38 35 39 36 41 33 41 37 34 33 37 37 33 37 34 35 34 38 40 
40 45 40 42 40 48 48 45 43 48 48 44 42 46 48 41 43 47 45 43 
45 45 49 49 45 45 46 48 49 46 47 49 49 48 48 45 49 47 47 47 
22 23 21 20 25 21 22 19 18 26 18 21 24 26 18 19 24 24 20 24 
33 30 34 31 32 31 29 26 32 32 34 28 30 32 27 30 27 28 32 29 
22 24 23 22 22 22 22 23 23 23 23 22 22 22 22 24 24 24 22 22 
45 46 48 49 52 52 46 49 50 46 45 45 47 45 47 50 45 50 52 46 
39 35 39 38 37 39 39 39 37 38 37 36 35 39 36 37 39 37 35 39 
28 21 28 19 28 24 28 25 18 27 22 18 20 21 19 21 24 18 19 21 
51 51 50 51 50 50 49 49 49 49 49 51 49 51 51 49 50 49 50 50 
18 23 23 23 18 21 22 23 23 18 24 22 24 21 18 22 25 24 18 22 
34 37 33 33 37 34 28 29 28 33 33 37 32 32 32 33 31 36 30 31 
35 35 34 36 34 34 35 35 35 35 35 34 35 35 36 34 36 35 34 35 
49 48 48 48 51 48 49 48 48 48 51 52 48 52 52 49 51 48 51 50 
48 47 48 45 49 49 46 46 46 51 48 45 47 45 50 49 46 47 46 47 
37 37 36 32 34 33 37 30 33 37 30 35 31 30 35 31 32 30 36 34 
42 41 41 43 42 43 41 42 43 43 41 41 43 41 41 41 42 41 41 43 
37 36 37 39 37 36 32 38 35 36 35 34 39 32 33 36 35 34 39 35 
28 37 36 36 33 28 33 27 35 29 28 27 27 28 35 28 36 28 32 37 
42 41 42 43 42 44 41 42 41 42 42 44 40 43 43 40 42 44 43 40 
32 30 29 28 28 32 28 31 30 29 32 31 29 29 29 28 30 29 31 28 
27 29 29 25 22 26 29 22 26 29 29 26 26 23 24 21 29 28 25 28 
20 24 20 28 24 25 26 26 21 26 20 28 26 28 18 24 28 25 18 24 
33 33 32 32 33 32 34 33 34 34 32 33 34 34 32 33 34 32 33 34 
48 49 52 49 50 48 51 49 51 49 52 48 52 52 52 50 51 51 52 51 
37 38 36 36 40 41 41 41 44 36 40 44 41 36 36 37 44 36 39 43 
42 46 46 43 52 51 48 42 48 44 47 42 47 48 45 50 52 43 43 50 
23 26 26 22 24 25 23 22 22 22 24 22 22 25 24 23 26 23 26 24 
42 43 43 43 41 43 43 42 43 43 42 41 42 41 41 43 43 43 42 42 
24 26 22 21 22 28 28 27 21 28 28 21 22 27 28 27 27 24 24 22 
30 32 27 29 30 31 35 28 35 36 36 37 36 27 37 28 32 27 31 37 
30 27 27 26 25 26 25 28 27 27 30 24 30 30 30 25 30 25 29 26 