65 65 65 67 69 68 69 69 66 67 68 65 65 67 66 66 65 68 67 67 
46 45 45 44 46 46 44 45 45 44 44 44 46 45 46 44 45 44 46 45 
58 61 58 59 61 57 61 58 61 61 57 60 59 57 60 61 60 59 59 58 
73 79 78 74 79 73 78 72 78 78 78 74 77 73 69 79 78 75 77 77 
74 75 70 73 72 69 68 70 74 71 71 69 68 68 71 72 74 74 69 72 
35 43 40 41 36 39 42 38 39 35 42 41 38 35 40 40 37 42 41 38 
54 55 54 53 54 53 55 55 54 53 54 54 53 54 54 54 53 54 55 55 
61 54 61 62 64 56 54 54 61 60 61 61 55 55 63 60 62 59 61 56 
55 54 54 55 55 55 55 54 53 54 54 54 54 55 54 54 55 54 53 54 
45 41 43 42 42 43 45 42 41 42 44 45 43 43 41 45 45 43 41 45 
58 54 55 57 55 58 55 55 57 55 55 54 57 54 57 55 54 56 58 54 
54 50 51 48 55 55 54 47 50 52 47 48 53 48 51 47 47 47 54 55 
62 55 60 62 54 59 61 59 53 59 52 56 61 53 59 53 58 54 60 54 
39 36 39 38 35 36 36 37 38 38 37 35 38 38 37 35 36 37 35 38 
35 38 36 40 39 38 36 39 34 38 39 34 36 37 39 38 34 39 36 36 
37 42 40 44 47 45 37 40 43 45 40 40 47 39 42 40 42 40 40 47 
60 61 60 60 60 61 61 60 60 59 59 59 59 60 61 60 60 59 60 59 
34 36 37 40 35 35 40 34 37 36 38 35 34 32 34 34 40 35 32 39 
47 39 39 42 41 42 44 42 44 45 42 42 47 44 41 46 44 41 41 42 
70 68 69 67 66 70 67 69 68 69 66 70 69 69 66 67 70 69 68 70 
61 64 61 63 61 62 64 65 65 61 61 63 61 61 64 64 62 64 65 65 
43 45 44 44 44 44 44 43 43 44 45 44 45 43 45 43 43 43 45 44 
61 63 62 63 62 62 63 62 62 61 61 61 61 62 61 61 62 61 63 62 
62 61 61 61 60 60 62 62 61 60 62 61 60 62 60 61 62 62 61 61 
46 46 48 48 50 48 50 50 47 48 46 48 50 47 46 47 46 50 49 48 
42 41 42 41 43 43 42 40 43 43 40 43 39 43 43 43 42 40 39 39 
48 47 47 48 49 47 47 48 48 49 49 48 47 49 48 49 48 49 47 47 
42 42 42 40 40 41 42 42 41 41 40 42 41 41 42 40 42 42 40 42 
40 38 39 37 39 37 33 34 37 39 37 36 33 35 32 39 32 34 39 35 
68 67 63 63 63 65 67 65 65 65 64 66 63 69 63 68 65 67 69 67 
68 67 69 68 67 67 67 69 69 69 68 68 68 69 69 67 67 68 69 69 
40 32 37 37 35 39 33 40 36 32 35 37 38 40 35 35 37 32 39 32 
66 65 68 69 67 70 68 69 71 71 68 69 66 66 70 67 65 65 68 71 
65 63 60 58 65 62 64 64 64 61 64 58 57 62 62 60 65 60 65 63 
52 50 52 49 51 53 48 51 54 49 51 49 52 52 53 53 49 52 48 53 
44 39 36 40 36 43 42 40 42 43 37 41 42 41 36 41 38 36 40 41 
60 60 60 60 60 61 61 62 60 60 61 62 61 61 61 62 62 60 60 60 
61 52 55 52 57 62 53 57 52 57 54 62 52 53 54 55 59 58 61 60 
32 36 33 31 38 33 34 36 31 32 35 39 37 38 32 34 37 32 31 32 
36 39 35 33 33 36 37 37 33 39 38 36 36 35 37 33 38 33 33 38 
50 46 48 47 49 47 48 49 47 48 50 46 49 47 49 50 49 47 49 49 
52 53 52 52 55 53 53 53 51 51 53 53 54 53 52 52 51 53 55 52 
57 55 56 56 59 53 54 52 51 56 56 59 51 54 52 58 53 52 51 54 
68 66 68 66 62 69 66 64 63 66 70 65 69 67 65 67 64 68 68 65 
44 46 45 42 41 44 41 42 41 46 44 42 42 46 40 46 42 45 40 45 
59 56 57 58 56 56 63 53 54 57 62 58 57 54 54 60 54 61 56 62 
76 70 70 78 77 74 72 77 77 72 76 76 68 78 69 75 76 73 70 71 
46 50 47 46 53 53 50 50 50 47 53 45 50 51 45 49 50 52 53 46 
68 66 66 66 68 68 68 67 66 67 67 66 67 68 67 66 68 67 66 68 
39 38 40 39 38 39 40 40 38 38 38 38 39 38 38 38 39 40 40 38 