46 44 45 46 46 45 45 43 46 46 44 42 43 43 44 42 46 42 42 43 
18 20 20 19 20 19 18 20 19 19 18 20 19 20 19 19 20 18 18 20 
66 60 62 63 66 61 60 61 62 62 60 60 62 61 65 64 63 64 62 62 
64 63 63 65 63 64 63 64 64 65 65 65 64 64 64 63 63 63 65 63 
29 29 28 27 30 29 30 26 26 27 27 29 29 27 26 28 28 27 29 27 
51 50 48 48 46 51 48 49 46 52 47 47 47 49 52 52 47 47 49 50 
55 55 53 52 50 55 50 47 52 51 49 54 49 50 48 50 49 51 51 54 
31 23 28 30 25 24 27 26 28 25 26 27 25 24 29 30 24 23 24 24 
60 60 59 60 60 58 59 59 59 58 58 60 59 59 59 59 58 59 60 59 
45 46 42 42 43 46 46 44 47 48 48 44 44 46 48 46 47 43 43 46 
49 45 46 50 48 46 46 53 44 52 52 51 51 45 50 50 46 53 53 53 
46 50 47 48 46 48 47 50 48 49 47 47 49 50 48 49 49 46 48 50 
51 52 51 53 52 52 51 52 53 51 52 51 52 51 53 52 53 52 51 51 
27 26 25 24 27 26 22 25 26 25 28 27 29 23 24 24 24 24 22 30 
34 31 33 34 33 32 30 33 30 31 33 32 31 32 34 34 33 31 32 34 
19 23 20 18 24 23 22 23 22 21 18 19 20 21 23 22 23 20 21 20 
26 26 26 27 28 28 27 27 28 26 28 28 26 28 28 27 28 28 28 27 
39 40 47 44 39 40 41 46 47 41 44 44 39 47 44 47 42 47 45 40 
63 62 63 63 62 62 64 63 63 62 62 62 64 63 64 63 62 62 63 62 
58 57 58 55 56 57 61 62 54 63 58 56 54 59 60 61 56 57 61 56 
24 16 20 15 21 15 20 19 20 17 20 22 22 23 14 16 16 16 14 14 
18 15 23 14 18 19 23 15 22 23 22 17 17 20 14 16 18 23 17 14 
50 53 52 50 51 56 57 58 52 52 51 51 54 50 53 56 56 55 58 55 
34 34 35 36 34 36 36 36 36 36 36 35 35 34 36 36 35 34 36 35 
29 29 30 28 28 29 29 29 30 29 30 29 30 29 28 28 29 28 30 29 
30 29 33 29 33 26 26 31 30 32 28 33 31 33 26 34 29 28 29 32 
48 48 49 52 48 50 51 50 51 48 52 48 50 50 49 52 50 48 49 51 
30 27 27 28 27 31 28 28 29 27 27 27 28 27 28 28 28 29 31 31 
27 27 35 27 26 35 27 26 32 28 36 28 34 29 27 31 36 26 36 30 
33 34 37 35 33 33 37 35 35 39 38 37 34 35 39 37 39 33 33 33 
36 34 35 34 34 35 34 35 36 35 36 34 35 36 34 34 36 36 35 36 
61 60 63 64 63 60 64 64 62 62 62 61 63 64 61 60 64 62 64 62 
55 57 56 55 57 55 58 54 57 57 54 57 58 54 58 54 54 56 58 54 
29 30 27 29 31 28 25 31 26 26 28 26 26 28 28 31 29 29 26 26 
26 27 26 30 25 33 32 31 33 29 32 27 33 30 33 27 29 31 26 31 
25 23 21 26 21 24 23 22 20 22 21 20 25 21 25 20 25 25 20 20 
26 26 24 31 25 27 23 27 25 31 23 29 28 26 24 31 24 24 31 30 
51 51 52 52 47 52 51 47 48 50 51 49 51 47 49 51 52 49 49 47 
52 52 52 53 50 52 50 52 51 50 53 52 52 53 50 52 52 49 53 49 
23 20 24 25 18 20 25 21 25 15 21 25 20 16 23 19 19 24 22 19 
35 33 33 35 33 33 35 37 33 37 37 33 35 35 34 36 37 34 36 35 
26 30 30 25 30 28 27 30 27 30 27 27 29 26 26 24 27 28 27 27 
47 53 51 52 52 50 51 49 47 50 50 48 48 47 53 51 49 48 47 49 
36 42 33 41 43 36 36 35 43 33 40 39 39 35 34 38 40 42 38 39 
64 64 64 60 61 64 62 62 61 63 64 58 64 60 61 61 61 63 64 63 
29 30 30 29 28 30 29 29 27 26 29 27 28 29 27 28 26 28 29 29 
55 60 55 57 60 58 60 52 55 59 54 57 57 58 51 59 54 54 60 60 
58 51 58 56 53 56 60 50 53 60 59 50 58 50 57 60 55 56 54 56 
12 13 15 20 10 13 20 10 18 18 19 15 17 16 15 16 19 15 18 10 
46 47 45 45 47 45 47 45 45 45 46 47 47 45 45 47 47 46 46 47 