56 58 56 55 54 54 57 55 58 56 55 58 54 54 54 57 56 54 54 58 
50 51 46 50 44 51 44 51 51 44 41 45 45 48 42 51 42 50 44 42 
25 25 26 27 25 26 26 25 26 27 26 25 27 26 27 26 25 27 25 25 
64 59 65 64 63 67 59 61 67 61 66 67 63 59 59 59 61 64 59 67 
35 35 36 36 36 35 35 37 35 36 36 35 37 36 35 35 36 36 35 36 
29 25 28 26 29 27 25 27 29 25 28 25 25 27 29 28 26 25 25 29 
48 46 48 49 46 46 49 49 49 48 49 46 50 50 50 49 50 46 47 50 
79 77 77 78 81 78 74 76 77 77 81 80 79 80 73 78 76 73 81 77 
47 42 48 47 46 42 42 42 43 47 46 42 44 45 43 47 42 44 43 47 
73 79 73 75 75 74 75 79 76 78 77 76 74 75 76 80 78 81 76 76 
72 77 72 77 68 77 71 77 75 69 76 75 71 70 70 68 75 71 73 74 
42 50 49 50 46 50 45 45 42 45 43 46 44 48 50 42 43 45 47 42 
44 43 47 48 48 46 42 46 42 44 46 48 42 44 42 47 46 42 46 46 
24 24 24 22 24 22 23 23 23 22 22 22 24 22 23 23 24 23 23 23 
60 58 58 59 60 58 60 58 58 59 58 59 60 58 60 58 58 59 59 60 
56 56 57 56 57 56 58 58 58 56 57 56 56 56 58 58 57 56 57 56 
55 53 52 55 55 55 55 56 55 53 54 52 55 53 56 56 54 52 55 55 
19 25 23 20 20 24 24 20 24 21 19 24 20 22 19 22 23 23 23 23 
69 69 66 67 66 70 68 68 68 70 67 68 70 67 67 70 66 68 66 67 
65 66 67 66 70 65 65 70 68 65 71 70 70 68 67 67 70 66 68 67 
76 80 76 79 76 74 80 75 77 79 72 78 75 80 75 74 78 73 72 79 
46 50 47 50 54 56 56 48 52 46 52 54 51 54 48 48 48 52 50 48 
57 58 61 61 56 59 55 51 51 51 54 59 54 56 55 51 60 53 55 61 
35 36 32 35 36 33 35 32 34 34 32 32 33 34 34 35 32 32 34 32 
60 61 62 60 62 61 62 60 61 62 62 62 60 61 60 62 60 61 60 60 
77 75 76 80 78 82 78 73 83 77 81 74 82 73 79 78 76 79 76 80 
26 30 25 29 29 26 28 31 29 29 27 25 27 25 26 27 29 30 27 27 
41 41 37 46 44 44 44 41 46 39 42 44 43 38 38 39 41 40 45 43 
69 69 68 70 72 70 71 72 68 72 68 72 71 71 70 72 70 68 68 70 
37 35 38 39 40 41 43 36 36 35 33 34 43 40 43 35 34 35 42 36 
28 28 28 29 28 29 27 27 29 28 28 29 27 29 28 29 28 29 29 28 
67 66 65 64 67 64 67 67 64 66 65 64 64 68 66 64 67 65 68 67 
67 66 62 70 67 71 65 64 66 63 64 64 63 70 71 68 64 66 65 71 
33 30 29 33 30 30 33 31 31 33 29 32 31 29 32 32 31 29 30 32 
35 33 31 34 35 31 37 33 37 37 33 39 37 34 37 32 38 34 39 32 
51 59 51 52 50 59 54 53 52 49 52 55 57 59 54 57 56 56 55 59 
24 28 27 26 26 26 29 29 24 30 27 23 27 29 24 28 23 28 22 30 
31 32 32 31 28 29 31 27 32 27 31 32 31 30 32 27 32 27 29 26 
46 44 48 48 48 47 48 44 49 44 46 51 44 44 51 47 50 51 45 51 
35 37 36 41 40 39 37 32 34 41 35 40 39 37 39 40 40 34 35 38 
33 34 34 34 35 33 34 33 35 33 34 33 34 34 35 33 34 33 34 33 
58 65 59 59 61 60 65 62 59 61 66 62 60 61 58 65 59 65 62 63 
52 54 56 55 56 55 52 57 56 56 53 50 55 56 52 50 50 50 57 56 
58 56 58 58 54 55 54 55 55 57 57 56 58 58 54 57 55 56 58 55 
27 26 30 22 28 27 20 29 24 28 25 23 23 28 28 24 22 23 24 29 
30 28 27 28 26 26 25 25 30 23 23 24 27 27 25 27 30 26 25 31 
35 38 35 36 38 35 35 34 36 38 35 38 35 35 38 34 35 34 35 34 
43 43 45 43 44 45 45 45 43 45 44 45 45 45 45 43 44 45 43 45 
80 76 74 73 78 75 77 80 78 74 76 75 72 75 79 78 73 75 78 77 
67 61 63 68 68 63 62 62 63 66 68 68 61 66 64 67 65 60 61 67 