35 34 35 35 36 35 36 35 35 33 32 32 36 36 35 32 35 36 33 34 
74 74 73 75 73 73 75 75 73 73 73 73 74 73 74 73 73 74 75 73 
73 72 72 73 73 71 71 71 73 71 71 71 71 72 71 71 73 73 72 73 
26 25 25 21 26 20 20 25 21 26 25 21 24 23 23 25 26 24 21 22 
92 91 90 92 91 92 90 91 92 92 91 92 92 91 91 90 90 92 92 92 
84 86 87 84 87 85 85 85 81 84 81 81 81 83 85 84 87 86 81 83 
35 37 35 37 36 35 37 35 37 36 36 35 36 37 36 35 35 37 37 37 
57 55 57 59 59 55 56 59 57 57 58 56 57 56 57 56 59 57 59 55 
75 74 74 75 76 74 74 75 74 76 75 74 74 76 76 74 76 74 76 74 
54 51 48 56 56 49 57 54 49 51 52 50 48 56 54 51 51 56 49 50 
92 88 86 90 90 86 88 88 83 84 84 83 92 87 92 85 92 93 86 88 
43 41 34 38 34 42 37 37 39 43 43 36 39 33 40 33 36 33 39 41 
30 31 33 28 32 28 30 29 30 28 30 30 32 31 29 30 31 30 34 28 
61 61 57 58 59 60 60 57 57 61 57 59 61 58 60 60 57 61 57 59 
86 87 86 86 87 88 87 86 86 87 87 86 88 87 86 87 88 87 87 86 
31 33 27 32 29 28 29 28 30 31 30 33 32 31 32 33 32 28 29 33 
57 57 54 49 49 56 52 56 56 55 53 50 52 53 54 51 57 56 56 52 
70 69 70 67 68 71 71 71 69 70 69 67 70 71 68 68 68 67 71 71 
60 59 61 61 61 60 61 61 60 60 60 59 59 61 61 60 60 60 61 61 
87 85 85 85 87 85 86 87 86 87 85 85 85 86 86 86 85 85 86 85 
79 77 79 77 79 79 75 79 81 80 80 75 81 75 79 72 73 76 76 75 
74 76 72 74 74 77 77 73 77 75 71 71 75 77 77 73 76 77 72 72 
90 90 92 91 91 92 92 91 92 91 91 91 90 91 91 92 90 90 91 90 
83 84 86 86 82 82 82 84 83 83 85 83 83 82 84 83 83 82 82 83 
30 31 35 30 36 31 31 31 37 37 35 29 35 35 35 31 29 33 35 31 
61 64 61 64 67 68 62 65 61 65 65 67 68 69 59 69 60 63 61 59 
59 57 52 59 55 58 58 57 51 57 58 56 53 54 56 59 55 57 56 53 
61 60 61 61 60 64 63 58 58 61 61 64 67 67 58 67 62 65 59 66 
88 83 82 85 86 86 83 86 88 85 88 88 82 85 85 83 87 86 86 85 
74 70 70 70 76 73 73 73 74 70 75 75 74 71 74 73 71 70 73 74 
60 59 59 60 61 61 61 61 61 61 60 60 59 59 60 61 61 61 60 61 
78 78 83 80 78 82 82 81 80 79 83 82 81 84 76 77 80 78 76 77 
73 71 71 75 73 71 78 77 72 72 73 79 71 80 80 75 70 71 77 75 
58 56 57 58 58 57 57 56 58 57 58 56 57 57 57 58 56 57 57 58 
92 91 93 93 92 88 92 89 96 87 92 86 91 95 90 94 90 95 95 95 
39 40 39 40 39 38 38 38 40 39 38 40 40 39 39 40 39 39 38 38 
52 57 57 54 56 54 53 53 53 55 47 55 47 48 48 49 57 57 53 48 
21 27 28 21 23 25 28 21 27 22 25 20 28 30 24 23 20 30 26 27 
37 34 35 36 35 37 38 38 34 38 38 34 36 37 37 36 38 37 36 38 
37 40 43 40 41 40 38 40 41 35 36 41 40 41 43 43 41 40 43 40 
61 58 61 62 58 61 59 58 61 62 58 59 60 62 59 60 60 62 58 59 
81 81 76 73 83 82 78 78 77 78 77 78 73 73 74 80 77 83 82 74 
33 33 32 33 31 33 31 33 31 31 31 33 33 31 32 32 32 32 31 32 
77 78 78 76 77 77 75 75 77 75 76 79 75 76 77 75 78 75 75 79 
49 47 50 50 47 51 53 48 55 50 52 52 47 47 51 52 52 55 50 54 
65 65 65 69 65 69 69 66 68 67 67 67 68 69 69 69 69 69 68 67 
62 61 62 63 63 63 63 63 62 62 62 61 63 61 63 61 61 63 61 61 
71 69 71 70 69 71 70 71 71 69 71 71 69 71 71 71 70 69 70 70 
53 49 49 55 49 55 52 49 47 47 55 50 53 48 51 53 52 53 52 51 
70 72 72 69 69 70 73 71 69 71 69 69 71 72 71 72 70 72 69 71 