33 36 34 33 32 32 32 35 36 36 36 36 35 36 34 34 32 36 33 32 
25 26 26 25 26 26 25 27 27 27 27 26 26 25 25 26 26 25 27 27 
83 87 88 82 83 87 86 81 81 88 86 83 86 87 89 89 85 81 81 86 
79 78 76 75 76 76 79 78 77 76 78 76 78 75 75 78 79 79 77 79 
95 97 95 95 95 95 97 96 97 95 97 95 97 96 96 95 95 95 95 97 
43 42 42 43 44 43 43 44 44 44 43 44 44 42 43 43 42 44 44 43 
95 90 96 96 91 92 90 95 90 92 90 93 91 92 90 94 95 92 95 94 
36 38 36 38 37 37 35 39 36 38 36 37 39 39 39 35 35 36 38 37 
38 39 41 41 40 37 39 37 42 38 43 39 37 42 43 40 41 37 43 39 
79 80 79 79 81 81 80 79 81 79 79 79 81 80 79 80 79 80 80 79 
34 32 33 34 32 34 33 32 33 33 32 34 33 33 33 33 32 33 34 32 
98 98 97 98 97 96 97 98 96 97 98 97 96 98 96 97 97 96 98 98 
81 78 79 76 78 77 76 78 80 78 80 78 78 81 79 81 78 83 79 80 
44 45 49 45 50 47 45 45 44 47 49 52 51 46 44 51 50 45 47 44 
36 37 40 38 40 41 38 41 35 42 36 38 39 36 36 42 36 40 38 35 
67 65 64 70 60 69 68 64 69 64 60 60 66 64 70 60 65 62 64 66 
81 83 82 81 81 83 82 81 82 83 83 82 83 83 83 83 82 81 82 82 
31 28 29 31 30 30 30 29 29 32 32 30 31 30 31 31 30 31 32 29 
49 48 47 49 49 47 49 50 47 46 49 49 48 48 48 50 47 46 48 50 
88 91 91 86 87 91 91 91 90 90 88 88 90 87 87 86 89 90 86 85 
69 69 71 69 71 69 71 71 71 69 70 69 70 70 69 69 70 70 70 69 
32 38 34 37 36 34 38 34 36 37 37 35 36 32 32 33 36 35 33 34 
82 82 82 81 83 83 82 83 82 82 83 81 83 83 82 81 82 83 83 82 
77 73 74 76 77 77 78 77 72 77 72 73 78 75 73 73 78 77 77 72 
65 62 65 63 64 63 64 64 63 62 64 61 66 65 63 64 64 65 61 61 
38 40 44 44 42 42 43 46 43 39 47 47 37 38 40 42 46 43 37 46 
85 89 92 90 86 90 89 85 93 86 87 89 86 92 90 88 91 87 90 93 
75 73 71 69 75 72 70 70 72 72 73 70 71 69 69 74 72 74 70 73 
47 51 50 55 51 49 54 52 49 48 47 53 57 55 55 54 51 55 53 54 
71 63 70 64 67 64 69 65 66 65 61 63 63 66 68 61 65 62 63 71 
40 42 40 40 40 41 42 41 42 42 40 40 42 40 42 41 41 42 40 41 
71 71 69 71 68 72 70 70 68 69 71 70 67 72 68 69 69 67 67 69 
76 77 77 73 74 77 74 77 77 77 75 75 75 76 73 73 74 74 74 74 
49 51 48 46 47 47 50 53 48 48 50 53 54 46 52 51 55 54 54 52 
99 96 96 96 99 96 96 99 98 95 93 97 95 97 93 97 98 97 97 94 
72 68 70 68 70 70 66 66 72 66 67 69 71 67 66 70 70 68 70 66 
40 39 40 38 36 44 38 46 43 44 43 37 46 43 38 36 36 41 44 38 
54 51 61 53 57 53 60 54 55 51 58 58 61 56 52 60 52 59 58 57 
90 90 89 88 92 90 89 90 91 91 90 90 95 88 89 89 96 92 94 93 
56 54 52 53 50 56 48 48 48 48 56 53 56 49 56 51 49 56 54 56 
47 48 49 49 49 49 48 48 48 49 48 47 48 49 49 49 47 49 49 47 
40 40 40 38 40 40 42 38 38 38 42 40 40 38 42 40 42 39 42 38 
97 98 98 99 97 97 99 97 99 98 99 99 97 97 99 99 97 98 99 99 
90 92 94 92 95 93 97 90 97 97 91 96 92 89 94 91 91 95 93 95 
63 64 63 63 63 63 63 64 65 64 63 65 64 64 65 64 64 64 65 65 
55 59 58 61 61 57 57 59 54 56 59 57 59 58 60 61 59 59 54 59 
21 19 21 23 23 20 19 23 21 22 20 21 20 23 23 20 20 23 21 20 
40 41 43 40 41 40 43 43 42 40 42 43 40 42 40 44 41 41 40 43 
46 46 43 43 49 43 44 44 49 47 46 45 44 49 48 49 49 47 46 43 
85 87 78 88 80 85 81 81 81 80 83 78 78 80 86 87 79 80 86 82 