20 19 18 20 18 18 17 21 21 19 20 21 18 20 17 17 19 21 17 21 
35 40 35 42 44 41 36 44 37 43 42 36 40 35 43 34 34 41 34 36 
86 88 88 86 87 84 88 88 84 85 88 86 88 88 88 88 84 84 88 86 
44 43 44 44 43 43 44 43 43 44 44 43 44 44 44 43 42 42 44 43 
87 83 92 85 92 86 83 85 92 88 92 86 92 91 86 92 84 87 85 82 
65 68 65 64 64 60 61 68 67 61 61 69 66 62 66 61 60 66 64 68 
61 61 63 63 63 62 62 62 61 62 62 63 63 63 63 63 62 63 62 63 
82 82 82 86 83 87 87 88 83 82 87 87 84 86 83 88 84 83 85 87 
75 73 65 72 69 75 74 72 70 71 70 71 75 73 73 73 69 75 66 72 
14 13 14 9 14 8 10 10 10 12 11 10 14 9 11 12 14 8 11 12 
37 38 38 36 38 36 37 36 36 37 36 38 36 37 38 38 37 38 36 38 
69 70 66 67 66 69 68 68 69 67 68 70 70 69 67 69 70 69 70 66 
41 39 39 41 41 39 41 40 41 40 40 39 41 40 41 41 39 40 41 41 
18 19 18 20 20 18 20 18 20 20 18 19 19 19 19 18 18 19 20 20 
47 47 48 52 52 51 47 47 47 48 52 50 48 52 48 47 50 50 49 47 
8 5 7 5 8 7 5 7 6 6 7 5 7 6 6 6 6 6 7 6 
15 11 13 11 11 14 15 13 11 11 13 14 12 13 15 12 11 14 11 15 
54 54 54 52 53 52 52 53 52 54 53 53 54 52 52 52 54 53 54 54 
17 17 21 19 20 17 19 21 18 20 21 18 20 17 21 19 18 19 18 21 
73 74 75 73 75 74 73 75 73 75 73 73 73 73 73 75 73 75 75 73 
47 47 46 47 46 44 43 46 43 46 47 44 45 46 45 45 43 45 46 47 
60 57 59 58 63 61 63 59 59 62 60 63 62 57 57 57 59 58 58 60 
54 57 54 54 54 58 58 58 55 55 58 57 58 55 57 56 56 56 55 57 
47 51 51 48 50 47 50 46 52 49 49 46 50 51 52 46 50 50 50 51 
85 85 87 88 85 87 89 83 83 87 86 86 83 89 85 83 85 84 86 83 
93 84 85 92 84 84 91 85 93 92 85 85 85 86 90 83 90 91 92 91 
28 26 31 28 33 28 26 30 34 32 32 29 26 27 32 33 35 35 32 32 
68 67 68 69 68 67 68 67 69 69 69 69 69 67 69 69 68 69 67 68 
82 84 84 82 83 86 82 84 85 85 82 83 86 86 82 82 86 86 85 86 
43 42 43 43 42 42 42 43 43 44 42 44 44 44 43 43 43 42 44 42 
4 3 4 4 4 4 3 2 3 4 2 4 3 4 3 2 2 4 3 3 
43 43 43 42 39 42 40 40 42 41 40 40 41 42 41 41 39 42 39 41 
65 62 61 62 55 60 62 57 63 59 62 56 63 60 57 61 62 57 63 57 
31 26 33 28 30 34 27 29 31 34 26 27 27 31 31 28 32 28 34 27 
85 86 85 85 86 88 86 86 87 88 88 91 85 86 90 86 90 86 86 88 
3 8 6 7 5 10 1 1 1 8 3 1 9 10 7 3 6 2 2 9 
11 15 16 14 11 16 17 11 15 15 11 14 16 10 12 16 9 10 17 11 
81 79 77 79 85 86 76 81 76 84 84 79 77 76 85 79 78 82 84 82 
61 59 57 60 60 61 59 59 59 57 60 59 58 58 60 60 61 58 57 58 
53 56 50 54 56 50 55 53 52 49 55 53 50 54 57 57 53 52 53 51 
24 14 16 23 22 24 22 22 14 14 23 24 20 14 18 18 22 24 18 22 
63 65 68 69 69 63 64 68 67 67 65 67 69 63 68 65 66 66 68 64 
76 79 78 78 76 76 76 78 77 79 79 77 77 78 75 75 79 75 77 75 
10 8 9 9 10 9 10 8 8 9 9 10 9 10 9 9 10 9 10 9 
66 62 62 62 65 61 64 64 67 64 65 62 66 61 61 63 63 67 63 61 
29 30 29 31 31 31 29 29 31 30 29 30 31 30 30 29 30 30 31 31 
44 39 43 46 47 48 44 46 43 44 41 45 38 41 45 45 43 45 48 45 
79 79 79 81 78 78 80 80 78 82 78 79 77 78 76 82 78 78 80 81 
24 25 26 24 25 24 26 24 26 24 24 24 25 25 24 24 24 25 25 25 
81 80 82 85 81 86 85 81 83 86 80 80 82 84 80 80 80 86 82 82 