scholl 
hard 1
 100000 200
34991
34949
34847
34577
34461
34343
34318
34316
34302
34290
34282
34279
34046
33944
33814
33813
33753
33653
33620
33584
33554
33544
33426
33414
33376
33273
33270
33170
33034
33007
32957
32897
32784
32773
32528
32499
32423
32400
32356
32302
32090
31863
31850
31841
31840
31775
31773
31655
31613
31608
31587
31535
31378
31197
31194
31179
30992
30899
30780
30742
30685
30645
30641
30610
30498
30336
30327
30271
30105
29975
29957
29924
29870
29815
29777
29754
29658
29648
29553
29481
29416
29415
29410
29408
29361
29316
29002
28987
28947
28897
28801
28636
28538
28507
28435
28360
28330
28063
28007
27983
27937
27879
27760
27715
27517
27230
27146
27072
27028
26985
26894
26840
26799
26797
26717
26582
26511
26472
26469
26386
26301
26117
26110
26031
26030
25705
25532
25524
25499
25441
25421
25356
25310
25227
25118
25073
24989
24955
24844
24792
24625
24562
24526
24451
24299
24290
23927
23885
23873
23850
23795
23583
23473
23438
23408
23354
23328
23260
23145
23128
22994
22744
22687
22596
22581
22516
22467
22412
22337
22253
22226
22206
22177
22036
21997
21933
21807
21749
21669
21656
21585
21525
21506
21437
21415
21316
21222
21214
21098
20944
20819
20718
20709
20488
20458
20422
20324
20233
20137
20008
