c A permuted SAT Competition 2007 formula with seed=1755622554
p cnf 298 2176
-120 30 -138 -255 0
129 281 -270 50 19 0
-89 281 -129 218 0
-19 59 133 33 0
285 45 168 99 0
170 100 179 276 260 0
240 170 224 -95 100 0
-43 91 106 -101 0
-219 -55 -250 41 0
-191 -156 222 239 0
-189 202 166 296 18 0
4 196 -252 151 -35 0
23 83 -212 -67 0
34 213 249 30 0
108 -269 27 64 268 199 0
-68 295 253 -244 0
-54 -232 -278 -217 -102 -262 0
220 71 286 -214 0
237 8 178 -137 265 0
5 -90 -202 115 0
103 -181 56 -275 0
-52 -285 230 273 0
57 -163 -177 236 0
-9 111 -192 36 -96 66 0
34 30 -249 -213 0
249 234 34 6 0
-144 209 -294 285 0
110 -171 116 -241 0
-27 -200 -269 131 0
-45 -159 -168 283 0
70 -229 -193 -135 207 0
-105 -230 273 12 -92 0
-269 200 -131 -27 0
297 146 26 -150 0
240 -138 -255 -160 15 0
277 53 114 -271 0
-255 138 -30 120 0
210 -236 244 68 0
187 -28 169 20 0
148 245 291 121 -61 0
255 240 -15 160 138 0
112 -269 -286 214 -27 -184 0
47 -238 73 288 0
-256 -107 47 117 -141 0
143 92 174 -60 0
-145 38 215 -134 0
-17 -185 216 252 0
-139 81 -206 298 0
-259 -279 -58 147 0
177 182 49 163 -118 0
270 -129 -19 -50 281 0
103 271 -181 -275 0
229 97 -232 62 -278 -70 0
-167 -264 254 -263 -243 0
-286 -220 -214 -71 0
-274 203 -194 -6 0
-15 -154 122 65 160 0
-254 -264 243 -167 263 0
-41 -14 36 66 0
-76 -186 -261 -48 165 0
-48 165 76 -186 -261 0
190 151 -4 -2 0
-54 232 217 -262 -278 -102 0
223 146 82 85 0
-22 94 -283 -227 0
-197 -235 292 -40 0
141 -117 256 -47 107 0
234 46 123 208 0
254 264 167 -243 263 0
-111 -9 -96 -66 36 -192 0
-128 -259 -191 -58 37 0
-115 -256 -200 -141 0
-159 -45 283 168 0
-228 102 251 217 -44 0
-68 244 -295 253 0
75 82 248 152 0
7 140 40 197 0
245 -121 291 148 -61 0
-100 240 -224 -95 170 0
-170 -179 276 -100 -260 0
-11 270 50 212 0
-9 172 -143 60 111 0
-254 -161 78 -264 282 0
169 -295 -187 88 0
205 -122 -24 65 0
254 -282 161 78 264 0
229 97 62 -232 278 70 0
99 139 206 -220 0
-154 160 122 -65 -15 0
-36 41 66 -14 0
275 -103 -228 136 0
-125 277 32 -188 0
50 -281 -129 -19 -270 0
158 30 -80 -55 0
140 7 -197 -40 0
-106 -101 260 -226 0
-188 71 32 -52 0
109 258 -244 68 -294 0
-198 296 -253 -166 0
-189 -173 -161 -18 0
-134 85 -223 215 199 -108 0
214 -112 184 286 269 27 0
158 137 -80 26 -178 0
-72 90 -71 42 5 0
-166 -119 69 -296 0
158 137 80 -26 178 0
-118 -111 -39 -9 0
184 -27 -214 -269 286 112 0
-12 -105 -230 -273 -92 0
-194 -274 -118 3 0
-150 -26 -297 146 0
-178 137 26 80 -158 0
-122 -65 -154 -160 -15 0
-5 -90 -83 287 0
-215 -134 126 146 -272 0
15 255 -138 160 240 0
90 -72 -42 -5 -71 0
-195 286 -214 -91 0
-183 -293 130 11 0
286 -71 220 214 0
-217 228 -251 -102 -44 0
110 -284 -287 171 0
211 -174 -233 210 0
-27 269 108 -64 -199 268 0
97 -212 -62 -124 0
88 169 187 -295 0
190 -63 -114 -53 0
297 146 -26 150 0
107 -47 -117 203 0
231 -238 -147 -176 0
29 93 -186 48 0
11 -130 183 -293 0
182 -49 -276 -152 -75 179 0
-65 -122 91 -69 0
-4 -151 -190 2 0
-270 -212 50 11 0
-191 -222 239 -156 0
4 151 28 -7 0
57 -54 -105 -12 262 0
142 105 12 -127 -3 0
-123 224 173 46 95 0
-49 -179 75 182 152 276 0
-186 165 261 -48 76 0
-29 -297 -150 43 0
20 -110 171 294 0
-212 -83 -23 67 0
-47 -117 -107 256 141 0
200 27 269 131 0
50 -135 -292 207 -270 0
-85 146 223 -82 0
211 193 -233 84 0
193 84 -233 -211 0
-179 75 -276 152 182 49 0
239 175 155 242 0
31 83 -162 -16 0
34 -35 249 -196 225 0
66 153 257 -36 0
-66 -36 -111 -96 9 -192 0
-268 -46 123 -181 -64 0
278 -232 -70 62 97 -229 0
-269 268 -27 64 199 -108 0
156 191 -222 -239 0
11 -130 -183 293 0
-243 -113 -157 159 0
-34 249 -30 213 0
-98 266 -43 -205 0
58 259 279 -147 0
84 193 233 211 0
134 -223 199 215 85 -108 0
-62 70 229 278 232 97 0
-291 -100 273 230 -170 0
-214 -269 -184 112 27 286 0
-287 -83 5 90 0
235 40 292 -197 0
199 -134 -85 108 -215 -223 0
-15 -252 160 235 0
-48 186 -165 -261 -76 0
-273 -52 230 285 0
67 213 23 -11 0
161 -264 254 -282 -78 0
233 -211 210 174 0
-243 -163 208 -177 0
-27 269 -199 -108 268 64 0
-78 -185 -104 -282 0
-30 55 -158 80 0
-139 38 -206 -26 0
18 189 -38 -289 0
54 232 262 278 -102 -217 0
-96 66 9 -111 -192 36 0
-42 90 5 71 72 0
-288 29 221 -73 0
-247 -10 -195 -257 0
43 297 -150 29 0
29 93 -48 -186 0
-19 -129 270 281 50 0
-175 -155 242 239 0
193 119 -128 -37 0
-9 -96 -192 -66 111 36 0
-223 -146 -82 85 0
-115 256 141 200 0
-291 -61 121 148 -245 0
33 -45 168 -198 -133 0
-87 -156 137 -222 -178 0
178 26 -158 137 80 0
-254 1 93 264 -149 0
-292 204 246 238 0
-90 72 5 71 -42 0
-243 -157 113 -159 0
36 9 192 -96 66 -111 0
-65 160 -154 -122 15 0
9 96 -192 -36 66 -111 0
-66 192 9 96 36 -111 0
-1 265 -242 155 -149 237 0
33 -216 -28 -17 -133 0
61 -121 -21 88 0
246 -198 -140 -204 0
245 234 -282 78 148 0
22 -165 94 -104 0
105 3 142 -127 -12 0
-173 -95 46 -123 224 0
241 -115 44 251 0
284 204 -246 131 0
-178 222 156 -137 -87 0
-163 -182 -49 177 118 0
-38 -139 26 -206 0
-276 185 -174 179 0
-209 -144 -202 -203 0
62 -229 70 -278 -97 -232 0
-218 -129 281 89 0
116 171 110 241 0
159 -283 45 168 0
267 205 272 126 0
-247 -131 -10 -59 0
-158 82 -80 -240 0
81 -293 217 102 0
209 -285 294 -144 0
-76 186 261 -48 165 0
-150 220 -76 -261 -297 0
-124 55 -49 -182 0
4 151 -28 7 0
-255 -138 -267 -201 0
-169 187 20 28 0
-283 -176 231 -21 0
-268 -108 64 -199 27 269 0
-218 10 -140 247 0
-105 273 230 92 -12 0
106 -101 -51 277 0
-151 190 -4 -2 0
55 -41 -250 -219 0
157 -159 243 113 0
63 196 -180 -35 0
-198 -168 33 -133 -45 0
64 268 -153 89 0
194 -274 86 280 0
278 -232 -52 280 0
218 143 -60 186 48 0
184 -27 -112 -214 286 -269 0
-137 87 222 -178 -156 0
-217 -81 -293 102 0
-71 -72 90 -5 42 0
288 -238 -73 -47 0
21 224 95 136 0
77 141 -260 256 0
-177 -57 163 -236 0
296 -198 166 253 0
-111 -66 -96 9 -36 192 0
163 243 -177 -208 0
189 -18 202 -296 -166 0
-115 241 -251 -44 0
-247 -10 -218 -140 0
-38 -189 -289 -18 0
170 100 -260 276 -179 0
-242 200 155 -93 0
-138 255 240 -160 15 0
-97 229 278 -62 232 -70 0
-111 -172 143 9 60 0
-159 207 -135 -161 0
3 -12 127 -142 105 0
-152 -125 257 -75 0
1 -149 155 -237 -265 -242 0
219 25 210 250 0
137 26 -158 -178 -80 0
-107 -39 117 120 0
68 236 -210 244 0
-90 -71 -42 5 -72 0
265 -289 -120 237 0
-82 75 -248 -152 0
158 55 -80 -30 0
129 270 281 -50 19 0
228 -103 275 -136 0
-166 296 198 253 0
-236 263 280 167 0
95 -136 -21 224 0
-214 -269 286 112 -27 -184 0
109 68 -258 294 244 0
44 -102 251 217 228 0
-281 -270 19 -50 -129 0
86 248 -144 -209 0
90 287 83 5 0
-182 -75 179 -49 276 152 0
13 74 153 86 0
171 -241 -110 -116 0
230 105 -273 12 92 0
9 60 -111 -143 172 0
-247 257 195 -10 0
279 -58 -147 -259 0
170 240 -224 95 100 0
2 -225 -262 -54 0
-234 208 123 -46 0
283 -94 22 -227 0
115 -251 -241 -44 0
201 -25 98 266 0
-193 70 -135 -207 229 0
142 88 -127 175 0
161 207 159 135 0
-250 -219 -210 -25 0
232 278 52 280 0
264 -161 282 -254 -78 0
226 -145 -13 -74 0
-265 -149 -237 -1 242 155 0
-267 272 -126 205 0
-131 -284 204 -246 0
25 210 -250 -219 0
292 -270 -207 -135 50 0
138 -255 240 15 160 0
-73 -288 -24 -87 0
18 189 296 -202 166 0
273 52 285 230 0
-138 267 201 -255 0
-58 -259 -128 191 -37 0
-97 278 -232 -62 -229 70 0
160 -252 -235 15 0
210 -174 -211 -233 0
-237 8 265 -178 137 0
-258 244 -294 68 -109 0
250 213 145 219 0
-163 118 49 177 182 0
111 -66 -192 -36 -9 -96 0
-99 285 45 -168 0
99 285 -168 -45 0
17 92 248 -216 0
255 -201 -138 -267 0
-242 265 -155 -237 -149 -1 0
-166 -296 -202 -189 18 0
-69 -122 65 -91 0
-165 70 -228 229 0
-10 59 131 247 0
5 202 -90 -115 0
-204 246 -284 -131 0
267 167 172 -263 0
-74 -86 -153 13 0
187 169 124 180 0
206 -139 298 81 0
-36 -96 9 192 66 111 0
-115 141 -200 -256 0
-286 220 214 71 0
168 -283 159 -45 0
-256 47 117 141 -107 0
-217 -251 -44 102 -228 0
-129 -19 50 270 -281 0
256 -141 -115 -200 0
-55 124 -49 182 0
273 100 170 230 -291 0
258 -162 279 109 0
-7 -28 4 -151 0
-119 62 132 -97 0
97 62 -119 -132 0
-288 -221 -73 -29 0
62 278 -229 -97 -232 70 0
252 -4 35 151 196 0
-231 283 176 -21 0
-246 284 -131 -204 0
60 174 92 143 0
-1 149 -237 -265 -155 -242 0
290 -284 164 -14 0
-73 288 -87 -24 0
-82 223 85 -146 0
27 -200 -269 131 0
-37 40 197 128 191 0
297 -26 -146 -150 0
-80 178 -158 26 137 0
-109 172 79 -258 0
-70 -97 278 232 -62 -229 0
-262 54 2 225 0
291 -148 -121 -245 61 0
140 218 -10 247 0
165 -94 22 104 0
182 276 -75 -49 -152 -179 0
153 64 -268 89 0
-248 -82 -75 -152 0
-107 141 -47 117 256 0
234 -34 249 -6 0
-242 -1 265 237 -155 -149 0
158 -80 -137 -26 -178 0
63 -35 -196 180 0
-230 -12 -92 273 -105 0
-18 202 189 -166 296 0
-230 105 -12 273 -92 0
-184 -112 201 -57 0
-66 9 -192 111 96 36 0
-64 -269 -268 27 108 -199 0
143 218 -186 48 -60 0
275 181 -103 56 0
223 -199 85 -215 -108 -134 0
298 222 156 84 0
-16 31 162 -83 0
161 254 -78 264 -282 0
-32 125 188 277 0
266 205 43 -98 0
246 -204 131 284 0
-267 -172 -263 -167 0
187 -180 124 -169 0
-14 -66 36 -41 0
77 208 126 272 0
270 50 -292 207 -135 0
56 -181 -275 -103 0
-201 -266 -98 -25 0
-215 223 199 134 -85 108 0
-187 -88 169 295 0
198 253 -296 166 0
-193 -135 -207 -70 229 0
100 291 230 -170 273 0
183 130 132 227 0
-291 -170 -273 100 230 0
85 134 108 -199 -223 -215 0
81 -293 -217 -102 0
-280 -274 -86 194 0
40 128 197 37 191 0
-222 -137 -156 87 -178 0
66 9 192 -36 96 111 0
-123 46 -268 -64 -181 0
186 165 261 76 48 0
2 7 157 -113 0
-111 36 -9 192 -96 -66 0
-214 286 184 -112 -27 269 0
-246 -204 -284 131 0
-75 -49 -179 -182 -276 -152 0
-193 -128 37 119 0
-21 -95 136 224 0
-234 245 -148 -78 282 0
-77 141 256 260 0
-240 158 80 -82 0
206 298 81 139 0
-49 -182 163 -118 177 0
-125 94 81 22 0
-93 200 -242 -155 0
146 -126 272 -134 -215 0
197 191 -37 128 -40 0
-5 72 -71 -42 -90 0
61 -245 -148 -291 121 0
-77 256 -260 -141 0
-49 75 179 -276 -182 -152 0
-32 52 71 -188 0
46 173 224 123 -95 0
-259 136 289 -58 0
-132 233 -211 -298 0
33 -133 19 -59 0
-236 68 210 -244 0
119 -132 -97 -62 0
-131 247 -59 -10 0
-89 56 -188 32 0
-43 -205 98 -266 0
121 -21 -88 61 0
-184 -112 24 14 0
-72 42 -293 -241 0
294 171 20 110 0
105 127 142 12 -3 0
264 1 254 -93 -149 0
-27 200 -131 269 0
234 123 -46 -208 0
138 120 30 255 0
203 144 209 202 0
-223 82 146 -85 0
-274 6 -203 194 0
-87 -156 137 178 222 0
-1 -149 -264 93 -254 0
-58 -37 -191 259 128 0
258 -109 162 -279 0
269 108 -64 -27 -268 -199 0
60 186 -218 -143 48 0
-53 114 -99 79 0
225 -121 61 -104 0
-207 -159 -161 135 0
277 -114 -271 53 0
-271 113 -157 287 0
58 191 259 128 37 0
-143 -218 -48 -60 186 0
96 -66 192 111 -36 -9 0
-265 -242 1 -155 -237 -149 0
202 -18 -189 -296 -166 0
64 268 269 -199 108 27 0
46 -123 -208 234 0
-71 -72 5 -90 42 0
271 113 287 157 0
136 95 -21 -224 0
-276 -170 179 -260 -100 0
-42 -72 -279 162 0
265 -137 -237 178 8 0
-142 105 -12 -3 -127 0
-149 -265 242 -155 -237 1 0
182 -163 177 -49 118 0
108 -268 64 27 269 199 0
40 -140 -197 7 0
-89 64 -268 -153 0
162 258 -279 109 0
8 63 -266 -98 0
-232 97 70 229 -278 62 0
121 -88 -61 -21 0
191 -156 222 -239 0
-262 57 54 -12 105 0
-66 -36 -111 -96 -192 -9 0
154 -96 192 -51 0
99 206 -139 -220 0
-294 20 110 -171 0
-273 -230 -12 -92 105 0
14 -184 112 -24 0
-106 277 51 101 0
8 -265 137 237 178 0
245 -148 -282 -234 78 0
102 262 -278 54 -232 -217 0
206 -99 220 -139 0
-289 -189 38 18 0
195 286 214 -91 0
-296 189 -166 18 202 0
-182 -49 124 -55 0
96 -111 192 66 36 9 0
1 -254 -93 149 -264 0
-195 10 -247 257 0
152 -276 -75 49 -179 -182 0
-98 -266 25 201 0
-108 -223 -134 215 -85 199 0
-229 193 -207 135 -70 0
-53 271 277 -114 0
-237 -265 8 -178 -137 0
297 -29 -150 -43 0
35 -196 151 252 4 0
-20 -183 -130 -235 0
-4 -7 28 151 0
88 -142 -175 -127 0
-117 47 107 -203 0
18 173 161 189 0
154 -65 -122 -15 160 0
220 76 150 261 -297 0
-110 -171 241 116 0
290 175 164 79 0
-97 70 -278 -232 -62 -229 0
-131 59 10 -247 0
-160 -15 -138 255 240 0
102 262 217 54 232 278 0
262 -54 -57 12 105 0
-220 286 -214 -71 0
236 -280 -263 167 0
263 -172 267 -167 0
-86 -280 -194 -274 0
-137 -237 265 -178 -8 0
98 25 266 -201 0
123 -208 -234 46 0
187 -20 28 169 0
-3 -245 -148 154 0
123 -46 95 173 224 0
120 -30 -138 255 0
-251 115 44 -241 0
196 -151 35 -4 252 0
-296 202 166 189 -18 0
-238 -73 -47 -288 0
176 -283 231 -21 0
-198 -140 204 246 0
13 -253 -147 -74 0
243 -263 264 -254 167 0
-110 -171 294 20 0
238 -288 47 73 0
-143 -174 92 60 0
201 112 57 -184 0
200 -256 141 115 0
-152 125 -257 75 0
225 -34 -35 249 196 0
-24 205 -65 122 0
-1 -93 -264 149 254 0
275 -228 103 -136 0
194 274 -280 -86 0
-292 -197 -40 235 0
238 147 231 176 0
-153 74 -86 -13 0
58 -136 -259 -289 0
264 263 -167 243 254 0
-44 -116 -251 41 0
244 109 -68 -294 -258 0
4 35 -252 -151 -196 0
6 -249 34 -234 0
-124 182 55 -49 0
-92 -60 -174 143 0
-190 53 -63 114 0
-3 -274 118 194 0
90 71 72 -42 -5 0
-280 -236 -167 263 0
-229 70 -165 228 0
161 78 -264 -254 -282 0
57 -112 -184 -201 0
166 189 296 -202 -18 0
-54 -12 105 -262 -57 0
27 -184 -269 214 -112 286 0
97 124 212 -62 0
145 226 13 74 0
-59 10 131 -247 0
262 232 102 -54 217 278 0
-20 110 -294 171 0
-206 -139 -298 -81 0
32 188 -125 -277 0
-123 64 46 -181 -268 0
175 -142 -127 -88 0
180 187 -169 -124 0
286 195 91 -214 0
-143 186 60 -48 218 0
103 -275 -56 181 0
30 -158 -80 -55 0
1 195 -51 -149 0
274 203 194 -6 0
-182 276 49 179 75 152 0
15 -255 -138 240 160 0
102 217 -44 228 -251 0
285 -230 -52 -273 0
31 16 162 83 0
-291 -25 -31 16 0
170 -179 276 -100 -260 0
58 191 128 -37 259 0
-107 -47 203 -117 0
-41 66 14 -36 0
-245 234 -148 282 78 0
236 57 163 177 0
-217 102 -44 228 251 0
-235 20 183 -130 0
69 -122 65 91 0
-276 -152 182 75 -179 49 0
-108 199 223 85 215 134 0
-214 -269 112 -184 -286 -27 0
213 23 11 -67 0
-173 224 95 123 46 0
-260 141 -256 -77 0
43 150 297 -29 0
181 275 103 -56 0
-3 12 105 -142 127 0
35 -34 196 -225 -249 0
213 -23 67 -11 0
-134 -215 -38 145 0
280 -52 -278 -232 0
-145 -213 -250 -219 0
-249 -34 234 -6 0
-30 158 80 -55 0
-199 108 -85 -134 215 223 0
100 260 -179 -170 -276 0
-202 -5 90 115 0
229 -135 193 207 -70 0
-88 295 -169 -187 0
112 184 14 -24 0
-41 -251 116 -44 0
173 96 -192 6 0
280 -236 -263 167 0
-33 59 -133 19 0
116 129 281 226 0
96 -111 36 192 -9 66 0
44 -116 -251 41 0
-110 171 287 284 0
-5 -72 -42 71 -90 0
-283 -168 -159 45 0
70 278 232 229 -97 62 0
-215 199 -223 85 108 -134 0
74 -253 -147 -13 0
-176 283 -231 21 0
-200 115 141 256 0
-271 -53 -114 -277 0
146 -134 -126 215 272 0
-195 286 214 91 0
-42 -293 241 72 0
228 275 103 136 0
-237 -265 -120 289 0
167 -254 263 243 264 0
-296 -119 69 166 0
-88 -175 142 -127 0
-207 159 161 135 0
235 160 15 252 0
-156 -84 298 222 0
-157 -113 243 -159 0
195 -149 51 -1 0
93 -149 254 -264 -1 0
158 -80 137 26 178 0
229 228 165 70 0
68 253 295 244 0
251 -116 44 41 0
66 96 192 36 -9 111 0
-255 -15 -240 160 -138 0
58 -128 191 -37 -259 0
34 -225 -35 -249 -196 0
-123 46 208 -234 0
218 129 -89 -281 0
-127 190 8 -142 0
189 -173 -161 -18 0
177 163 -57 -236 0
132 -227 -130 -183 0
164 -14 284 -290 0
79 -172 109 -258 0
-166 -296 -198 -253 0
-1 265 155 149 242 -237 0
99 -114 -53 79 0
-179 -49 -152 -182 276 75 0
208 -77 -126 272 0
133 -17 -33 28 216 0
-18 296 202 -166 -189 0
-163 243 -177 -208 0
69 122 -65 91 0
-22 81 125 94 0
-197 -128 37 191 40 0
-18 -289 -38 189 0
-290 79 -175 164 0
191 128 -40 37 197 0
184 -286 214 -269 112 27 0
-7 197 -140 -40 0
134 38 -215 145 0
266 -205 -43 98 0
228 165 229 -70 0
30 -249 -213 -34 0
251 -44 -116 -41 0
113 159 -243 157 0
-150 -220 261 76 297 0
-19 -39 -16 -31 0
-187 124 -169 180 0
1 -149 265 -237 155 242 0
80 240 82 158 0
-35 34 -225 249 196 0
223 -85 82 -146 0
291 100 170 230 -273 0
-77 -272 208 -126 0
-254 161 -78 282 -264 0
169 -20 -187 28 0
-227 -130 -132 183 0
52 -273 230 -285 0
-96 9 36 -66 -192 -111 0
139 -298 -81 206 0
-263 -243 -167 -254 -264 0
-127 142 12 -105 3 0
283 94 -227 22 0
285 99 168 -45 0
-184 -112 -14 -24 0
-293 -42 -72 -241 0
-292 40 235 197 0
61 291 148 245 121 0
1 -195 51 -149 0
-183 130 -235 20 0
48 143 60 -186 218 0
160 -240 -138 -15 255 0
-54 -12 57 262 105 0
185 -216 17 252 0
1 155 149 242 265 -237 0
112 -57 -201 -184 0
199 108 239 -221 0
-264 282 161 254 -78 0
-267 -126 205 -272 0
152 276 -75 179 182 -49 0
106 226 -260 101 0
-79 -172 -109 258 0
-224 95 123 -173 -46 0
-46 123 224 -173 -95 0
117 107 -120 -39 0
-234 34 249 -6 0
199 27 269 64 -268 -108 0
-148 121 -291 -245 -61 0
35 -249 34 -196 -225 0
-189 18 -296 166 -202 0
167 263 -280 236 0
12 105 262 -57 54 0
-181 -275 271 -103 0
154 122 -65 -160 15 0
-187 -169 88 -295 0
63 53 114 190 0
255 -120 -30 138 0
-213 23 11 67 0
-260 -276 -100 170 -179 0
-153 -36 -66 257 0
-101 106 226 -260 0
-134 -272 -126 146 215 0
182 -49 75 -179 -152 -276 0
135 207 -229 70 -193 0
-22 -227 -94 283 0
-78 264 282 254 161 0
-181 -268 -46 123 64 0
-54 -2 225 -262 0
-199 -221 239 -108 0
17 133 33 -28 216 0
220 150 297 76 261 0
187 -124 -180 169 0
271 275 -103 181 0
69 -122 -65 -91 0
113 157 -271 -287 0
62 -132 119 -97 0
-226 -129 116 281 0
179 185 174 276 0
-15 122 -65 154 -160 0
-232 97 -70 62 278 229 0
-273 12 -105 -230 -92 0
102 217 -278 -262 -232 -54 0
-107 -120 117 39 0
-286 112 27 -269 -214 -184 0
218 -60 143 -186 -48 0
-7 -197 40 140 0
-226 106 101 260 0
-291 148 -245 61 121 0
-123 -46 208 -234 0
108 215 -134 199 -85 -223 0
232 -229 70 97 62 278 0
-208 77 -126 -272 0
29 -43 150 -297 0
297 -43 150 29 0
281 -226 -116 129 0
193 70 -229 -135 -207 0
242 -155 1 149 -265 -237 0
210 250 -219 25 0
-109 -258 -244 68 -294 0
-196 35 151 252 -4 0
-109 -79 -172 -258 0
112 -57 -201 184 0
283 231 -176 21 0
-45 -168 159 -283 0
-267 263 -167 172 0
193 -84 233 -211 0
223 134 -199 -85 -215 -108 0
-255 30 138 -120 0
83 162 -31 16 0
-230 52 -285 -273 0
-253 166 198 296 0
288 47 238 -73 0
192 96 -66 -111 -36 9 0
40 -292 -197 -235 0
-199 -239 -221 108 0
-290 284 -164 14 0
292 197 -235 -40 0
-49 -182 -177 -118 163 0
-189 -38 289 18 0
44 -217 -251 102 -228 0
180 196 -63 -35 0
-190 -2 4 -151 0
259 58 289 136 0
-214 286 -269 -112 184 27 0
-148 245 -3 154 0
171 116 -110 241 0
213 -249 -30 -34 0
293 217 -81 -102 0
-216 -252 17 -185 0
-22 -104 -165 -94 0
-122 -160 65 154 15 0
35 -151 -4 -196 252 0
-89 -32 -56 -188 0
254 149 1 -93 264 0
207 135 -159 -161 0
188 71 32 52 0
278 217 -102 232 262 54 0
-106 101 -277 -51 0
-182 49 179 -75 -276 152 0
-199 215 -108 -134 85 223 0
-244 -68 -253 -295 0
-202 296 -166 -189 18 0
191 -40 -128 197 -37 0
-268 -153 -64 -89 0
291 148 -121 -245 61 0
-297 146 -26 150 0
-264 263 -243 -254 167 0
-37 -119 -193 -128 0
-2 151 190 4 0
65 160 -122 -15 -154 0
86 209 248 144 0
46 -268 123 181 64 0
-14 -66 -41 -36 0
-157 -113 -271 -287 0
-141 -256 200 115 0
87 288 24 -73 0
-265 289 120 237 0
45 -33 198 133 -168 0
-17 133 -216 33 -28 0
262 225 2 -54 0
-32 -71 188 -52 0
-145 -250 219 213 0
-179 -49 75 182 276 -152 0
189 -18 161 173 0
21 176 -283 -231 0
-291 -16 -25 -31 0
-151 4 35 -252 196 0
-217 54 -232 278 262 102 0
160 -235 -15 252 0
23 -77 67 -84 0
96 -192 111 -9 -36 66 0
-279 42 162 -72 0
232 -262 -217 278 54 -102 0
268 -199 -269 64 -27 -108 0
-27 -269 108 -64 268 -199 0
-17 92 216 -248 0
191 -40 -197 -37 128 0
79 258 172 -109 0
294 285 144 -209 0
-130 -132 227 -183 0
37 -191 -197 40 128 0
-89 -64 268 -153 0
-205 -267 272 126 0
288 73 24 -87 0
243 -159 157 -113 0
-274 -3 118 -194 0
24 -14 -112 184 0
-278 232 280 -52 0
-112 -201 184 -57 0
-27 108 64 199 268 269 0
94 -104 165 -22 0
-73 288 221 29 0
-46 -123 -268 -181 -64 0
247 10 131 59 0
-205 43 -98 -266 0
178 156 -87 -222 -137 0
135 207 -50 270 -292 0
-213 249 34 -30 0
298 -81 -206 139 0
-272 146 215 126 134 0
-179 185 276 -174 0
195 -247 10 -257 0
-115 -5 -202 -90 0
155 175 -239 -242 0
267 -272 126 -205 0
-283 -176 -21 -231 0
-28 -169 187 -20 0
-185 174 -179 -276 0
-293 183 130 11 0
92 -273 -230 105 12 0
134 -215 -126 -146 -272 0
209 -144 203 -202 0
196 -151 252 -35 4 0
251 -102 217 -44 -228 0
16 25 291 31 0
126 -267 205 -272 0
73 288 -24 87 0
26 206 -139 -38 0
207 -50 270 -135 -292 0
-141 256 117 107 -47 0
287 90 83 -5 0
-168 45 159 283 0
-290 164 -180 59 0
16 -31 -19 -39 0
261 -76 -56 227 0
-66 14 36 41 0
248 -17 92 -216 0
-250 -25 210 219 0
-236 -244 210 -68 0
-146 150 -297 26 0
-214 27 -286 -269 112 184 0
-66 -153 257 36 0
-206 38 26 139 0
179 100 -260 -276 170 0
296 -18 166 -202 -189 0
139 -99 220 206 0
-95 -224 -46 -173 -123 0
-288 24 87 73 0
-165 186 261 76 -48 0
147 -176 238 231 0
9 39 118 -111 0
-199 85 -215 108 223 134 0
-54 -102 -278 -262 217 -232 0
258 68 109 244 -294 0
268 123 46 181 -64 0
-112 -214 -269 27 -286 184 0
-221 199 239 -108 0
-50 -19 -270 129 281 0
-236 -167 -263 280 0
73 -221 -288 -29 0
259 58 -191 -128 37 0
-125 257 75 -152 0
-272 126 208 -77 0
-143 -186 218 -60 48 0
-61 -291 -245 148 -121 0
183 293 130 -11 0
-28 7 -151 -4 0
1 -264 -93 149 254 0
242 -200 -93 155 0
48 -76 -165 -186 261 0
-143 -172 -111 9 -60 0
75 -276 -179 182 -49 152 0
-186 -29 -48 -93 0
267 167 263 172 0
-4 252 -196 -35 151 0
-181 271 275 103 0
-63 98 8 -266 0
-97 62 -212 -124 0
155 265 1 -149 237 242 0
-53 -79 -114 -99 0
-237 -1 -149 -155 242 265 0
245 -148 -154 3 0
274 194 280 86 0
126 -146 -215 134 -272 0
284 246 204 131 0
-141 -117 47 256 -107 0
293 -183 -11 130 0
-72 -71 5 90 -42 0
255 30 -120 -138 0
-287 -83 -90 5 0
93 -48 186 -29 0
127 -105 12 142 3 0
151 2 -190 4 0
-97 70 -229 -278 232 62 0
-68 295 -253 244 0
270 50 -207 -135 292 0
260 77 -256 141 0
-203 -107 117 47 0
-192 173 -6 -96 0
-81 125 94 22 0
-205 24 122 -65 0
-220 -71 214 -286 0
-96 36 66 -9 192 -111 0
-203 -107 -117 47 0
240 -158 -80 -82 0
38 215 -145 134 0
-58 259 37 128 -191 0
-179 260 -170 100 276 0
-92 -105 -273 230 12 0
180 169 124 -187 0
185 -17 252 -216 0
188 -277 -32 -125 0
-112 201 57 184 0
-253 147 -74 -13 0
167 -172 -267 263 0
-143 -92 174 60 0
-215 38 -134 -145 0
-60 -9 -111 -172 143 0
242 149 155 -265 1 237 0
-237 -178 137 -265 -8 0
-77 84 -67 23 0
133 198 33 45 -168 0
-43 101 106 91 0
-111 -172 -9 -143 -60 0
-272 -126 -215 146 -134 0
237 -8 -137 265 -178 0
85 -223 108 215 -134 199 0
188 89 32 56 0
-98 -63 266 8 0
-257 153 36 -66 0
108 199 -268 -64 27 269 0
-157 -287 113 271 0
37 128 -40 191 -197 0
-33 168 -198 45 133 0
59 131 -247 -10 0
164 -290 -284 14 0
-261 150 220 -297 76 0
-68 -210 -236 244 0
-25 250 219 -210 0
-182 75 -276 -179 -49 -152 0
8 142 -127 -190 0
-217 293 102 81 0
44 115 -241 251 0
239 156 191 222 0
192 -9 -111 -36 96 -66 0
231 -295 176 -221 0
42 -90 72 -71 5 0
133 -198 -168 -45 -33 0
-280 -167 236 -263 0
151 -4 196 -35 -252 0
198 -204 246 140 0
-147 -58 259 -279 0
278 -262 102 232 -54 -217 0
116 -281 -129 -226 0
-56 -89 32 188 0
126 -146 215 272 -134 0
-193 -37 -119 128 0
-229 -70 228 165 0
172 9 111 143 60 0
-240 -100 224 170 95 0
237 -120 -265 -289 0
275 -181 -103 -56 0
139 -206 -298 81 0
89 -56 32 -188 0
101 -43 -106 -91 0
229 -70 193 207 135 0
149 1 155 242 265 237 0
-165 -261 -48 76 186 0
-177 163 236 57 0
-244 -295 68 -253 0
-41 116 251 44 0
71 -32 188 52 0
-64 -181 -123 -46 268 0
-27 -184 -112 286 214 -269 0
-29 186 -93 48 0
117 47 107 203 0
-209 144 -285 -294 0
89 -281 -218 -129 0
289 265 237 120 0
145 -74 -13 -226 0
-237 -120 -289 265 0
179 -170 276 -100 260 0
-128 259 191 -37 58 0
-260 -77 -256 -141 0
104 78 282 -185 0
-204 238 292 -246 0
195 10 247 257 0
-243 163 -177 208 0
-99 -285 45 168 0
-196 249 35 225 34 0
-35 -151 252 -196 -4 0
181 -271 103 -275 0
216 -33 -133 28 17 0
-47 117 -141 -256 107 0
-233 -132 211 298 0
54 -217 -232 102 -262 -278 0
223 199 -134 108 85 215 0
-46 64 268 181 123 0
237 155 -149 -265 -242 -1 0
240 -138 -255 -160 -15 0
-47 -256 117 141 107 0
-261 220 297 76 150 0
-22 -94 165 104 0
-48 218 -186 60 143 0
40 -191 -37 -197 128 0
-170 -291 100 -230 273 0
-224 -170 -95 -100 240 0
-104 -94 22 -165 0
-260 -101 -106 226 0
248 152 -75 -82 0
54 102 -262 217 232 278 0
-27 -269 -286 184 214 -112 0
-158 240 -82 80 0
-250 219 -41 -55 0
157 271 287 -113 0
207 70 193 229 135 0
-243 254 -167 -263 264 0
96 -173 192 6 0
22 -283 -94 227 0
-190 -63 -53 114 0
-84 77 -67 23 0
-128 -119 193 37 0
-26 38 206 -139 0
-237 265 120 289 0
-257 -125 152 -75 0
-133 59 -19 33 0
-232 278 -280 52 0
70 -207 229 193 135 0
-290 -284 -164 -14 0
-229 -228 70 165 0
-12 -105 230 -92 -273 0
-255 -30 -138 120 0
-122 65 15 160 154 0
-71 90 -5 42 72 0
275 -271 181 103 0
-56 -227 76 261 0
-128 259 -37 -58 -191 0
155 149 265 -1 237 242 0
-270 -50 212 11 0
226 -116 -281 129 0
-209 202 203 144 0
-63 -196 -180 -35 0
106 277 101 -51 0
-108 221 -239 199 0
127 -175 142 -88 0
-160 -252 15 -235 0
232 -217 278 262 -54 -102 0
-136 -228 -103 -275 0
-185 -282 -104 78 0
-269 286 -214 112 27 184 0
-76 261 -220 297 150 0
-242 -155 175 -239 0
-276 49 75 -152 182 179 0
172 258 109 79 0
188 277 125 32 0
61 148 -121 245 -291 0
56 227 76 -261 0
113 159 -157 243 0
298 156 -84 -222 0
-59 -19 -133 -33 0
62 119 97 132 0
282 78 234 -245 148 0
-143 -60 218 -186 -48 0
178 156 -222 -87 137 0
56 227 -76 -261 0
-110 -284 -171 -287 0
82 152 -75 -248 0
87 222 -178 156 137 0
-170 -224 100 -95 -240 0
74 -145 -13 -226 0
288 -29 -73 -221 0
-133 -216 -17 28 -33 0
290 284 14 -164 0
124 -97 212 62 0
88 -142 127 175 0
-256 -117 107 141 47 0
139 26 206 -38 0
-160 235 252 -15 0
143 -111 -172 9 -60 0
-147 253 -13 -74 0
170 -179 -276 100 -260 0
-33 45 168 198 -133 0
289 259 -136 -58 0
-153 -86 13 74 0
230 12 92 273 -105 0
86 -13 -74 -153 0
49 179 276 75 -152 -182 0
-227 76 -261 -56 0
228 -102 44 -217 251 0
96 -192 -173 -6 0
-10 247 -140 -218 0
173 -95 -224 46 123 0
269 27 -64 -268 -108 -199 0
251 -44 241 115 0
-30 213 34 -249 0
-125 81 22 -94 0
263 167 254 -264 -243 0
292 -238 204 246 0
-188 -71 -32 -52 0
238 47 -73 -288 0
-296 166 -198 -253 0
-262 -54 -105 -12 -57 0
66 -36 -257 -153 0
253 -244 295 68 0
-85 223 -134 -215 108 -199 0
85 223 -87 -69 0
-90 287 5 83 0
-157 2 7 -113 0
-83 -162 16 31 0
-167 -243 263 264 -254 0
287 110 171 284 0
-112 184 14 -24 0
28 7 -151 4 0
-104 121 -61 -225 0
28 -7 -4 -151 0
-83 -212 -23 -67 0
63 266 98 -8 0
-189 -18 202 -296 166 0
-129 -116 -281 226 0
-190 53 -114 -63 0
93 149 -254 264 1 0
-294 -110 -20 -171 0
122 -91 -65 -69 0
118 49 163 -177 -182 0
-278 -229 -70 97 232 62 0
254 -161 -264 78 282 0
79 53 -114 -99 0
266 201 -98 -25 0
50 -292 -270 -207 135 0
235 183 130 -20 0
-224 123 46 173 95 0
234 245 148 -78 282 0
-49 75 276 152 -182 -179 0
-242 -237 149 -155 1 -265 0
-212 124 62 97 0
170 291 100 -230 -273 0
222 84 -156 -298 0
-164 -290 -180 -59 0
-192 -154 -51 96 0
-192 -36 96 66 -111 -9 0
-146 134 -215 272 -126 0
154 65 -15 122 -160 0
194 274 6 -203 0
22 -94 -81 125 0
-145 -226 -74 13 0
70 -229 135 -193 -207 0
-257 66 153 36 0
82 146 -223 85 0
-75 125 -257 -152 0
-132 233 298 211 0
215 -108 -199 -223 134 -85 0
252 185 17 216 0
-295 231 -221 -176 0
114 -271 -53 277 0
78 -104 282 185 0
-126 134 146 272 215 0
-155 239 -175 -242 0
5 90 -202 115 0
183 -235 130 20 0
267 -255 138 201 0
-122 65 -160 154 -15 0
-60 9 -143 111 172 0
-282 -245 148 78 -234 0
77 -23 67 84 0
83 -90 -5 -287 0
114 -53 190 63 0
-163 -118 49 177 -182 0
-76 56 -227 261 0
39 111 9 -118 0
290 -284 -14 -164 0
-179 49 182 75 276 152 0
-16 -39 19 31 0
96 154 -51 192 0
-51 -106 277 -101 0
-99 -285 -45 -168 0
-192 36 9 111 96 66 0
294 -258 -244 109 68 0
58 -259 -279 147 0
107 120 39 117 0
-196 35 -180 -63 0
-25 -16 31 291 0
122 -91 65 -69 0
-239 242 175 -155 0
213 -67 -11 -23 0
145 226 13 -74 0
292 -50 -207 -135 270 0
-272 126 215 146 -134 0
9 -60 111 172 143 0
-191 -197 -40 37 -128 0
195 -286 214 91 0
134 -108 -85 199 -215 223 0
-19 281 -270 50 -129 0
112 -27 -214 269 286 -184 0
109 -68 -244 -258 294 0
179 100 -260 276 -170 0
-215 -199 -85 -223 108 134 0
-59 -164 290 -180 0
217 102 293 -81 0
15 255 -160 -240 138 0
93 200 155 242 0
-296 -166 -69 119 0
-105 -127 -3 -12 -142 0
22 -283 227 94 0
-87 -85 223 69 0
40 197 -7 -140 0
44 -251 -115 241 0
63 -8 266 -98 0
-9 36 111 96 192 -66 0
118 -177 -163 49 -182 0
170 100 240 -95 -224 0
11 -67 -23 -213 0
-176 231 221 295 0
-170 -179 -100 -276 -260 0
-298 132 -211 -233 0
-34 -225 -249 -196 -35 0
-38 139 -26 -206 0
167 254 -243 -263 264 0
-117 141 47 -256 -107 0
-231 -176 -295 -221 0
181 268 46 64 -123 0
-154 -245 148 3 0
233 298 -211 132 0
42 279 -162 -72 0
-192 6 -96 -173 0
-223 87 85 69 0
-78 185 282 104 0
174 276 -179 -185 0
-169 -187 20 -28 0
-198 45 168 33 133 0
57 -12 262 54 105 0
-112 -214 -286 184 -269 -27 0
268 -123 181 -46 64 0
276 -182 152 -179 -75 49 0
-33 -17 -28 -133 216 0
24 112 -14 -184 0
-239 156 -191 222 0
-93 1 -264 -254 -149 0
-58 191 128 -37 -259 0
-208 163 177 243 0
76 48 186 -261 165 0
122 -205 24 65 0
-100 -224 170 95 240 0
160 -15 138 -240 -255 0
282 -254 78 161 264 0
139 -220 -99 -206 0
119 166 296 69 0
-148 -245 -282 78 -234 0
-176 -231 -147 -238 0
-134 -215 199 108 85 223 0
234 245 282 -148 78 0
-121 61 21 -88 0
-207 270 135 50 -292 0
102 54 278 -217 -262 -232 0
-62 70 -229 -232 -278 97 0
87 -137 222 156 178 0
-117 47 -141 -107 -256 0
266 43 205 98 0
232 -62 -278 70 -97 -229 0
241 293 -42 -72 0
278 70 232 229 -97 -62 0
-5 -83 90 -287 0
-126 267 -205 -272 0
264 -282 -161 -78 -254 0
-108 199 -64 269 -268 27 0
43 91 -106 101 0
174 -143 -60 92 0
228 103 -275 136 0
-107 203 -47 117 0
-191 -197 -37 -128 40 0
-273 -170 -291 100 -230 0
-242 -237 155 149 -1 -265 0
-212 67 -83 23 0
225 104 -61 121 0
66 -153 257 36 0
240 -100 95 -224 -170 0
197 -191 37 -128 40 0
282 -78 -104 -185 0
72 42 162 -279 0
-225 -34 35 -249 -196 0
-186 60 -143 48 -218 0
142 -105 127 -12 3 0
89 153 -64 268 0
162 83 -31 -16 0
-209 144 -202 -203 0
-6 173 -96 192 0
-58 128 -259 191 37 0
-27 184 -286 112 -214 269 0
-297 29 -43 -150 0
-48 186 -218 143 60 0
-19 -281 -50 -129 270 0
118 111 -9 39 0
-173 -123 224 -46 -95 0
-67 -84 -77 -23 0
-100 -230 291 -170 -273 0
-180 -187 169 -124 0
-258 -109 294 244 -68 0
214 -184 112 -286 -27 269 0
87 222 137 156 178 0
-99 -45 -285 168 0
151 4 196 35 252 0
25 -266 -201 98 0
200 27 -269 -131 0
192 96 173 -6 0
218 -247 -10 140 0
-286 220 -214 71 0
70 229 207 -135 193 0
-181 64 -123 -46 -268 0
160 15 122 154 65 0
-105 -127 142 3 -12 0
78 254 -161 264 282 0
12 -142 3 127 -105 0
43 101 106 -91 0
-273 170 -100 291 230 0
-261 220 297 -76 150 0
-76 -150 297 261 220 0
-159 168 283 45 0
-34 249 6 -234 0
-109 -294 -258 -244 -68 0
-27 64 199 108 268 -269 0
178 26 158 -80 -137 0
-97 232 278 -229 62 -70 0
-3 274 194 118 0
284 287 -110 -171 0
-91 -195 -286 -214 0
-33 -216 17 28 -133 0
-84 -233 -211 -193 0
-277 -188 -125 -32 0
-227 130 -132 -183 0
-222 239 156 -191 0
-29 48 -186 -93 0
297 76 -150 -261 -220 0
77 -126 -208 272 0
174 -210 -233 -211 0
182 49 -55 124 0
-257 -195 247 10 0
194 -274 -118 3 0
84 -298 -222 -156 0
11 270 -212 -50 0
175 142 88 127 0
-187 20 169 -28 0
-182 -49 75 -276 179 152 0
-248 216 -92 17 0
160 -240 138 15 255 0
-162 109 -258 -279 0
118 274 -194 3 0
137 -87 222 -178 -156 0
179 276 182 152 -75 49 0
105 54 -57 12 -262 0
233 -211 -174 -210 0
143 60 -174 -92 0
-232 -62 278 -229 97 70 0
98 -266 63 -8 0
-209 248 144 86 0
-293 -241 42 72 0
132 -62 -119 -97 0
-119 296 -69 166 0
150 -297 261 -220 -76 0
221 -239 -108 -199 0
181 -275 -271 -103 0
-190 -8 -127 -142 0
-108 85 215 134 223 -199 0
132 -130 183 227 0
110 -116 171 -241 0
245 -3 -154 148 0
22 165 104 94 0
-255 138 -15 240 -160 0
-149 -1 -93 264 -254 0
-23 -67 83 212 0
149 237 242 155 -265 -1 0
-231 176 295 -221 0
231 221 176 295 0
290 -79 -175 164 0
109 172 -79 -258 0
51 154 -192 96 0
-41 116 44 -251 0
-135 -207 -159 161 0
42 -71 5 72 90 0
-259 -136 -58 -289 0
16 -31 -83 -162 0
69 -119 296 -166 0
-96 -36 -9 -66 192 111 0
185 -282 104 -78 0
254 263 -264 -167 243 0
-9 60 -172 111 143 0
-48 -218 -143 -186 60 0
147 -74 253 13 0
199 -215 -134 -223 -85 -108 0
80 178 -158 -137 26 0
250 219 -55 41 0
-250 213 -219 145 0
172 -9 60 -143 -111 0
192 -96 51 -154 0
-75 -152 -179 182 49 276 0
-296 119 -69 166 0
-93 254 264 149 -1 0
-190 8 127 -142 0
83 212 23 67 0
291 273 100 -230 170 0
-74 86 13 153 0
280 86 -194 -274 0
99 -79 114 53 0
272 -126 -205 267 0
-284 246 204 -131 0
-95 -100 170 240 224 0
184 -286 269 -112 -27 214 0
131 269 -27 -200 0
38 139 206 -26 0
-190 -53 63 -114 0
123 -181 64 46 268 0
13 -226 74 -145 0
-64 89 -268 153 0
258 -109 244 -294 68 0
42 -90 71 72 -5 0
-105 12 262 57 -54 0
95 100 -170 240 224 0
289 189 38 18 0
102 -232 -54 -217 262 -278 0
217 -102 232 -262 278 54 0
65 122 -24 205 0
189 -18 38 289 0
18 -189 161 -173 0
261 -150 -220 -76 -297 0
268 -269 27 199 64 -108 0
122 154 -160 65 15 0
180 -59 -290 164 0
-161 18 -189 173 0
-248 -216 -17 -92 0
25 219 -250 -210 0
-70 229 278 -62 97 232 0
-3 148 154 -245 0
109 279 -258 162 0
-286 91 -214 195 0
163 -243 177 208 0
-250 219 55 41 0
-120 -117 39 107 0
237 -178 -265 137 8 0
-164 -175 -290 -79 0
-45 133 33 -198 168 0
145 226 74 -13 0
238 -292 -246 204 0
-79 53 -114 99 0
8 -265 237 178 -137 0
-210 -244 -68 236 0
176 21 231 283 0
-75 -182 -49 -276 179 -152 0
-133 -168 -33 -198 45 0
-269 108 -199 64 -268 27 0
207 -50 -135 292 -270 0
75 179 -152 -49 -276 182 0
-7 -140 -40 -197 0
78 264 -254 -282 -161 0
-148 -154 3 -245 0
-242 -1 155 -149 -237 265 0
127 -88 -142 -175 0
-115 202 90 -5 0
-207 -161 159 -135 0
-272 -126 134 146 215 0
291 -121 245 -148 61 0
-285 -168 45 99 0
-215 -199 -108 -223 85 -134 0
260 106 -101 -226 0
255 267 -201 138 0
-231 -176 238 147 0
36 -111 -192 66 -96 -9 0
-260 101 -226 -106 0
-234 -78 282 -245 148 0
-11 -130 293 183 0
279 -42 162 72 0
-102 -81 -217 293 0
294 209 144 285 0
-246 -204 198 -140 0
-296 -166 198 253 0
215 272 126 134 -146 0
-264 -93 -149 1 254 0
-176 221 -231 295 0
221 29 -288 73 0
-73 87 -288 24 0
51 -96 -154 -192 0
-165 -76 186 261 48 0
-28 -4 7 151 0
-258 -109 -279 162 0
191 259 -128 37 -58 0
132 97 -119 -62 0
19 -33 133 -59 0
191 -40 -128 -197 -37 0
55 -219 -41 250 0
-12 230 -92 105 -273 0
55 -158 -30 -80 0
2 157 113 7 0
-79 109 -172 258 0
-95 -224 -173 46 -123 0
37 -193 -119 128 0
51 -101 106 -277 0
54 262 -278 232 -217 102 0
266 -63 98 8 0
-234 -282 -245 -78 148 0
-11 -213 -67 23 0
-298 -139 -81 206 0
119 128 193 -37 0
-203 -194 274 -6 0
-121 61 104 -225 0
-158 30 -55 80 0
-34 -234 6 -249 0
-178 158 80 137 -26 0
82 -158 -240 80 0
223 199 -134 -215 85 -108 0
116 -281 -226 129 0
217 44 -251 228 102 0
-123 -208 234 -46 0
-162 279 -72 -42 0
68 244 -295 -253 0
274 280 -86 -194 0
-70 -229 -165 -228 0
259 147 58 -279 0
260 -256 77 -141 0
75 82 248 -152 0
34 -6 -249 234 0
15 240 -160 138 -255 0
-297 43 -29 150 0
207 -50 292 135 -270 0
226 101 -106 260 0
-157 -2 113 7 0
121 88 61 21 0
-163 -236 -177 -57 0
-93 186 29 -48 0
-262 105 12 57 -54 0
219 250 -145 -213 0
-101 43 106 -91 0
43 -106 -91 -101 0
-182 118 163 49 177 0
111 -39 -118 -9 0
-193 84 233 -211 0
-182 -118 -177 -163 -49 0
176 -147 -238 231 0
284 -171 110 -287 0
-34 30 -213 249 0
-244 258 -68 -109 -294 0
-111 143 60 -172 -9 0
-25 -210 250 -219 0
-102 217 228 -251 -44 0
199 108 134 223 215 85 0
-263 254 -264 167 -243 0
-82 -248 152 75 0
298 -211 -233 -132 0
-105 12 -54 -57 -262 0
248 -75 -152 82 0
108 215 -223 134 85 199 0
-218 140 -247 10 0
-240 138 255 -15 -160 0
-248 -86 -209 144 0
49 -124 55 182 0
-23 67 212 83 0
270 -11 -50 212 0
-177 49 -163 182 -118 0
81 -102 -293 217 0
-219 213 145 250 0
-157 2 113 -7 0
49 -55 -182 -124 0
244 294 258 -109 -68 0
-231 -295 176 221 0
102 44 251 217 228 0
158 30 80 55 0
-48 186 143 -60 -218 0
74 -253 -147 13 0
-200 27 269 -131 0
-282 -78 245 -148 -234 0
55 49 124 -182 0
140 204 -246 198 0
179 -100 260 170 276 0
-183 20 235 -130 0
-19 133 -33 59 0
-28 133 17 33 -216 0
148 245 234 -282 -78 0
219 -41 250 55 0
28 33 -133 -17 216 0
149 -1 -195 51 0
-184 -27 214 269 -112 286 0
-274 6 -203 -194 0
-133 17 216 -28 33 0
49 -182 -75 179 276 -152 0
142 8 -190 127 0
104 121 225 61 0
281 -218 -89 129 0
-102 44 -251 228 217 0
-45 -198 -168 33 133 0
-184 214 -112 27 -286 269 0
192 96 -154 51 0
-118 -177 -163 -49 182 0
-163 177 -236 57 0
-173 -95 -224 -46 123 0
-95 -224 21 -136 0
-130 -293 -11 -183 0
-203 107 -47 117 0
236 -210 -244 68 0
-27 -199 64 -269 108 -268 0
-162 72 -279 -42 0
-276 49 -152 -179 -75 182 0
218 140 10 247 0
-194 -3 274 -118 0
105 -12 273 230 92 0
121 245 -61 -291 -148 0
35 -196 -225 249 -34 0
-223 -134 -108 -85 215 -199 0
-35 -4 -151 -252 196 0
41 66 36 14 0
-83 -31 -16 -162 0
-61 21 121 88 0
-35 -34 196 -249 225 0
291 170 273 -230 -100 0
-111 -39 9 -118 0
-136 -228 -275 103 0
159 161 -135 207 0
-262 -102 278 -54 -217 -232 0
155 237 -265 -149 242 1 0
-277 -101 -106 51 0
95 -240 -170 100 -224 0
-2 157 -7 -113 0
248 -144 -86 209 0
-18 173 -189 161 0
247 10 -131 -59 0
-148 -121 -61 -291 -245 0
16 25 -31 291 0
-227 -132 130 183 0
112 184 269 27 286 214 0
202 -5 115 -90 0
261 -186 76 165 48 0
-238 292 -204 246 0
178 -26 80 158 -137 0
-139 -206 -220 99 0
-11 -270 -50 -212 0
-143 60 9 111 -172 0
-8 -265 137 -237 178 0
4 -196 151 -35 252 0
47 -141 107 256 -117 0
189 18 296 202 -166 0
207 -229 -135 -70 193 0
185 -174 -179 -276 0
-276 174 -185 179 0
-265 -237 -289 120 0
-76 48 165 186 -261 0
27 -112 -214 -184 -286 269 0
-231 176 -238 147 0
249 35 225 34 196 0
-200 -242 93 -155 0
-167 -263 -254 264 243 0
-10 195 257 247 0
209 -144 202 -203 0
56 89 -32 -188 0
-105 -12 127 3 -142 0
261 76 -150 -297 220 0
154 3 148 245 0
-80 -82 240 158 0
41 250 -55 -219 0
93 242 -200 -155 0
204 246 198 140 0
212 23 -83 -67 0
-156 -239 191 -222 0
-136 -289 58 259 0
108 221 -199 239 0
173 -123 95 -46 224 0
201 -266 98 -25 0
-22 -165 104 94 0
42 71 -72 -90 -5 0
9 -96 66 -36 111 -192 0
-249 225 196 -35 34 0
-108 268 -269 -199 64 27 0
297 -146 150 26 0
18 -296 202 189 166 0
-277 53 114 271 0
278 102 -232 -262 217 -54 0
201 267 255 -138 0
-288 73 -24 -87 0
64 -27 -199 -268 108 269 0
-140 218 -247 10 0
-238 -47 -288 73 0
-60 111 -9 -172 -143 0
-240 -170 100 224 -95 0
19 39 16 31 0
199 -239 221 108 0
-64 123 46 -268 181 0
271 53 -114 -277 0
283 227 -22 94 0
-89 268 153 64 0
69 223 87 85 0
270 135 50 -292 207 0
-87 156 -222 137 -178 0
220 -99 -206 -139 0
223 199 -134 -108 85 215 0
-92 -60 -174 -143 0
50 129 270 19 281 0
-23 77 -67 84 0
-156 298 -222 -84 0
-54 -217 262 102 -232 278 0
27 108 268 269 -64 199 0
119 -62 97 -132 0
-233 211 -210 174 0
215 108 -85 -199 134 223 0
-172 167 -267 -263 0
279 -162 42 72 0
229 -228 -70 -165 0
236 177 -163 -57 0
-283 -94 227 -22 0
-240 158 82 -80 0
292 204 -246 -238 0
128 58 -259 191 37 0
-170 -100 273 291 -230 0
232 -102 -262 -54 -217 -278 0
132 -183 130 227 0
19 33 133 -59 0
275 56 103 -181 0
188 56 -32 89 0
47 141 107 256 117 0
167 -264 -254 -263 -243 0
210 233 -174 211 0
232 -52 278 -280 0
129 218 281 89 0
-39 120 107 -117 0
258 279 -162 -109 0
-217 262 102 -54 232 -278 0
276 -152 -49 -75 -179 -182 0
-89 -32 188 -56 0
163 177 -49 182 -118 0
267 -263 -167 172 0
-292 -207 -135 -270 -50 0
212 -97 -62 124 0
-155 200 242 -93 0
168 133 -33 -45 -198 0
-33 17 -28 -216 133 0
209 144 -203 -202 0
-156 -87 -222 178 137 0
191 -37 -259 58 128 0
68 -244 -109 258 -294 0
-147 279 -259 58 0
288 -47 73 238 0
-110 -171 -241 -116 0
-199 269 27 268 -64 -108 0
-175 -164 290 -79 0
-278 102 232 -217 -262 54 0
-121 -225 -104 -61 0
184 -286 27 -112 214 -269 0
-235 -15 -160 -252 0
199 -108 85 -223 -215 -134 0
249 196 35 -225 -34 0
-124 -97 -62 -212 0
-105 -3 -142 -127 12 0
-48 -165 -186 261 -76 0
-152 49 276 182 -179 75 0
-59 -180 290 164 0
203 -209 -144 202 0
265 237 8 178 137 0
262 54 -105 57 12 0
-29 221 73 288 0
-137 178 -87 222 -156 0
-49 -276 75 -179 -182 152 0
-95 -170 240 224 -100 0
261 227 56 76 0
-265 -137 -178 -8 237 0
78 185 -282 104 0
-108 64 268 -27 269 199 0
-198 -246 -140 204 0
-292 -246 -238 -204 0
-180 35 196 -63 0
286 -184 269 27 214 112 0
263 280 236 -167 0
-150 -146 26 -297 0
-127 105 12 3 -142 0
-160 -154 -65 15 -122 0
-292 135 50 -270 207 0
-264 254 78 161 -282 0
180 -290 59 -164 0
274 -194 86 -280 0
-145 250 -213 -219 0
-109 279 -258 -162 0
42 241 -72 293 0
193 37 119 128 0
17 216 92 248 0
215 -38 145 134 0
-251 44 228 -217 -102 0
-112 27 286 269 -184 -214 0
-64 -199 108 -27 -269 -268 0
-212 11 270 50 0
-75 182 -179 -152 -276 -49 0
-114 53 63 190 0
251 41 -44 116 0
-87 178 -222 -137 -156 0
258 -68 -294 -244 109 0
-125 152 75 257 0
-62 70 97 -229 232 -278 0
174 233 -210 211 0
-84 -233 211 -193 0
-116 226 -129 281 0
32 -188 -277 125 0
214 184 112 -286 -27 -269 0
-116 -171 110 241 0
102 -217 251 44 -228 0
253 147 -13 74 0
-229 -70 -232 -278 62 97 0
57 -262 -105 12 54 0
-271 275 -103 -181 0
220 -297 -261 150 -76 0
-282 -245 -78 -148 -234 0
-163 208 243 177 0
107 47 -117 -141 -256 0
-163 177 -208 -243 0
-269 -184 -286 214 112 27 0
147 74 253 13 0
-98 25 266 -201 0
127 -8 190 142 0
3 127 142 105 -12 0
191 -128 197 -37 40 0
-209 285 294 -144 0
130 -183 235 -20 0
85 -87 -223 -69 0
-54 -262 232 217 -278 102 0
110 -171 -20 294 0
170 179 -276 -260 -100 0
232 52 -278 -280 0
132 -298 233 211 0
-275 -56 -103 181 0
19 -16 39 -31 0
-227 -76 -56 -261 0
4 2 190 -151 0
184 -214 269 286 112 -27 0
-230 12 273 92 105 0
-70 -207 -135 -229 -193 0
-8 -137 -265 178 -237 0
136 -58 259 -289 0
149 264 -254 -1 93 0
100 -276 179 260 -170 0
-157 271 -113 287 0
-185 17 -252 216 0
112 -27 184 -286 269 214 0
114 99 -53 -79 0
59 180 -164 290 0
26 178 -137 -158 -80 0
-16 39 31 -19 0
100 -240 95 224 170 0
192 -96 6 -173 0
-188 277 -32 125 0
129 -281 -270 50 -19 0
230 -170 -100 291 -273 0
262 217 232 -54 -102 278 0
271 -277 114 -53 0
164 -290 -79 175 0
222 -84 156 -298 0
-60 -172 143 -9 111 0
-129 218 -281 -89 0
-66 36 -9 111 -96 192 0
-34 -225 -35 249 -196 0
216 -92 -17 248 0
190 127 -8 -142 0
129 -218 -281 89 0
126 -146 -134 272 -215 0
-149 -1 237 242 -155 265 0
37 58 -191 -259 -128 0
-1 237 -242 -265 -149 -155 0
-61 225 104 -121 0
179 49 152 182 -276 75 0
-100 -273 170 -230 291 0
125 -75 257 152 0
-158 -137 -178 -26 -80 0
63 -196 180 35 0
-98 -266 -63 -8 0
293 72 -241 -42 0
-178 137 265 237 8 0
-113 -7 -157 -2 0
-81 -22 -125 94 0
-222 -178 87 -137 156 0
-214 -286 269 -184 112 -27 0
1 -51 195 149 0
293 241 42 72 0
-23 67 -84 -77 0
69 -223 87 -85 0
-168 -45 -133 -33 198 0
-192 96 -66 111 -36 9 0
202 -115 90 5 0
-194 274 6 203 0
-111 39 118 -9 0
295 187 169 -88 0
225 54 2 262 0
33 168 -198 -133 45 0
284 14 164 290 0
215 -108 -134 85 -199 -223 0
245 -148 -291 -121 -61 0
47 256 -141 -107 117 0
152 75 -257 125 0
-287 157 -271 -113 0
-26 -137 80 -158 -178 0
67 77 84 23 0
-31 19 39 16 0
111 -39 9 118 0
-127 190 -8 142 0
-85 -69 -87 -223 0
31 -19 16 -39 0
-149 -1 254 264 93 0
230 273 105 12 -92 0
154 -65 122 15 160 0
-85 87 -69 223 0
287 -284 -171 110 0
50 -270 -11 212 0
-108 -85 -199 -223 -215 -134 0
-207 -70 135 193 229 0
-13 153 -86 -74 0
238 246 -204 -292 0
-25 -291 16 31 0
-64 46 268 -123 -181 0
45 198 -168 33 -133 0
-298 132 -233 211 0
61 -104 -225 121 0
235 -40 -292 197 0
-33 -17 -28 -216 133 0
-66 36 -96 -111 192 9 0
136 -21 -95 -224 0
-17 216 185 -252 0
40 292 -235 197 0
203 -274 194 -6 0
-225 262 -2 54 0
-66 -257 153 -36 0
57 -12 -105 54 262 0
157 113 -2 -7 0
-22 -125 -94 81 0
179 -75 -276 182 49 -152 0
154 -192 -96 -51 0
-22 -81 -94 125 0
147 279 259 -58 0
-2 54 -225 -262 0
158 80 -137 -178 26 0
-278 -232 -280 52 0
-252 -151 -196 4 -35 0
281 -129 -270 19 -50 0
126 -77 272 -208 0
-24 -122 -205 -65 0
-216 -248 17 -92 0
-128 37 197 -191 -40 0
-39 120 -107 -117 0
296 -69 119 -166 0
88 -61 -121 21 0
-187 -180 -124 -169 0
244 210 -68 236 0
-272 77 126 -208 0
-49 163 -177 -118 182 0
-108 134 215 -85 -223 199 0
121 -291 -148 245 61 0
-294 144 -285 209 0
86 153 -13 74 0
-85 -146 -223 -82 0
59 290 180 164 0
-285 -230 273 52 0
-225 -2 -54 262 0
-1 -264 -254 -93 149 0
224 95 -240 -100 -170 0
-97 278 -70 232 62 229 0
97 229 -278 232 62 -70 0
-177 163 182 49 -118 0
-43 -106 -101 91 0
220 -297 76 -261 -150 0
-60 48 186 218 -143 0
-96 111 66 36 192 -9 0
-199 85 -108 -223 134 215 0
140 -198 -204 -246 0
232 229 -278 97 70 62 0
-88 -169 187 -295 0
-145 -215 -38 134 0
-266 -98 -43 205 0
-173 189 18 -161 0
215 108 -223 134 199 -85 0
220 -206 139 99 0
274 3 -118 194 0
265 -237 178 8 137 0
-112 -214 184 -286 269 -27 0
-229 -70 135 207 193 0
-213 67 -23 11 0
-102 251 -228 -44 -217 0
-291 -16 31 25 0
-110 -20 171 -294 0
255 138 -267 201 0
-185 -174 276 179 0
149 195 -51 -1 0
-205 -122 24 65 0
-232 -102 -54 217 278 -262 0
-71 32 -188 52 0
29 -221 288 73 0
200 -141 256 115 0
-220 71 286 214 0
-113 157 -243 159 0
96 -66 36 192 -111 -9 0
-88 -61 -21 -121 0
-66 -111 -9 -36 -96 192 0
215 -134 -38 145 0
-4 2 151 -190 0
-201 -255 138 -267 0
1 -242 149 155 -265 -237 0
214 -195 -286 -91 0
242 237 -1 -265 -149 -155 0
245 78 -234 282 148 0
290 79 175 -164 0
260 -141 77 256 0
-144 -209 -285 -294 0
33 216 133 -17 28 0
-17 -185 -216 -252 0
152 -276 182 75 179 -49 0
-95 224 -136 21 0
95 -224 21 -136 0
165 -261 76 48 -186 0
57 184 201 112 0
-224 -123 -173 95 46 0
-50 -281 129 19 -270 0
-76 -150 -261 297 -220 0
65 122 91 69 0
289 -189 38 -18 0
15 235 252 -160 0
294 244 258 -68 109 0
228 -275 -103 136 0
-133 -28 33 -216 17 0
95 -224 -123 -46 -173 0
-286 184 -214 -269 -27 112 0
-195 -10 -257 247 0
-282 161 -264 -254 -78 0
-149 -195 -51 -1 0
-20 -187 28 -169 0
97 -124 212 62 0
-248 -144 86 209 0
7 140 197 -40 0
-14 112 184 24 0
-207 -292 -50 135 270 0
-193 211 233 -84 0
-155 -1 242 -265 149 -237 0
242 155 -239 -175 0
273 285 -230 -52 0
198 -133 -45 -33 168 0
-19 -281 50 270 129 0
-86 -248 209 144 0
48 -261 -186 165 -76 0
-144 -86 -248 -209 0
79 114 53 -99 0
-28 133 216 -33 17 0
51 149 -195 1 0
-108 27 199 268 -64 269 0
-241 -115 -44 251 0
-269 -199 268 -64 108 27 0
-130 -20 183 235 0
-107 39 -120 -117 0
-110 -287 171 -284 0
51 101 -277 106 0
278 -62 97 232 -70 -229 0
238 176 -231 -147 0
180 35 63 196 0
58 289 136 -259 0
155 -242 239 -175 0
-36 14 41 -66 0
-19 -281 -50 129 270 0
-262 57 -105 -12 54 0
-31 291 25 -16 0
-249 196 -225 34 35 0
-213 -250 219 145 0
-64 123 -46 -181 268 0
295 -169 88 187 0
134 146 -215 126 272 0
-200 155 -242 93 0
48 218 186 143 60 0
186 48 29 93 0
-50 -270 292 -207 135 0
156 84 -298 -222 0
-164 175 -290 79 0
-78 -245 282 -234 -148 0
-291 170 230 273 -100 0
188 -71 -52 32 0
-122 205 24 -65 0
205 98 -266 43 0
