26189       25922
26629       26353
26458       26320
26549       26424
26404       26181
26581       26401
26461       26300
26615       26429
26083       25891
26527       263154 39 72 89  3 28 75 93 53 89  1 91 38 15 43 43 66 98 64 97 84 28 50 29 92 92 88 77 71 40 65 67 48 14 69 78 98 75 43 28 91 24 60 37 89 70 59 43 79 39 91 82 99 88 87 18 39 52 53 61 74 77 15 48 57 15 41 88 89 56 29 26 23 19 83 48 12 62 39 36 24 38 74 58  5 28 51 95 57 67 69  2 11 64  3 48 20 76 38 37 10 77 97 45 16 15 70 38 79 80 16 75 32 25 73  9 73 48  9 28 21 57 21 18 31 15 45 96 47 36 42 67 59 14 48 26 54 44 95 48 63 10 99 20 81 56 49 73 16 24 98 44 55  9 84 24 88 44 23 64 84  3 71 50 20 54 39 20 80  1 20 95 75 33 42 85 37 64 98 41 96 81 22 15 40 64 19 49 41 17 75 97  6 37  6 63 76 41  2 65 31 88 53 36 25 93 89 43 59 57 96 44 64 64 18 39  2 18 23 64 19 88 28 21 30 41 83 85 35 90 41 78 92 43  4  2 66 83 14 45 43 66 23 21 10 31 26 16 39 44 56 23 86  7 68 66 70 88 94 18 62 19 87 26 23 85 95  4 22 34 21 93 47 44 40 49 23 15 52 90  9 22 80  4 95 32 28 19 83 30 59 27 11 30 14 49 12 85 51 58 95 13 54 86 24 28 15 43 39 54 18 45 83 58 36 32 85 13 89 55 14 81 50 19 54 28 45 67 86 42 25 73 13 44 73 27 33 74 39 64 98 45 49 62 46 94 39 41 57 55 43 57 92 50 75 51 11 44 35 95 93 32 38  8 36 17 72 81 20 39 82 32 50 97 96 95 80 76 52 84 49 26 43 99 92 81 19 25 81 84 50 38 48 94 58 67 83 40  5 41 10 84 43 51 41 57 68 53 99 31 92 35 90 47 32 66 39 38 72 42 51  6 50 87  1 87 80 11 23 71 50 82 30 19 14 44 51 52
