83 60 13 73 5 36 2 16 89 73 1 10 95 14 22 57 15 35 8 21 
85 64 11 77 3 37 6 17 90 73 1 11 96 11 20 60 15 34 6 21 
81 57 19 70 3 36 7 14 91 74 8 8 97 16 22 60 15 35 5 21 
84 58 17 71 4 38 7 15 89 74 1 3 98 9 19 52 16 33 8 23 
81 61 19 72 1 37 4 14 89 72 4 8 99 17 20 54 15 33 6 19 
84 61 12 75 5 37 3 16 87 72 9 11 99 16 18 52 14 35 6 22 
82 61 15 77 1 36 3 14 90 72 3 3 96 17 20 57 15 34 5 22 
83 58 13 72 5 37 6 11 90 74 1 7 94 14 21 55 14 34 2 18 
84 62 12 74 5 36 7 12 89 72 1 12 93 7 18 52 16 35 7 19 
84 59 12 74 4 37 2 12 90 73 6 3 93 14 22 60 16 33 1 19 
84 57 12 75 5 37 3 11 88 74 6 4 93 9 22 58 16 33 8 20 
84 59 16 71 5 36 5 17 87 72 6 12 95 9 20 56 14 34 5 18 
84 63 19 74 2 38 6 12 91 72 8 4 97 17 20 54 14 34 1 20 
81 57 13 77 3 36 6 13 89 72 3 12 91 13 21 59 14 35 2 22 
84 60 16 77 3 38 2 16 90 73 8 7 91 7 20 60 16 35 4 19 
82 60 19 71 2 37 2 13 92 72 4 7 91 9 20 53 15 33 3 21 
84 58 19 72 4 38 5 17 88 72 1 3 93 17 19 58 15 34 3 20 
85 61 14 77 3 36 7 15 90 74 1 7 98 9 18 58 16 35 8 22 
85 57 17 72 4 37 7 16 87 72 4 3 94 14 19 58 16 33 4 23 
83 58 19 78 4 37 7 15 88 73 8 3 92 14 21 58 15 35 8 20 
82 59 14 76 1 37 4 13 93 74 4 3 99 9 18 57 16 34 5 21 
83 64 11 77 4 37 6 17 91 72 4 9 99 7 22 59 16 34 7 17 
84 57 17 77 5 36 2 17 88 73 7 6 98 10 19 53 16 33 3 21 
85 57 19 74 1 36 2 12 88 72 9 8 99 14 18 56 14 34 6 23 
85 59 13 73 4 37 7 14 87 72 8 6 91 10 22 59 16 33 8 19 
85 57 11 76 2 37 4 13 90 73 5 3 93 12 18 52 16 33 6 22 
84 59 15 73 2 37 5 13 92 72 1 10 96 9 21 59 16 34 1 17 
84 60 16 75 5 36 6 13 87 72 6 11 92 16 19 57 15 34 2 22 
81 60 12 76 5 38 3 15 92 74 9 8 99 9 22 60 16 35 2 19 
82 58 13 77 2 36 7 17 89 72 2 12 91 16 20 58 15 34 7 18 
85 57 11 75 3 38 7 13 87 72 3 10 98 12 18 53 16 34 3 17 
83 58 18 73 2 36 1 16 89 73 9 11 99 9 20 58 16 35 1 20 
85 59 13 73 1 38 3 11 87 72 5 6 92 9 19 60 15 33 2 18 
82 58 12 76 4 37 7 14 87 74 4 5 96 7 20 60 14 35 1 20 
85 63 15 77 4 38 3 16 87 74 7 4 92 7 22 59 15 33 7 21 
85 56 15 74 2 38 3 11 88 73 5 9 92 11 19 57 15 34 1 20 
83 56 17 77 2 36 1 12 89 73 2 8 96 10 20 53 16 35 3 23 
82 60 14 76 1 37 1 17 90 74 9 10 91 7 20 57 15 34 1 21 
85 59 13 73 5 37 2 17 89 73 8 6 99 10 21 55 15 35 2 21 
82 63 19 77 1 36 2 11 88 73 6 5 91 13 18 60 16 35 3 21 
82 56 19 78 4 37 7 13 90 73 4 12 96 11 21 55 16 34 1 17 
83 59 15 74 4 38 1 16 92 73 8 4 92 10 18 53 14 33 2 18 
84 62 12 70 1 38 1 13 90 73 3 9 97 12 20 54 16 33 8 22 
83 61 18 70 4 36 4 13 87 72 3 6 98 7 19 55 16 34 1 17 
84 59 16 76 4 36 2 12 89 74 1 7 91 10 22 52 14 34 5 19 
82 62 14 71 2 36 1 12 91 73 8 6 99 11 21 52 14 33 4 23 
85 64 17 73 3 36 2 11 89 73 3 12 99 14 20 58 15 35 4 22 
84 63 19 74 3 38 7 12 91 72 9 3 98 7 21 60 14 33 3 23 
82 58 19 73 2 36 5 14 91 73 6 10 97 14 20 60 16 34 5 21 
84 63 13 77 2 36 3 17 87 72 2 9 92 16 21 54 15 35 2 20 
81 60 16 78 5 36 7 14 89 72 7 7 98 14 21 53 14 34 3 18 
85 59 14 71 5 36 5 11 93 72 3 6 91 10 19 54 14 34 5 19 
83 56 15 70 2 37 1 14 91 74 1 6 93 12 18 57 15 33 7 18 
83 59 11 73 1 36 1 16 91 73 6 6 99 10 19 58 14 34 7 18 
85 64 13 73 2 38 4 15 93 72 6 10 93 12 19 59 15 34 6 17 
81 56 15 73 1 37 2 14 89 72 5 11 95 9 20 58 14 34 2 20 
82 60 16 74 5 36 1 11 91 72 1 6 99 17 21 60 16 35 8 18 
84 60 12 72 1 37 5 13 87 72 9 11 96 17 19 60 15 33 8 20 
83 56 16 70 4 37 3 13 91 73 8 6 97 16 18 60 16 34 1 23 
82 58 16 72 1 36 5 12 88 73 5 10 99 8 19 59 16 35 1 19 
84 56 17 74 3 38 7 16 88 72 3 4 94 10 18 54 15 35 2 19 
81 59 15 71 5 37 5 17 87 72 1 12 99 14 19 58 15 35 7 23 
84 57 12 71 4 36 7 16 92 72 6 8 94 14 21 59 15 33 1 17 
85 57 19 71 3 36 2 12 93 72 2 3 99 17 19 57 14 34 1 19 
85 61 19 71 1 38 1 12 92 72 4 12 97 13 19 54 15 35 5 19 
84 58 11 78 2 36 2 13 87 72 1 5 91 14 20 53 16 33 2 20 
81 64 15 72 3 38 1 13 90 74 9 4 96 7 21 60 16 33 8 22 
84 57 17 71 1 36 7 12 90 72 2 7 92 8 18 57 15 33 8 22 
81 57 15 78 1 36 3 11 87 73 3 13 99 7 18 54 15 34 7 21 
82 64 17 72 5 37 4 15 90 72 5 7 91 7 20 57 14 33 4 23 
85 57 14 74 3 36 2 11 88 73 3 6 95 10 20 52 15 35 3 20 
85 60 15 71 4 38 2 16 93 73 3 10 91 15 20 59 16 34 8 22 
82 63 13 70 2 37 5 17 87 73 4 13 95 11 19 52 14 34 1 22 
84 63 14 78 1 36 5 17 89 74 8 8 96 8 18 60 14 35 2 23 
84 63 17 74 5 36 1 11 91 72 5 9 93 13 18 55 14 33 3 18 
83 57 13 73 1 36 2 14 89 73 7 8 93 11 18 57 16 33 1 21 
84 58 16 70 5 36 6 15 88 73 6 4 95 16 21 55 16 34 1 20 
85 56 13 72 2 38 5 17 92 74 1 9 94 13 22 57 15 35 5 21 
83 56 14 71 1 36 3 15 89 72 3 3 94 12 20 55 15 33 6 23 
83 60 12 78 2 38 2 17 91 74 2 9 93 13 21 56 14 34 6 18 
85 60 16 76 2 36 5 11 91 72 2 5 97 15 18 56 15 34 3 19 
85 58 19 73 3 37 7 11 92 72 4 13 91 15 19 60 14 34 2 22 
83 62 19 73 5 36 5 12 89 74 6 4 92 14 20 57 14 33 8 19 
83 62 13 78 4 36 2 14 90 74 9 6 91 7 21 56 16 35 1 23 
81 61 19 76 4 37 1 16 92 74 4 11 92 12 22 58 15 33 4 19 
83 64 18 77 2 38 2 12 90 74 5 3 91 17 20 60 16 33 3 18 
85 62 19 76 3 38 5 17 91 73 4 11 95 12 22 56 14 35 4 20 
82 58 18 72 1 36 6 15 87 74 2 5 91 12 18 52 15 34 6 17 
85 61 11 78 5 37 1 13 88 74 8 11 96 14 19 54 16 34 4 19 
85 63 13 78 2 37 1 11 90 72 3 12 99 12 22 57 15 34 1 21 
84 60 13 78 4 38 2 16 90 72 6 4 95 12 20 58 14 35 6 21 
84 63 14 72 3 37 5 13 90 72 2 3 95 8 21 55 15 33 1 21 
82 56 11 70 2 38 7 16 92 72 1 5 97 15 18 54 15 34 8 20 
85 58 18 72 2 37 1 15 93 72 3 6 95 17 22 60 16 34 7 20 
81 60 18 71 4 38 3 14 90 72 4 10 93 13 22 60 16 35 1 17 
82 59 19 70 4 36 3 17 93 73 9 10 99 16 22 57 14 33 1 20 
82 56 14 72 4 36 3 11 87 74 6 6 97 16 20 56 16 35 1 22 
82 61 18 71 2 36 2 14 91 72 1 11 98 11 21 57 16 35 5 18 
81 58 14 77 1 37 4 15 88 73 8 8 99 8 19 60 15 34 8 19 
83 59 16 74 2 38 1 15 88 74 4 5 98 10 21 52 15 35 8 18 