62 66 58 54 55 69 66 62 58 64 59 60 61 67 57 61 68 67 64 65 
65 63 60 59 55 61 57 62 57 65 59 60 58 61 64 59 66 64 61 63 
63 66 57 54 57 69 62 64 61 65 59 62 56 61 64 64 64 67 62 63 
61 65 61 58 58 65 67 65 63 65 59 61 59 66 65 62 68 65 63 65 
64 65 55 59 57 60 62 63 63 63 58 62 60 65 61 65 60 67 62 61 
61 66 53 54 55 68 65 65 61 63 59 61 55 63 59 59 67 65 64 63 
62 63 57 54 56 60 62 64 59 66 58 62 55 61 65 61 65 66 61 63 
63 62 60 56 57 61 62 62 62 64 57 62 57 62 57 65 69 65 64 59 
61 65 57 55 55 64 60 65 61 63 57 60 59 66 62 63 60 64 59 64 
64 66 57 53 56 66 61 64 63 62 58 62 58 61 57 64 64 66 63 59 
62 66 53 57 58 68 59 64 62 65 59 60 55 61 65 62 68 65 58 59 
63 66 59 57 54 63 58 66 57 65 59 62 61 59 66 61 67 66 62 63 
63 63 60 54 58 65 60 63 58 66 58 61 60 64 57 59 60 64 58 65 
61 66 54 58 58 60 65 62 62 66 58 60 57 62 57 61 62 66 60 59 
62 64 55 55 58 68 67 65 59 64 58 60 55 59 66 65 67 67 61 59 
62 66 57 57 57 68 62 64 57 64 59 60 58 59 59 63 61 64 60 63 
61 66 54 59 56 69 61 63 57 66 58 61 57 59 60 64 63 65 62 61 
61 62 62 55 54 64 58 62 57 62 58 62 57 64 65 65 69 67 59 65 
62 66 60 54 56 61 62 66 61 66 59 60 58 65 65 59 65 63 62 60 
62 64 52 56 55 59 62 64 60 64 58 60 61 65 60 62 67 66 61 64 
64 66 54 54 55 68 67 64 59 63 58 62 58 67 57 61 65 64 61 64 
65 66 62 59 57 63 59 63 61 63 59 62 61 64 60 62 62 65 58 63 
62 66 56 58 56 59 63 65 61 63 58 62 58 59 62 63 65 66 59 61 
61 66 53 53 57 59 58 64 58 66 58 61 56 59 61 65 68 64 62 63 
61 65 61 56 55 67 62 65 58 65 59 60 59 65 67 65 60 64 64 60 
63 63 61 54 55 69 67 62 62 64 57 60 57 67 62 59 64 64 60 61 
65 65 59 56 56 63 67 64 61 64 57 60 56 60 67 64 64 66 58 65 
64 65 55 58 55 62 60 66 63 62 58 62 58 65 63 65 61 67 59 59 
65 65 57 57 54 67 64 63 58 63 59 62 61 61 65 60 67 64 60 60 
61 64 56 54 57 69 60 65 62 62 57 62 56 67 62 61 69 67 63 63 
62 65 52 56 55 69 63 65 57 66 57 61 56 61 67 59 68 63 62 61 
64 66 57 57 58 69 65 63 59 66 57 60 60 64 63 63 60 66 60 64 
62 64 52 57 54 63 65 63 58 63 58 61 56 65 59 65 66 67 64 63 
65 63 62 55 57 66 57 63 63 63 58 62 58 62 63 63 67 64 59 60 
63 63 54 59 55 66 60 65 57 65 57 62 56 61 67 63 70 63 64 62 
63 65 58 56 56 68 66 65 57 64 57 61 60 65 62 63 64 65 61 64 
61 65 53 53 57 67 65 62 58 63 57 60 61 63 63 62 67 63 62 60 
65 62 60 55 56 65 62 62 62 66 59 62 58 59 57 65 61 66 62 65 
61 63 57 54 58 59 66 63 62 64 58 61 59 60 59 61 63 64 58 62 
62 65 59 53 56 69 61 63 63 63 59 62 55 64 60 62 63 66 59 61 
65 64 61 58 54 62 62 64 57 66 58 61 56 67 57 64 62 65 62 64 
64 64 60 57 58 67 64 66 59 66 58 60 61 64 65 60 61 63 62 64 
61 63 61 53 54 65 60 62 59 62 58 60 56 65 62 65 69 65 61 60 
64 64 54 57 57 59 62 64 57 63 59 62 59 66 62 63 65 65 59 64 
63 66 53 56 55 65 63 65 57 62 58 61 56 64 61 62 66 65 62 65 
65 63 61 57 55 65 67 65 62 62 57 62 61 67 62 61 62 64 62 60 
63 64 62 55 55 69 57 65 62 65 58 61 59 59 66 64 67 65 60 64 
61 65 58 57 56 64 63 65 60 62 57 60 60 63 67 60 60 67 58 60 
64 66 60 54 56 61 60 66 57 66 58 61 56 60 63 59 69 67 62 64 
61 65 60 54 56 68 66 66 60 64 58 60 61 66 65 64 67 66 61 60 
61 65 52 55 58 60 64 65 60 64 58 61 55 66 59 60 68 64 59 60 
61 66 62 55 55 67 63 64 60 63 58 62 55 66 62 59 64 66 58 62 
63 63 58 55 57 66 58 66 57 65 59 62 55 63 59 59 63 66 61 63 
65 64 58 55 54 59 62 64 59 62 59 60 57 62 64 65 65 66 61 64 
64 64 53 59 58 60 62 66 57 64 58 62 55 63 59 64 63 64 63 63 
62 66 53 55 55 63 58 64 61 66 59 60 58 62 62 61 65 65 62 64 
62 65 62 57 55 67 61 63 61 62 58 61 55 62 66 61 67 63 60 64 
65 64 58 56 55 67 61 62 58 62 58 60 59 65 60 60 61 65 61 63 
64 62 61 59 55 60 59 64 61 64 59 60 57 65 57 59 66 66 61 65 
64 64 62 55 55 63 60 66 59 62 57 62 59 60 63 64 61 63 58 61 
64 64 62 55 55 65 58 64 63 63 57 60 60 67 57 59 63 65 58 63 
63 64 58 57 55 66 64 62 60 65 57 60 59 61 63 63 62 65 58 65 
61 62 55 56 58 63 63 64 58 64 58 62 56 64 66 64 60 67 58 62 
62 62 62 56 54 62 63 65 62 65 58 61 58 64 62 62 68 64 63 64 
61 64 53 58 55 65 58 66 63 66 58 61 61 60 65 64 65 63 62 65 
63 63 56 56 55 61 57 62 57 66 58 60 61 62 63 59 62 67 58 60 
64 65 55 53 57 65 65 63 61 66 57 61 61 64 66 61 70 64 58 64 
65 66 61 55 58 60 63 63 59 65 59 60 59 66 66 61 63 64 61 61 
61 64 62 56 55 69 60 65 57 64 59 62 60 67 65 61 70 65 62 64 
65 63 57 53 56 62 59 66 58 62 57 62 55 62 62 65 70 65 58 59 
61 66 55 56 54 63 63 63 63 66 58 61 58 67 57 62 68 63 64 64 
62 64 62 56 54 60 63 62 58 63 59 61 57 65 63 64 65 64 64 62 
65 66 59 57 55 69 59 64 59 62 57 60 55 67 61 64 62 63 62 65 
64 64 62 59 56 61 58 64 57 65 59 62 58 63 61 59 61 67 63 62 
62 64 58 58 58 68 65 65 59 66 59 61 55 62 60 60 61 65 58 61 
63 64 52 54 55 66 67 62 61 64 57 62 55 66 58 64 69 66 63 62 
63 62 53 59 56 60 64 64 62 62 59 62 61 59 57 61 61 65 60 62 
65 66 58 55 57 65 63 66 62 66 59 61 56 64 57 60 69 67 59 64 
61 66 62 54 56 68 61 64 58 64 57 62 57 61 57 60 60 63 62 65 
62 64 61 55 54 60 64 64 61 66 57 60 58 59 58 64 61 64 63 65 
62 65 61 53 57 68 63 64 58 64 58 60 57 67 60 63 63 66 64 65 
62 66 53 59 58 61 63 64 59 64 59 62 61 59 67 65 70 64 59 59 
64 62 54 53 57 64 65 63 57 65 57 62 55 63 61 65 61 63 58 59 
65 64 61 58 54 68 67 66 60 64 59 62 60 66 64 61 62 64 58 60 
62 64 62 56 57 65 57 65 63 64 59 61 59 63 63 65 60 67 61 62 
61 63 62 59 54 69 57 64 59 64 57 61 58 66 58 60 68 66 61 60 
65 63 61 53 58 69 57 65 59 64 58 62 60 66 65 64 61 67 64 64 
61 65 53 55 55 62 58 65 63 63 57 60 59 67 65 63 61 66 61 61 
62 63 57 56 58 62 60 66 57 63 57 61 55 64 65 61 66 64 59 60 
63 65 60 56 57 69 62 64 63 64 58 60 61 67 67 62 62 67 62 61 
64 63 58 57 55 69 61 66 63 62 59 61 60 63 66 63 63 63 62 64 
63 63 59 57 55 69 66 64 61 63 58 62 60 63 60 61 70 65 64 62 
61 62 53 55 57 64 61 63 61 64 59 62 56 66 67 62 64 64 58 62 
64 65 59 58 54 67 60 62 61 64 59 60 61 59 58 63 66 67 59 61 
62 65 58 58 58 63 62 64 62 66 57 60 55 60 66 65 67 67 62 61 
63 65 53 58 58 65 61 62 63 64 58 62 61 65 59 61 68 66 61 63 
64 66 60 57 54 66 66 64 58 63 57 62 56 64 58 59 70 65 60 62 
62 62 55 56 55 64 58 66 60 66 59 61 60 65 62 64 67 64 64 60 
64 62 53 56 57 69 58 62 61 62 58 62 55 63 62 61 67 67 59 64 
63 65 57 55 55 64 62 64 60 66 59 60 56 67 62 60 69 67 59 62 