54 61 66 53 65 57 67 69 57 67 50 54 66 59 55 56 64 61 50 50 
55 60 67 55 66 56 61 69 52 62 55 54 71 61 56 57 61 62 53 50 
55 58 67 56 71 59 63 70 54 67 58 54 72 59 51 57 57 63 46 51 
52 59 65 53 70 53 66 70 56 63 54 51 65 61 53 59 64 62 52 50 
53 63 67 49 64 53 66 71 55 64 52 47 73 59 54 56 62 61 49 50 
52 57 68 52 71 49 65 71 58 64 53 50 66 61 49 57 60 61 46 50 
53 63 67 49 63 56 61 69 54 64 51 57 68 60 55 57 62 63 52 50 
53 62 66 55 71 59 63 69 54 65 56 57 66 59 55 55 60 61 55 51 
52 62 69 51 68 50 66 71 56 63 55 55 71 61 52 59 57 63 50 50 
54 63 68 54 67 56 65 71 52 64 51 51 69 61 52 55 55 61 53 51 
52 59 68 53 64 50 62 69 57 62 54 54 65 61 52 58 59 63 55 51 
55 58 69 51 68 56 66 69 55 68 52 53 69 59 52 56 55 63 51 51 
54 61 69 50 71 49 66 70 58 62 56 53 73 60 52 58 60 62 49 51 
53 57 67 48 64 51 61 69 52 65 50 54 72 61 56 57 64 63 47 51 
56 59 69 55 69 55 64 71 53 67 53 47 69 61 48 55 65 62 50 51 
54 61 65 48 69 57 67 71 54 67 50 56 65 60 56 57 58 62 47 51 
55 62 69 52 67 53 65 69 58 62 54 48 69 61 55 56 65 61 48 50 
55 57 65 50 65 50 61 69 54 66 52 52 70 60 53 56 58 61 49 49 
55 57 68 54 67 59 65 70 54 66 55 50 65 59 56 57 60 61 45 51 
54 63 69 54 67 57 61 71 54 63 52 47 69 60 49 55 62 63 47 49 
52 57 66 53 64 54 65 70 56 67 51 55 71 60 53 58 55 63 52 51 
52 59 66 53 67 54 63 69 53 64 56 52 67 59 55 56 56 61 53 50 
54 63 67 53 65 54 62 71 52 67 52 47 72 59 52 59 65 62 49 50 
54 58 68 50 67 57 65 69 54 66 58 50 71 61 49 59 56 61 52 49 
52 59 69 50 63 53 67 70 55 63 54 56 71 59 51 57 55 63 50 50 
52 59 65 48 68 55 66 69 58 65 52 48 70 61 55 55 62 63 50 51 
53 57 69 52 68 51 64 71 56 62 55 52 72 59 50 59 57 63 51 50 
54 59 65 54 70 49 65 71 56 66 58 47 70 60 55 57 65 63 50 49 
56 61 68 50 66 52 63 69 57 62 55 50 69 59 55 57 63 62 45 51 
54 59 66 53 70 52 66 70 53 67 53 50 67 59 56 59 62 61 50 49 
53 59 68 50 70 51 66 70 55 65 52 51 65 60 53 55 60 63 49 51 
56 57 66 56 71 52 65 71 54 67 56 48 66 59 48 56 60 62 45 51 
52 63 65 54 67 55 67 71 57 65 57 49 71 61 54 55 64 61 48 50 
56 63 67 49 68 52 67 71 53 66 54 51 67 60 56 59 63 63 50 50 
55 61 69 54 64 53 65 71 52 68 50 48 73 59 53 55 58 61 48 51 
56 62 67 55 70 57 66 71 52 65 55 52 73 60 50 57 58 61 54 49 
53 60 68 50 69 49 64 71 53 65 54 47 73 60 55 57 58 61 50 49 
52 59 69 54 71 51 66 70 52 65 57 48 69 60 55 58 55 61 53 49 
56 63 65 52 69 56 65 70 56 63 54 53 66 61 49 55 61 61 47 49 
55 57 65 55 67 54 64 70 57 66 50 53 69 59 56 57 65 62 51 50 
55 61 67 48 69 59 61 70 54 65 54 53 73 61 53 58 64 63 51 49 
55 61 65 56 69 51 63 71 52 63 57 52 69 59 54 58 64 62 54 49 
55 57 67 52 67 53 63 69 52 65 55 51 73 61 48 59 59 62 55 50 
54 61 68 53 70 56 64 70 55 65 51 55 73 60 51 58 61 61 54 51 
54 63 68 53 68 58 67 71 57 62 56 50 66 60 49 55 64 62 50 49 
54 60 66 51 65 50 64 69 53 68 56 51 67 59 48 57 56 62 52 50 
55 62 69 52 71 58 61 71 58 65 51 56 71 61 55 56 61 63 45 49 
56 59 66 52 63 54 67 71 58 68 55 54 72 59 50 56 63 62 46 50 
56 57 67 54 67 53 61 71 54 67 54 49 72 61 48 57 58 63 53 51 
52 58 68 50 66 58 62 71 57 64 51 51 71 59 51 56 56 63 49 50 
56 61 65 50 71 55 65 71 54 64 54 54 72 59 54 55 64 63 51 50 
53 58 69 51 67 55 65 70 54 66 58 55 73 60 49 55 62 63 54 50 
52 62 68 53 70 55 64 70 58 67 57 54 66 60 54 59 63 63 52 50 
55 63 69 56 71 55 65 69 53 63 50 53 69 59 51 55 60 62 47 49 
54 60 65 49 64 49 62 70 55 66 53 47 73 61 52 59 57 62 51 49 
52 59 66 56 63 50 66 71 55 66 56 50 68 61 49 55 63 63 47 49 
55 59 67 54 68 50 62 69 57 67 51 51 66 60 55 56 61 62 46 51 
52 57 69 49 69 53 63 70 56 68 58 57 69 60 48 57 59 62 50 49 
52 57 68 50 70 52 65 69 53 66 50 50 67 60 54 55 55 61 53 50 
53 58 67 48 70 50 67 69 58 66 50 52 68 61 48 58 55 61 49 50 
54 63 69 48 69 52 64 70 56 67 56 48 65 60 52 56 55 61 51 50 
55 57 68 52 64 56 62 70 56 68 52 50 65 60 55 58 61 61 54 49 
54 58 66 53 64 54 64 70 58 65 52 57 69 59 54 56 56 62 45 50 
54 60 66 56 63 52 62 69 53 68 53 55 69 60 50 55 60 62 48 50 
52 61 67 52 69 52 65 70 56 64 57 52 66 60 52 59 56 63 50 51 
53 63 66 48 70 56 67 70 58 66 53 57 66 59 49 57 57 61 54 49 
53 57 66 54 71 52 67 71 56 66 50 50 66 60 55 58 57 62 54 49 
53 62 65 55 70 57 65 69 56 62 52 48 69 61 49 57 63 61 55 51 
53 59 69 50 68 55 62 70 54 65 55 55 71 59 54 57 56 61 52 49 
54 62 66 54 64 55 62 71 52 62 55 52 65 59 54 59 65 61 47 49 
55 63 67 54 68 49 65 69 53 63 52 52 65 60 50 59 61 62 51 50 
55 59 65 48 64 53 64 69 58 68 50 55 71 61 54 57 56 61 55 50 
52 58 69 49 64 52 66 71 56 64 51 52 70 59 56 56 57 62 53 51 
53 62 67 54 66 53 62 69 52 66 51 48 69 59 56 55 55 62 46 49 
52 62 67 52 71 57 65 71 58 68 57 53 65 61 49 58 64 62 48 49 
55 60 69 54 66 53 62 69 56 65 57 54 70 59 54 56 55 62 52 49 
53 62 66 51 71 59 65 70 54 65 54 51 68 60 54 56 63 63 45 51 
55 58 66 54 71 54 63 69 54 66 51 50 70 61 52 55 64 63 46 50 
55 59 68 50 67 55 62 71 57 66 57 56 70 59 55 57 65 63 51 49 
52 58 65 54 69 53 62 69 52 63 52 56 69 60 51 55 58 61 50 50 
52 58 66 55 66 53 62 71 52 66 53 53 67 60 56 58 65 63 51 49 
55 60 65 51 66 52 62 71 55 67 51 54 67 60 54 58 61 63 50 49 
55 62 69 48 67 57 61 70 54 68 54 54 68 61 48 57 61 62 52 50 
54 61 68 55 66 57 63 71 58 67 55 54 70 60 56 58 57 62 47 50 
54 63 66 48 65 54 67 71 53 65 57 55 69 59 53 59 55 61 47 50 
56 60 69 52 70 49 65 71 52 67 55 56 65 59 55 59 63 63 50 51 
53 61 65 53 63 59 64 70 54 66 54 53 68 59 49 59 64 62 55 51 
56 62 66 53 64 53 67 69 55 68 56 49 67 59 55 56 56 62 48 49 
55 59 68 52 71 57 67 69 58 65 56 57 73 60 49 59 59 62 50 51 
55 60 68 51 69 54 65 69 55 66 55 54 70 61 49 59 55 61 53 49 
52 57 67 56 66 52 62 69 58 67 55 52 71 61 52 57 61 63 45 49 
52 59 65 52 66 50 66 69 58 65 51 53 70 61 50 58 59 61 48 50 
52 57 67 54 66 50 61 69 56 68 52 49 72 59 55 56 65 62 54 51 
53 62 68 48 67 53 63 71 54 66 50 50 72 61 54 59 61 61 47 51 
56 58 66 53 70 58 66 71 53 62 52 55 66 59 56 56 62 61 48 49 
54 63 66 53 64 55 63 71 54 62 50 47 71 60 48 59 64 62 46 49 
56 62 65 51 65 50 67 69 56 63 53 56 73 61 55 55 65 63 51 51 
52 61 69 56 67 58 65 71 56 65 52 56 72 59 52 57 62 62 50 49 
53 60 67 51 64 53 61 70 56 62 58 49 70 60 48 56 58 62 52 49 
55 58 68 53 64 52 65 71 53 65 52 54 69 61 49 55 63 62 47 50 