70 52 57 47 63 69 73 49 47 72 50 66 67 54 64 48 52 57 58 54 
69 55 58 55 64 65 73 51 51 68 50 66 71 56 63 52 49 54 58 56 
71 54 59 53 63 72 71 58 46 71 52 68 66 58 61 49 44 50 61 53 
68 57 60 50 65 65 72 51 47 70 51 66 67 58 64 49 52 52 62 55 
70 52 61 50 64 69 71 53 51 67 50 66 63 56 67 51 46 55 59 58 
67 52 58 53 64 66 72 58 46 66 52 65 65 58 62 52 47 55 61 56 
69 54 61 47 64 66 72 55 46 70 52 70 70 56 67 51 51 50 64 57 
68 53 62 49 64 69 71 54 51 67 50 66 71 57 66 49 44 56 64 60 
67 51 59 52 65 71 71 57 49 64 50 65 69 56 63 48 47 53 63 53 
68 56 57 49 64 69 71 52 47 69 50 69 67 55 67 50 49 60 63 61 
71 57 57 52 64 68 71 50 49 68 50 64 64 53 63 48 44 50 63 59 
67 54 57 47 63 72 72 52 50 64 51 65 64 54 61 48 47 57 61 55 
69 57 57 49 65 68 71 54 49 65 52 68 64 56 61 50 52 55 63 53 
70 53 61 48 63 65 71 51 47 66 51 64 66 55 66 51 49 50 58 57 
69 52 61 49 64 67 73 49 45 65 50 70 70 56 62 48 45 52 61 61 
70 52 61 50 65 69 71 52 49 64 51 68 69 56 65 49 47 58 59 53 
68 56 60 47 64 71 73 58 51 65 51 70 68 54 63 51 49 56 58 53 
67 52 57 48 64 70 73 51 49 67 50 70 70 52 63 50 50 55 62 57 
67 52 60 47 64 69 73 51 46 68 51 66 68 57 62 52 47 52 61 54 
69 53 62 46 64 68 72 57 46 72 50 69 63 55 67 52 50 51 58 54 
68 52 58 47 65 65 71 56 51 66 52 67 71 58 62 48 50 54 64 61 
68 57 63 48 63 69 72 55 51 67 52 64 68 52 63 48 44 58 61 57 
70 57 60 50 63 72 73 49 48 64 50 66 65 58 64 52 48 50 62 59 
70 53 58 50 63 67 71 55 49 68 50 70 64 54 67 51 49 53 62 61 
67 57 63 46 65 64 71 55 50 71 50 67 69 54 66 49 44 55 58 61 
70 54 60 55 65 65 72 53 46 68 51 64 69 57 62 49 52 56 62 53 
71 53 57 51 65 72 71 49 48 69 50 69 66 54 64 52 44 53 58 57 
68 51 62 52 63 71 73 58 47 65 50 66 70 52 61 52 50 50 63 58 
71 55 63 56 64 71 73 53 46 71 51 69 63 53 66 51 52 54 62 58 
71 52 59 46 65 70 71 54 49 69 52 68 65 54 63 50 49 51 59 57 
67 57 59 47 64 67 71 50 51 64 51 65 70 57 62 49 46 54 59 54 
71 53 63 46 63 70 72 54 47 71 50 65 67 58 64 52 51 50 62 61 
70 53 59 54 65 70 71 55 47 71 50 64 64 53 62 49 44 54 63 56 
71 55 63 54 64 72 73 51 48 64 51 70 65 55 62 48 51 57 63 59 
70 51 60 53 63 66 73 59 45 65 52 66 69 52 62 50 50 53 63 55 
68 56 60 48 63 70 73 58 45 68 50 67 63 53 61 49 45 50 59 58 
69 52 58 50 65 66 71 58 46 71 52 64 70 53 61 50 51 60 60 61 
69 54 63 47 63 72 71 59 47 65 52 68 68 58 65 50 52 56 64 55 
69 54 62 55 64 66 72 53 48 64 51 69 68 57 61 51 51 60 61 53 
68 55 59 52 64 65 72 49 50 65 51 65 71 55 65 51 49 53 64 58 
70 55 58 49 63 69 73 56 49 72 51 67 68 56 62 50 48 54 61 59 
70 56 59 49 64 70 71 59 49 70 50 70 64 58 65 49 48 52 58 59 
68 56 57 56 65 65 72 59 50 71 52 68 68 56 65 52 52 54 60 58 
69 55 58 51 65 67 72 54 51 71 51 68 64 52 62 51 49 58 60 53 
69 51 57 54 65 65 71 57 48 65 52 64 64 52 61 51 45 57 60 53 
67 55 63 48 63 69 73 58 49 70 50 70 68 56 65 50 52 55 63 58 
71 51 61 52 64 71 71 55 46 67 52 65 70 57 66 52 47 54 63 57 
69 57 57 50 64 67 72 55 46 70 52 65 71 55 65 48 47 59 59 58 
71 52 59 47 64 69 73 58 50 70 51 64 66 53 64 51 51 59 63 61 
67 56 60 49 64 72 72 54 45 65 52 67 66 57 67 52 48 58 60 59 
70 55 59 46 63 64 73 50 46 66 51 64 68 58 62 52 52 50 64 59 
69 55 62 51 65 67 72 51 45 71 50 67 70 53 66 48 51 59 63 59 
71 52 62 54 63 67 73 50 50 72 52 67 65 55 63 50 46 52 64 56 
68 53 57 51 65 65 73 56 45 67 50 65 68 53 62 49 49 54 58 55 
67 55 58 51 64 71 71 57 45 70 51 66 70 58 67 49 44 56 61 56 
67 57 60 51 65 71 72 54 46 66 51 67 65 53 66 51 44 58 63 55 
67 51 58 55 65 69 71 58 50 69 52 66 64 57 66 49 48 51 63 60 
68 55 59 54 63 64 71 57 45 70 51 69 66 54 65 52 50 53 60 57 
70 51 62 52 64 68 71 49 50 70 50 67 64 58 63 48 48 55 58 53 
67 52 63 54 64 72 72 54 48 65 52 64 63 55 63 50 44 50 63 56 
69 54 63 54 63 65 73 57 48 67 50 64 66 53 67 50 52 58 59 53 
71 55 62 49 63 69 73 50 50 66 51 67 66 57 67 51 52 57 63 55 
67 53 59 53 64 68 72 57 49 68 52 64 69 58 65 51 45 52 58 54 
70 56 61 49 65 67 73 57 48 64 50 65 66 56 61 51 45 59 64 56 
67 57 62 48 65 72 71 49 47 71 50 65 65 56 62 52 51 56 60 53 
67 56 59 53 64 65 73 57 51 67 50 69 68 52 66 52 45 54 62 53 
71 52 59 50 63 64 71 52 49 66 52 66 67 52 66 52 47 59 62 60 
69 56 60 48 65 68 73 49 45 67 51 66 65 52 64 51 46 60 60 53 
69 52 62 56 65 66 71 53 50 66 50 67 68 53 65 50 46 57 62 56 
67 53 57 50 65 71 71 55 51 65 52 64 63 58 67 52 52 56 60 53 
69 57 60 54 63 69 73 53 48 67 52 67 68 54 65 49 48 52 60 60 
67 52 57 52 63 70 72 51 49 67 51 70 71 53 66 49 50 59 64 58 
68 54 57 53 65 70 72 58 51 71 50 68 65 52 64 51 46 59 64 59 
67 52 63 51 63 69 71 59 51 69 51 66 66 57 63 49 52 52 60 59 
70 51 59 48 65 70 72 49 48 72 51 66 71 55 61 52 48 52 61 54 
71 53 61 47 63 65 72 50 50 68 51 67 64 56 62 48 46 51 62 57 
67 54 60 55 63 70 73 52 50 72 52 64 71 56 63 48 47 52 63 54 
69 55 63 56 63 67 71 54 50 66 51 65 71 52 67 48 51 60 58 61 
67 57 61 50 64 66 73 55 47 70 51 69 70 52 66 51 52 59 61 56 
70 51 59 47 64 70 73 54 49 68 50 67 66 52 66 50 49 60 60 54 
71 55 63 53 65 64 73 49 45 71 51 70 65 57 65 51 49 51 59 57 
68 51 57 55 65 68 73 51 49 66 51 67 68 57 65 50 46 56 64 56 
70 55 60 47 63 72 72 54 48 65 52 67 68 54 66 48 44 56 60 60 
71 56 62 46 65 70 73 55 47 71 51 66 67 58 63 52 45 58 60 53 
71 53 61 51 65 67 73 51 49 68 52 65 66 52 65 51 45 58 58 54 
70 55 63 46 64 65 71 53 51 65 50 64 67 55 64 49 51 59 61 58 
71 57 59 47 63 72 73 50 47 71 51 66 71 56 65 48 50 52 58 59 
70 51 58 54 63 68 73 55 45 70 50 65 63 52 67 52 44 56 59 53 
67 54 57 52 63 66 72 51 51 71 50 66 71 56 65 50 45 54 63 58 
67 51 61 50 65 72 73 50 46 71 52 65 65 57 63 49 51 55 64 53 
68 57 59 48 64 69 71 52 51 66 51 67 69 54 61 49 52 58 60 58 
69 53 59 49 64 66 73 51 46 68 52 64 67 57 62 48 52 54 63 59 
67 57 62 47 63 70 72 53 49 67 51 67 68 55 64 48 48 55 62 54 
67 56 60 49 65 64 72 59 51 71 51 68 68 57 63 48 49 52 59 57 
69 57 63 50 65 65 71 49 48 67 51 65 64 52 67 51 50 57 58 60 
68 51 60 50 64 68 72 56 50 69 51 64 68 54 67 50 52 53 63 59 
71 56 59 47 64 69 71 55 45 64 51 70 68 54 64 48 52 54 63 61 
71 51 60 51 65 66 71 49 50 64 52 66 69 57 63 48 50 50 58 60 
70 56 57 47 64 72 71 54 50 71 51 67 63 56 64 49 52 50 58 55 
71 56 63 54 63 65 72 57 50 64 51 64 70 52 65 52 50 52 59 58 