52 43 49 50 52 49 45 57 79 67 45 55 61 46 43 74 69 37 42 73 
53 43 49 51 53 51 45 60 79 74 50 55 55 44 45 75 66 40 38 71 
52 44 43 50 53 54 45 57 79 75 49 54 53 49 45 74 68 37 46 71 
53 41 48 49 54 54 39 57 73 66 43 52 63 50 43 77 61 36 41 73 
53 40 49 51 52 54 41 65 76 70 49 54 54 42 42 74 68 45 36 73 
53 41 48 51 52 50 39 57 76 67 44 51 56 44 42 76 62 46 44 72 
54 38 48 49 51 52 37 58 73 67 45 55 54 49 42 77 61 38 37 72 
52 44 43 51 56 48 39 63 77 68 49 54 60 46 45 75 66 38 36 73 
53 40 48 51 52 49 44 64 77 75 46 54 62 46 43 76 66 44 37 73 
52 43 43 51 55 51 39 63 76 74 49 52 57 42 43 78 62 41 45 73 
55 40 45 50 55 52 39 65 77 75 48 53 54 47 42 75 67 39 43 72 
54 43 43 51 55 48 45 61 73 67 49 55 61 46 45 74 68 43 39 72 
54 39 41 49 56 46 44 62 75 68 50 54 57 48 44 74 65 42 37 71 
52 42 49 50 54 47 41 58 77 75 43 53 63 42 45 78 63 37 46 71 
52 38 44 51 51 47 40 58 73 70 50 55 54 45 44 75 65 45 41 73 
56 43 43 51 57 49 43 63 79 69 47 53 56 42 43 74 66 46 36 71 
56 42 41 51 55 48 38 61 78 69 45 54 60 42 46 74 63 37 45 72 
54 39 41 49 56 49 43 59 79 75 44 53 54 49 42 78 62 45 44 73 
54 39 44 50 54 49 45 65 73 68 44 53 54 45 43 75 63 38 45 73 
55 43 47 49 56 47 45 65 73 73 49 53 60 45 45 76 67 40 46 72 
55 40 43 51 55 52 44 63 74 72 48 52 55 45 45 76 63 46 38 71 
54 40 43 51 51 53 40 59 77 68 47 54 63 48 46 78 61 41 39 72 
56 44 45 49 57 49 41 58 78 70 43 53 59 49 44 74 69 44 46 73 
52 42 48 50 52 47 41 58 79 68 45 54 60 50 45 76 69 39 43 73 
56 42 40 51 56 51 42 62 73 70 47 55 61 47 43 78 61 36 42 71 
53 42 49 51 52 53 41 61 75 70 49 55 63 49 45 75 62 38 44 72 
54 42 43 50 56 52 44 60 75 65 46 51 63 46 46 78 68 42 43 71 
52 42 44 50 56 50 38 63 79 73 47 54 53 49 42 76 66 37 46 73 
56 42 40 50 56 49 42 60 78 70 43 51 59 44 46 78 61 41 39 71 
52 38 43 50 57 46 42 60 79 69 43 55 55 47 46 74 64 37 45 73 
56 41 40 51 51 51 40 64 75 71 47 51 60 42 46 76 61 46 46 72 
52 42 47 49 51 46 39 58 75 73 48 52 62 46 46 77 63 44 39 71 
54 43 44 51 52 54 39 59 78 67 44 54 59 46 45 76 63 43 37 71 
55 39 44 50 53 51 45 62 77 69 46 52 54 47 44 75 68 40 37 73 
56 41 40 50 56 46 37 57 73 69 50 54 58 50 46 74 61 41 38 72 
54 44 46 50 56 51 43 64 73 70 49 53 55 50 45 78 61 44 43 71 
54 38 47 50 57 51 44 64 74 65 43 55 61 42 43 76 64 44 38 73 
55 42 50 50 55 50 40 60 77 74 50 51 60 45 44 74 69 46 37 72 
52 38 44 49 53 54 40 61 75 73 47 51 53 46 42 76 61 44 44 73 
56 38 48 50 55 52 43 61 77 71 48 54 56 50 43 77 62 36 38 73 
55 42 49 50 57 48 39 63 79 70 46 52 56 45 46 75 61 44 41 71 
55 43 47 50 54 47 44 65 74 65 47 52 60 46 44 78 62 44 38 71 
56 41 46 50 52 54 42 64 75 67 42 55 57 48 42 74 65 40 43 73 
53 43 48 50 51 46 41 61 76 67 50 53 56 47 42 78 66 41 45 71 
55 38 46 51 52 49 41 64 74 67 48 55 54 49 46 75 64 44 38 71 
55 43 43 49 51 47 40 61 73 70 48 54 62 42 43 77 68 42 46 73 
56 40 46 51 51 52 38 61 75 68 45 53 63 47 45 76 63 46 40 73 
53 40 48 49 52 48 43 62 76 70 43 54 53 42 46 74 61 39 38 73 
56 40 41 50 55 53 40 64 74 70 44 55 53 48 46 74 63 44 46 71 
53 40 43 50 53 54 45 59 75 65 45 54 53 43 44 75 69 44 40 73 
54 42 46 51 52 50 43 60 74 66 44 52 56 45 45 78 69 40 39 73 
55 38 48 50 51 48 42 57 79 75 46 52 60 50 44 74 61 36 42 73 
54 41 49 51 52 48 38 63 76 65 50 52 57 46 46 75 67 41 38 71 
52 43 44 49 56 52 37 59 78 70 45 54 61 42 46 76 67 39 45 72 
56 42 41 51 55 52 44 58 77 72 46 54 61 43 43 76 61 44 40 73 
56 41 46 49 54 50 38 57 79 65 45 54 54 48 44 76 63 46 41 72 
54 42 49 51 52 54 45 62 79 69 45 52 56 50 45 74 65 43 42 73 
54 39 48 50 55 52 38 58 76 70 50 54 56 43 43 74 69 39 39 73 
53 38 48 51 51 51 42 64 74 73 46 54 53 46 42 74 69 46 40 72 
56 38 45 50 57 52 38 63 79 73 47 53 60 43 46 76 61 36 36 72 
53 38 49 50 55 54 37 65 75 75 49 55 59 48 43 78 67 39 44 73 
52 39 49 49 57 51 40 62 73 70 48 54 61 42 42 77 64 39 42 72 
55 41 43 51 56 51 40 65 75 69 47 52 63 47 44 74 63 46 37 71 
56 39 50 51 55 48 41 59 78 67 42 54 56 48 46 75 69 37 41 71 
52 39 40 51 52 52 44 62 74 68 45 51 58 50 46 74 65 40 38 71 
56 41 42 49 57 50 44 58 78 67 42 54 63 49 43 76 62 43 41 73 
54 41 44 49 53 52 38 65 77 75 46 52 61 49 45 75 66 38 40 72 
56 42 48 50 55 47 37 64 75 74 50 53 54 44 46 78 67 45 43 72 
55 38 48 51 52 54 45 59 73 67 48 52 58 44 44 77 64 38 44 73 
55 43 49 49 55 46 45 61 77 66 45 54 53 47 42 78 61 37 42 71 
52 44 47 51 55 48 44 61 78 70 46 53 54 42 46 77 64 44 36 72 
54 39 41 49 53 46 40 59 75 75 50 52 55 45 46 74 64 43 46 72 
53 43 42 49 55 47 45 65 74 67 46 55 62 43 42 75 63 39 37 72 
55 42 45 49 51 53 39 62 78 72 47 54 55 45 46 75 68 45 42 71 
54 39 43 51 57 51 38 58 73 75 46 52 61 42 46 75 62 36 44 73 
52 40 44 50 52 53 43 58 78 70 42 53 61 42 45 77 65 44 41 73 
56 38 47 49 55 50 43 58 75 68 46 53 57 42 46 74 61 42 42 72 
53 44 45 49 54 49 45 64 74 74 47 51 55 44 43 74 67 46 46 72 
54 41 44 50 53 54 43 58 79 75 43 55 53 50 44 78 68 44 39 72 
53 43 46 50 52 46 38 57 73 73 44 52 57 47 42 78 68 44 36 73 
55 39 44 50 55 51 39 59 79 65 45 52 54 43 43 76 64 39 44 73 
55 43 40 50 53 51 40 62 78 72 48 52 63 44 44 75 69 39 38 72 
54 40 41 49 51 46 43 62 78 70 44 52 61 49 44 77 65 44 36 71 
54 44 47 49 57 52 37 61 79 65 43 51 55 47 45 74 61 36 41 72 
53 44 50 51 53 48 43 61 79 71 50 53 54 49 45 76 62 39 45 71 
54 44 49 50 54 48 43 64 78 70 47 52 53 50 43 78 68 46 41 71 
53 40 45 50 54 53 39 64 76 74 48 51 59 42 42 75 65 45 37 72 
54 39 43 49 57 51 43 57 77 69 49 52 61 43 46 76 69 42 46 73 
54 42 43 50 52 52 39 60 78 66 48 55 62 47 46 74 69 40 36 71 
53 43 46 49 57 50 37 65 78 65 49 54 63 49 45 76 67 44 37 73 
55 42 41 50 54 54 45 61 78 74 45 53 59 49 45 75 62 42 43 71 
56 41 46 49 53 50 44 57 76 71 48 54 56 42 42 75 64 45 38 73 
52 43 41 50 57 48 39 60 78 73 42 54 56 48 43 77 61 43 40 72 
55 44 44 50 52 51 42 65 77 65 47 55 57 48 42 76 67 40 37 71 
52 42 47 49 56 51 41 58 79 72 46 54 54 50 46 78 67 37 44 72 
52 39 48 49 56 50 40 60 74 66 42 52 58 43 45 74 69 37 40 71 
56 42 47 51 55 47 40 57 76 74 48 51 56 48 43 74 69 45 46 71 
55 42 41 49 57 52 44 57 79 71 43 55 61 44 43 77 67 41 44 72 
53 39 45 51 57 49 45 63 78 71 49 54 59 48 42 74 66 43 41 72 
52 39 42 49 57 54 43 65 75 73 49 53 53 42 43 77 67 46 37 73 