59 58 55 53 80 48 45 33 59 73 36 58 84 79 37 56 73 58 33 62 
61 59 55 56 83 46 54 31 64 73 34 59 86 77 35 54 76 55 33 62 
59 62 54 57 85 42 51 31 62 71 38 63 84 76 35 56 75 54 34 65 
58 63 56 56 81 46 53 31 62 70 38 59 87 73 37 55 74 56 28 63 
57 63 54 51 81 45 47 29 61 73 34 60 85 73 36 56 73 56 31 66 
59 63 59 53 82 48 55 30 59 70 32 57 85 78 35 54 78 58 29 62 
61 59 53 49 80 48 47 30 65 71 37 67 87 74 35 54 76 56 32 62 
61 58 55 53 83 46 45 29 65 70 39 59 84 79 35 56 78 54 26 65 
59 63 56 57 85 46 54 33 62 73 34 65 87 75 35 56 79 57 32 66 
59 62 59 49 84 45 55 31 64 72 34 59 84 74 35 55 75 57 35 65 
59 59 55 54 80 44 48 32 62 74 31 61 83 76 37 56 73 58 30 62 
58 59 58 51 85 48 47 33 64 73 34 59 87 78 37 56 76 56 26 62 
59 63 55 52 84 42 53 33 64 72 33 66 87 78 36 55 75 57 33 63 
60 58 55 57 85 43 55 30 60 71 32 59 87 74 35 54 77 54 33 65 
58 64 58 56 84 46 48 30 64 70 36 64 86 79 37 55 79 53 30 65 
59 58 56 54 80 42 51 31 63 70 33 58 85 78 37 56 79 54 33 65 
57 61 55 57 84 43 51 33 63 73 33 58 87 75 35 56 77 53 29 62 
58 60 54 49 82 46 50 31 62 71 32 61 86 75 37 55 73 55 26 64 
58 61 54 53 84 47 48 29 63 74 31 64 84 76 37 54 73 53 33 65 
61 62 55 56 80 46 55 29 64 71 35 57 87 73 36 56 77 58 31 65 
57 62 55 55 81 42 45 33 64 73 33 67 86 75 37 54 76 52 32 63 
60 59 54 50 84 42 50 31 65 71 36 57 86 74 37 55 79 57 34 63 
57 58 56 55 84 44 53 31 63 70 31 58 84 77 36 55 78 53 29 62 
60 59 58 56 85 45 49 29 61 74 39 67 86 74 35 54 78 54 32 62 
61 64 53 51 82 48 49 31 64 73 36 58 87 74 35 54 79 52 32 66 
59 63 57 52 86 42 46 32 64 72 34 63 84 77 36 55 77 56 26 63 
59 59 58 53 86 44 45 29 60 70 33 63 83 78 36 56 76 54 34 66 
59 64 58 50 86 42 52 32 61 74 33 61 84 74 36 55 74 53 29 64 
61 62 56 57 81 45 54 31 64 74 37 67 86 74 37 54 75 55 32 65 
61 63 55 51 80 47 48 30 64 70 38 63 83 73 37 55 74 54 27 65 
59 63 55 53 81 42 55 30 61 73 38 63 84 76 35 56 77 52 29 64 
58 59 53 54 81 47 54 30 61 73 38 62 85 78 37 56 73 52 31 63 
61 62 58 49 85 43 51 31 65 74 36 60 85 73 36 54 77 53 34 66 
60 62 55 57 80 48 55 31 60 71 35 60 87 77 35 56 79 58 33 64 
58 59 54 51 83 46 50 30 59 74 39 58 83 77 35 56 78 56 25 63 
58 64 56 50 83 44 51 33 59 72 31 63 85 76 35 55 78 54 30 66 
61 63 57 49 80 42 47 32 61 72 38 65 86 78 36 54 76 55 35 64 
58 64 53 51 83 47 55 30 61 71 39 66 86 74 35 55 78 57 30 66 
58 58 58 57 85 43 55 32 59 72 37 62 87 73 37 56 76 55 28 64 
57 64 56 56 85 48 54 30 62 72 34 66 84 78 36 56 76 56 35 62 
59 63 54 57 81 46 50 33 62 72 34 59 86 73 35 54 75 56 28 62 
59 58 55 51 81 42 47 33 61 74 33 60 87 78 36 56 76 58 31 63 
57 64 58 51 85 45 52 32 64 74 34 62 86 77 35 54 77 54 30 62 
61 58 58 51 81 44 49 31 61 74 37 57 86 78 37 54 77 57 35 64 
60 59 57 50 84 42 45 33 63 71 38 61 83 75 36 55 79 58 25 62 
61 58 55 56 85 43 47 32 65 70 37 66 85 79 36 56 77 57 26 62 
58 63 55 57 81 45 46 30 63 70 37 60 84 75 37 55 73 58 33 64 
60 61 54 57 81 42 50 31 60 70 37 66 84 73 36 54 75 53 27 63 
57 62 58 53 86 43 54 32 59 71 31 62 84 77 37 56 74 56 27 63 
58 61 59 53 82 42 53 33 65 73 36 57 85 73 36 54 78 57 28 64 
61 61 59 54 82 44 54 32 65 74 31 57 86 76 37 55 73 52 25 63 
57 63 57 55 84 48 52 32 63 71 32 57 85 75 37 54 76 53 27 66 
60 60 53 51 84 48 53 29 60 71 39 57 86 76 37 56 77 52 33 66 
59 62 59 50 84 48 49 30 62 74 38 67 83 78 36 56 78 52 30 62 
57 63 54 51 81 44 48 29 64 74 35 60 85 77 37 56 78 52 27 64 
60 63 59 50 80 47 50 30 61 72 31 57 87 76 37 56 79 53 33 63 
59 64 53 50 84 46 52 29 60 70 36 61 85 74 37 54 74 57 25 66 
61 60 56 55 83 42 45 33 61 70 39 60 83 78 36 56 76 53 27 66 
58 58 57 54 82 48 51 30 61 74 39 60 87 77 36 54 79 57 35 65 
58 63 56 55 86 43 48 29 59 70 33 63 83 76 36 54 79 58 33 63 
57 58 58 56 84 45 52 30 65 70 39 64 83 79 35 54 75 55 35 63 
59 59 53 56 83 45 49 32 61 70 32 58 85 77 36 56 73 55 28 66 
60 62 54 57 82 47 47 30 65 72 39 64 85 79 35 54 75 54 26 65 
57 63 57 53 81 44 52 30 62 72 38 61 83 78 35 55 75 56 32 66 
61 62 57 52 86 42 54 33 63 71 31 64 87 76 36 54 79 58 25 62 
59 59 54 53 80 44 51 33 62 74 37 63 86 76 36 55 73 53 25 66 
60 58 55 53 85 42 50 29 63 71 31 59 84 74 37 56 73 58 35 64 
59 61 55 53 83 45 48 32 59 73 37 65 87 76 36 54 77 56 29 63 
58 63 57 49 85 44 53 33 64 74 39 66 84 76 36 56 78 54 33 63 
61 64 56 53 80 45 53 29 61 70 31 67 83 73 36 56 73 53 34 62 
58 58 59 49 83 46 55 32 60 74 37 61 84 76 36 55 73 57 30 64 
58 64 55 50 82 46 48 31 65 70 37 64 87 79 35 56 76 53 35 65 
60 61 56 50 81 42 47 30 64 74 37 59 83 74 35 54 74 52 29 63 
57 60 56 56 85 43 49 29 63 73 31 60 87 77 37 55 77 53 26 64 
61 63 53 53 86 45 54 31 60 74 32 57 86 74 36 54 76 56 28 65 
59 60 53 53 81 43 47 30 65 72 33 58 87 78 37 56 79 53 29 66 
59 61 59 50 82 42 53 33 61 70 36 65 84 77 35 56 74 53 25 62 
61 62 58 57 80 43 50 31 59 70 31 67 87 77 35 56 77 58 34 64 
59 63 53 55 81 44 48 30 59 71 36 67 85 78 35 55 77 56 26 62 
60 60 53 52 84 46 46 33 65 72 33 64 84 77 36 56 75 54 32 66 
59 60 56 51 85 47 49 33 64 72 33 66 87 73 36 55 77 57 35 63 
61 64 53 52 82 48 51 31 60 72 33 65 86 73 35 56 75 56 34 62 
59 63 56 50 85 45 48 33 61 74 31 67 84 78 37 54 75 53 28 66 
59 59 56 52 83 45 53 29 64 71 37 62 87 77 35 55 79 56 32 63 
61 63 57 56 83 42 50 33 62 73 32 60 87 75 37 54 75 54 29 66 
57 59 59 54 80 44 55 32 61 71 36 67 83 77 37 56 78 52 29 64 
57 59 53 54 85 47 45 30 62 70 39 64 87 79 35 56 73 52 27 65 
57 61 56 52 84 47 49 33 64 74 39 59 83 74 37 55 78 55 30 65 
58 58 59 55 83 45 50 32 63 73 37 66 86 77 37 54 77 55 30 65 
61 58 56 50 80 45 48 32 59 72 39 65 84 77 35 54 75 54 29 64 
58 60 59 57 83 46 53 33 63 74 31 60 85 78 35 54 78 54 29 66 
61 62 54 56 82 47 53 33 60 73 32 65 83 75 37 54 76 56 26 62 
58 61 58 52 82 45 50 31 64 73 37 59 86 75 37 54 74 58 34 63 
57 58 54 50 86 48 53 33 59 72 32 60 83 76 35 56 78 57 25 63 
59 64 53 56 85 44 45 32 64 70 38 64 83 78 37 55 78 58 27 62 
61 62 54 56 82 44 49 33 59 71 31 61 84 77 36 54 73 57 31 63 
57 61 54 51 86 42 52 29 61 72 31 58 86 76 36 54 79 57 28 65 
58 61 55 49 82 46 55 30 59 73 32 66 86 75 35 54 78 53 25 62 
57 64 56 54 84 44 54 29 65 71 38 60 86 79 35 54 78 58 28 62 
60 60 57 53 84 45 54 29 63 70 34 62 86 73 36 55 77 53 25 66 