29 44 25 51 64 80 55 45 50 76 29 37 71 61 68 41 46 32 57 23 
29 42 35 60 69 75 61 44 50 71 26 38 72 63 68 38 48 33 60 26 
28 40 26 59 74 75 58 45 48 72 30 35 71 63 71 38 46 33 57 16 
28 42 33 58 65 77 59 43 47 73 29 33 69 61 71 41 47 33 57 25 
29 46 29 56 71 79 58 45 52 76 26 36 70 66 71 33 49 36 57 16 
28 40 30 59 64 75 60 44 48 70 29 38 70 60 62 40 49 33 59 16 
30 45 26 61 71 77 60 45 51 74 27 38 69 64 65 33 50 35 60 16 
30 44 33 61 72 77 55 44 49 70 28 35 68 66 63 41 47 36 56 21 
28 40 35 52 65 77 57 45 49 74 29 34 68 63 64 34 46 31 60 21 
27 44 27 58 71 78 56 45 52 74 26 36 69 69 69 41 51 32 60 22 
27 45 33 57 66 79 57 44 48 72 29 37 69 69 67 32 50 31 57 16 
28 43 35 61 66 76 60 43 46 75 29 38 70 69 68 40 51 33 60 19 
28 40 30 55 69 78 56 45 49 74 28 38 68 68 62 34 50 36 56 19 
26 42 31 52 64 76 56 43 49 70 29 36 70 69 63 35 46 33 59 21 
30 45 30 54 67 78 60 44 51 73 27 36 68 67 72 39 46 35 58 22 
29 44 26 61 65 81 55 43 52 72 28 38 69 61 66 39 45 33 59 26 
29 43 25 56 71 79 61 45 49 75 27 37 72 70 68 36 47 35 56 20 
29 42 27 51 70 77 57 44 50 76 26 38 72 60 69 40 48 35 57 25 
29 44 25 61 70 78 58 45 49 75 30 37 71 60 71 37 45 31 56 19 
26 40 28 52 66 77 58 43 50 70 27 37 69 60 64 38 49 31 58 26 
28 46 28 53 74 79 59 43 46 71 26 37 68 69 67 37 45 34 60 19 
30 44 32 60 67 76 59 43 50 71 28 36 72 70 66 36 51 33 58 18 
27 40 31 56 69 80 57 44 46 73 30 35 71 66 65 39 47 30 59 18 
30 42 28 51 70 76 60 45 49 74 26 35 69 68 71 42 45 32 59 24 
30 43 26 51 66 78 60 44 46 72 26 36 72 64 68 41 51 34 57 19 
26 46 35 53 67 79 55 45 52 72 29 35 70 67 71 39 51 31 57 22 
26 43 35 55 64 75 59 44 46 73 29 38 71 69 70 40 47 34 57 22 
27 43 30 51 68 80 61 44 46 73 29 37 70 69 70 32 45 32 59 25 
26 44 32 58 68 75 58 44 47 74 28 34 68 62 71 36 48 34 57 19 
27 44 28 58 65 76 60 43 47 75 26 38 68 62 64 42 45 32 60 16 
28 42 25 53 72 76 56 43 51 72 30 34 69 68 72 40 47 35 56 25 
27 43 33 59 66 75 59 45 48 74 27 35 72 64 63 39 48 35 56 19 
29 40 34 52 65 78 60 43 49 71 30 32 72 64 72 34 51 32 57 23 
28 41 33 57 74 79 61 43 48 74 28 37 72 68 67 33 51 34 56 24 
27 44 33 53 67 78 59 44 46 70 30 34 71 65 71 37 46 35 58 22 
29 46 30 56 74 77 59 45 46 74 29 36 71 61 62 35 50 31 60 18 
26 44 26 53 65 77 61 44 48 75 26 37 71 68 70 35 45 32 59 20 
28 40 27 57 74 78 56 45 50 76 30 34 72 67 72 36 49 31 59 16 
26 44 29 54 70 80 60 45 51 71 29 36 70 70 71 36 50 32 58 18 
29 43 34 57 73 78 61 45 49 76 29 35 71 62 64 40 45 32 57 18 
28 45 34 53 72 77 55 43 50 76 28 32 70 69 70 41 51 30 57 23 
28 40 31 57 64 78 61 45 52 71 29 37 70 64 65 37 46 33 59 24 
29 44 28 58 65 77 60 44 49 72 29 37 70 66 70 33 46 32 60 18 
30 41 28 53 68 75 58 44 51 71 26 38 72 63 69 33 49 33 58 22 
29 41 26 54 74 77 57 43 47 73 30 32 68 61 65 33 46 30 60 18 
28 41 34 57 71 80 60 44 48 76 27 35 72 62 72 41 48 36 56 19 
28 40 26 51 73 78 56 43 51 76 27 36 69 61 69 33 51 32 58 24 
28 40 34 60 72 75 60 44 49 75 26 34 69 66 71 32 45 35 57 20 
26 45 30 61 74 78 58 44 49 70 30 33 72 62 63 32 49 34 57 19 
28 40 33 57 67 75 56 44 47 73 27 33 68 66 62 40 46 35 57 24 
29 43 25 55 70 80 61 45 51 74 30 34 70 60 64 37 45 32 57 22 
27 41 31 60 74 80 59 44 48 73 28 38 69 61 66 34 49 32 56 17 
28 45 26 56 72 80 55 44 46 73 30 37 72 65 67 36 46 32 56 23 
27 40 27 58 69 78 58 45 47 76 26 35 69 67 63 33 51 36 57 19 
30 45 27 57 69 76 55 44 47 76 28 36 70 69 65 33 50 31 56 26 
28 42 25 58 72 78 56 45 46 70 30 33 71 70 67 38 46 32 57 21 
30 44 33 53 74 75 58 45 48 75 26 34 70 64 70 32 46 32 59 16 
26 45 35 54 73 79 61 43 51 75 28 33 72 66 65 32 50 31 56 18 
30 40 32 61 74 75 55 43 52 70 26 35 72 62 63 42 47 30 57 19 
26 44 25 54 69 81 61 44 50 74 26 32 71 61 62 33 51 36 56 19 
26 43 33 56 64 77 55 44 51 74 28 35 70 66 70 38 45 31 58 16 
29 45 26 58 68 78 61 43 49 72 27 33 72 69 69 39 48 30 57 18 
26 45 27 61 71 80 56 44 50 72 29 38 71 67 63 37 48 30 56 22 
27 41 35 61 64 77 57 45 52 74 29 37 68 69 62 41 45 35 57 25 
30 46 35 51 65 80 57 44 49 75 28 35 68 68 62 33 48 34 60 17 
27 46 26 52 70 80 58 43 49 74 28 35 72 62 72 40 45 32 60 24 
27 41 29 53 74 80 59 44 49 76 29 33 71 70 69 33 46 31 59 17 
29 42 33 61 68 76 58 44 49 70 26 38 71 67 62 34 45 33 60 22 
28 44 32 59 65 81 59 45 46 75 28 36 68 67 64 42 51 36 60 23 
28 42 28 53 72 80 60 43 46 71 28 35 68 69 71 39 45 34 56 26 
30 40 25 53 64 76 55 45 49 70 27 34 71 62 69 41 51 32 56 26 
29 45 28 58 69 81 57 44 50 74 26 38 68 61 64 37 46 30 60 23 
30 45 32 57 74 77 60 44 46 72 30 34 70 63 69 38 46 32 58 17 
29 44 35 57 71 78 58 45 50 74 27 36 72 62 67 39 48 36 58 17 
28 40 25 53 74 78 59 45 52 70 30 38 70 69 67 36 46 33 58 22 
29 41 34 61 65 75 58 44 46 74 30 38 70 62 66 38 46 36 57 18 
27 41 26 58 72 80 60 45 51 73 26 34 72 70 71 39 51 33 60 21 
28 46 29 54 68 75 56 45 49 75 27 37 69 70 69 40 49 36 59 16 
26 42 35 60 66 75 55 45 50 73 27 38 71 67 62 39 49 33 56 18 
28 41 29 59 67 81 59 44 48 75 27 34 69 60 71 34 48 31 58 20 
27 46 25 52 69 77 61 43 51 74 27 33 72 65 63 37 47 36 58 21 
27 43 25 60 74 75 56 45 48 75 28 36 72 65 71 38 51 32 57 18 
28 43 25 53 69 79 59 45 49 71 28 37 70 63 66 39 50 32 60 18 
30 42 30 57 73 78 56 45 47 73 28 33 71 63 69 40 51 36 60 23 
26 41 35 54 74 81 57 43 52 74 27 36 71 61 70 33 47 35 56 23 
26 42 34 53 73 78 58 43 46 74 26 33 70 70 66 36 50 30 58 18 
28 43 27 52 64 80 58 45 49 71 26 35 70 63 67 42 50 35 57 22 
30 45 31 58 69 81 56 43 48 73 28 33 72 63 72 34 50 33 57 21 
29 41 27 59 70 75 56 45 49 70 27 34 71 67 64 39 47 33 59 20 
26 45 29 52 65 75 58 44 50 74 26 34 72 67 64 38 45 33 58 19 
29 40 33 53 70 81 59 43 50 73 30 34 70 62 69 32 45 31 59 19 
27 44 30 59 68 81 60 45 49 75 30 34 72 66 71 36 51 30 59 18 
27 43 26 59 65 75 55 44 51 70 26 35 70 68 70 32 50 30 59 22 
29 40 26 55 67 78 60 45 51 74 28 36 72 63 72 34 50 36 56 24 
26 43 33 58 72 80 57 45 47 73 30 33 68 68 71 42 50 32 60 25 
29 45 29 58 71 77 57 45 50 75 28 35 68 65 65 41 46 34 57 25 
26 42 30 51 65 79 60 44 51 72 26 33 70 68 66 35 51 32 58 16 
30 40 35 57 70 75 58 43 47 72 29 34 71 69 62 39 50 34 59 25 
29 41 35 55 74 81 60 43 46 70 27 36 69 70 69 32 48 33 59 20 
30 45 35 59 70 77 61 43 48 75 29 38 72 61 72 36 48 36 56 26 