70 19 80 61 54 41 69 66 32 69 24 80 54 50 27 18 90 88 21 45 
68 22 80 62 52 41 71 65 35 74 23 80 48 50 31 10 91 86 14 48 
69 20 78 61 50 39 69 57 31 73 24 80 50 50 28 14 93 86 19 45 
68 17 78 61 54 39 70 57 37 77 21 78 53 50 30 13 91 85 13 46 
66 18 79 62 50 43 71 61 33 77 25 82 52 50 25 15 90 85 13 44 
68 19 78 60 53 40 71 62 34 69 17 82 52 50 24 12 91 88 12 44 
66 20 78 62 50 43 69 61 35 70 25 82 52 51 27 13 93 84 13 48 
69 18 78 61 50 39 71 63 32 77 25 82 53 50 24 10 93 86 13 46 
68 19 79 60 51 43 71 57 34 73 18 82 48 50 25 15 90 87 15 44 
66 21 79 60 53 41 70 60 31 77 25 78 49 51 25 12 91 88 12 46 
66 19 78 61 52 43 70 60 33 76 20 79 49 50 26 12 91 86 14 48 
70 24 78 62 53 41 70 61 33 77 25 80 49 50 26 17 90 86 21 47 
68 19 79 61 52 43 71 57 32 76 21 82 49 52 28 19 90 84 17 46 
68 22 80 61 50 40 70 60 36 76 18 78 54 51 32 15 93 86 18 45 
68 22 78 62 50 40 69 63 35 76 18 80 50 51 25 18 91 86 17 46 
70 19 80 61 50 42 70 61 32 74 24 82 53 51 25 15 90 87 18 45 
67 20 80 60 53 39 69 61 33 77 18 80 48 51 25 19 89 85 21 47 
66 21 78 62 54 39 69 63 37 74 18 79 49 52 28 11 93 84 17 44 
66 24 80 61 53 39 70 62 33 74 23 82 49 51 24 20 93 85 19 48 
67 21 78 61 51 39 71 61 34 76 18 80 54 52 24 13 92 85 14 44 
69 17 79 62 53 40 69 58 33 75 24 80 49 50 24 19 92 85 13 46 
66 17 78 61 50 40 71 65 32 71 21 79 50 51 32 12 93 84 15 44 
68 17 79 60 51 40 69 64 33 76 25 81 54 51 26 19 92 87 22 45 
67 22 80 60 52 43 69 59 36 73 21 79 53 51 29 18 91 85 20 46 
70 18 78 62 50 39 69 62 33 77 23 79 54 52 24 15 93 85 21 47 
69 17 78 60 53 40 71 57 31 72 25 79 53 51 26 18 90 88 16 48 
69 24 78 61 50 43 69 64 31 69 18 78 50 52 24 18 89 88 22 46 
66 18 78 62 54 41 69 62 35 69 25 78 53 51 32 16 93 86 21 44 
66 22 80 61 52 42 69 63 36 72 19 81 52 50 31 16 91 87 12 48 
68 22 78 60 51 41 69 57 35 74 21 79 48 51 30 16 93 86 17 46 
67 25 80 60 51 41 70 65 32 77 17 78 48 50 29 20 89 85 22 45 
67 23 79 60 51 41 70 63 33 74 24 81 49 50 29 13 93 85 21 45 
68 21 78 60 52 42 71 66 31 74 17 82 49 52 27 15 89 87 18 46 
68 25 78 60 54 40 71 62 35 69 21 79 52 52 31 14 89 85 16 44 
68 17 79 60 50 40 71 63 31 71 24 81 51 50 28 20 92 88 22 48 
66 17 79 62 51 39 70 67 32 74 19 80 54 52 30 10 92 84 15 47 
66 20 80 61 51 42 70 61 33 69 21 81 52 51 24 12 92 85 19 45 
70 18 78 62 51 39 70 58 37 74 25 81 54 50 31 11 91 86 20 45 
69 19 78 61 51 40 70 65 35 69 23 82 54 52 31 10 93 84 20 44 
66 25 78 61 54 39 69 59 33 73 17 78 48 52 31 19 92 84 19 45 
67 25 79 61 52 39 71 59 37 73 20 78 48 52 27 17 91 86 14 44 
68 18 80 62 54 43 70 65 35 75 17 79 54 50 25 10 93 84 22 45 
67 19 80 60 52 39 71 63 32 75 24 78 49 51 26 12 92 85 14 45 
69 20 80 60 52 42 70 61 32 73 21 81 49 52 28 12 92 84 12 47 
69 19 79 61 50 41 70 57 37 73 25 82 48 52 25 18 91 84 20 45 
66 20 79 61 52 40 69 67 36 76 23 78 49 51 29 20 91 84 15 46 
69 20 78 60 52 40 69 58 31 76 17 78 51 50 29 17 92 88 13 44 
67 23 79 62 51 43 69 61 37 74 19 82 51 50 25 20 92 85 15 46 
67 25 78 61 50 42 69 63 36 77 24 78 50 52 29 13 89 86 16 46 
68 23 79 61 51 39 70 61 34 72 25 79 53 50 29 13 92 88 15 48 
68 21 78 60 53 40 71 58 35 74 24 81 49 51 30 14 89 87 19 47 
68 22 79 62 51 41 71 61 32 75 23 81 50 52 24 12 93 86 22 45 
66 19 78 61 54 42 70 59 37 74 25 81 54 51 32 11 92 87 15 46 
66 21 79 60 51 39 71 63 31 69 18 78 50 51 31 13 93 87 14 47 
68 24 78 62 53 39 71 66 36 77 22 82 50 50 29 14 92 85 22 45 
67 25 78 60 52 39 71 60 37 76 23 79 52 51 25 13 91 86 12 48 
67 18 79 61 51 41 70 62 33 74 24 79 52 51 30 10 89 88 17 44 
67 20 78 60 51 40 71 63 32 74 25 78 53 51 32 13 89 84 12 47 
67 17 79 60 52 39 70 66 34 70 20 82 53 52 31 20 93 86 17 48 
69 21 79 60 50 42 70 64 31 70 25 81 51 52 28 10 93 88 16 45 
70 17 80 60 52 39 70 62 35 70 18 80 53 50 25 18 93 87 13 48 
69 20 78 61 51 41 70 65 36 74 22 80 49 50 31 17 93 86 12 46 
69 25 78 60 50 43 69 62 33 72 19 78 54 51 32 20 91 88 13 46 
68 21 78 61 54 40 71 59 32 75 21 79 54 52 31 14 92 84 21 47 
70 18 78 62 52 41 71 57 32 71 23 79 49 50 31 12 90 86 20 45 
66 23 78 62 50 40 70 63 33 72 20 80 50 50 28 12 89 87 19 47 
70 21 79 62 50 41 71 59 34 74 21 78 54 51 29 14 91 86 17 47 
66 20 78 61 51 43 70 61 36 73 21 78 51 52 27 13 91 85 14 48 
69 21 79 61 52 42 70 62 33 74 17 80 48 52 25 11 89 86 21 48 
66 25 78 62 52 39 70 66 37 70 23 78 48 51 24 17 89 85 14 48 
69 18 78 60 52 43 69 66 36 70 17 79 50 52 32 12 93 88 21 46 
66 23 79 60 52 40 69 63 33 71 21 78 51 50 26 12 92 88 22 47 
70 18 80 60 53 43 70 63 33 75 17 80 49 50 25 11 90 87 20 44 
68 17 79 61 52 42 70 62 34 75 20 82 53 52 32 18 90 87 19 47 
67 19 80 62 54 41 70 66 34 69 24 82 50 51 27 17 93 85 21 46 
70 18 80 61 50 42 71 61 32 74 21 82 48 51 32 12 90 87 14 47 
66 24 78 60 50 41 71 65 33 76 22 82 50 50 28 16 91 88 18 48 
67 19 78 61 53 39 69 59 37 72 22 81 52 50 24 17 91 88 20 46 
68 25 80 62 50 42 71 62 32 75 25 78 54 51 32 20 91 85 22 46 
66 25 79 60 54 40 69 67 36 69 18 78 49 51 25 16 92 88 14 44 
66 20 79 60 50 43 70 62 36 76 19 80 53 52 31 15 89 84 13 47 
70 17 80 61 52 40 71 59 34 71 24 79 50 52 30 14 92 84 18 46 
68 18 80 60 51 43 71 57 36 73 24 80 52 52 24 13 90 87 18 46 
68 20 79 62 50 41 70 65 35 75 20 82 51 52 32 10 93 84 22 44 
68 22 78 62 52 42 69 61 32 75 19 78 51 52 31 10 91 85 22 46 
70 22 80 62 53 42 69 61 37 69 21 80 48 50 24 20 93 84 16 48 
70 25 79 61 50 42 71 63 34 71 18 79 48 52 32 11 92 86 16 46 
69 25 80 62 51 43 69 65 37 71 17 79 52 51 32 18 92 86 13 45 
66 19 79 62 53 41 71 57 33 72 23 81 52 51 29 12 89 86 22 44 
67 21 79 60 51 41 71 61 32 76 17 82 51 51 28 19 93 88 20 44 
66 24 79 61 52 40 70 61 35 69 24 79 51 51 26 20 91 84 12 47 
70 23 80 61 52 39 71 63 37 77 22 82 53 52 31 18 91 86 12 45 
67 19 79 60 54 42 71 64 36 73 20 81 48 50 28 18 90 85 16 48 
68 18 78 62 53 39 71 65 34 76 23 82 53 50 28 14 92 84 22 45 
69 19 79 61 53 39 71 57 35 75 18 81 49 52 31 13 93 88 19 47 
69 17 79 61 54 40 70 62 31 72 25 80 48 50 25 14 90 86 21 45 
67 19 80 62 51 39 69 57 32 71 19 79 49 50 24 14 93 88 19 45 
69 22 79 60 53 41 69 61 33 77 18 82 53 51 32 13 93 84 15 47 
66 22 79 60 51 40 71 60 31 76 24 82 53 50 25 10 89 84 13 47 
66 19 78 62 52 39 71 61 37 72 25 79 49 50 29 12 91 87 12 44 