29 85 51 70 35 82 82 87 16 71 16 46 24 33 65 79 57 62 55 84 
28 84 49 69 30 85 88 87 14 68 13 46 25 34 66 77 58 63 55 81 
32 85 47 65 28 81 81 82 16 74 16 47 31 36 66 74 59 63 53 79 
30 83 49 66 34 85 81 87 15 72 13 46 25 31 68 79 58 62 53 76 
31 81 52 64 32 82 82 88 17 68 15 46 30 33 67 81 60 64 57 76 
31 81 51 66 28 83 85 86 16 68 14 48 29 33 65 78 57 63 54 84 
28 78 49 70 32 83 88 88 14 75 15 46 23 35 68 77 56 62 54 83 
31 84 52 69 30 84 88 87 16 77 14 46 27 30 71 74 58 62 54 77 
31 82 52 66 32 84 84 81 13 72 15 47 24 30 65 80 58 62 55 81 
32 82 52 70 32 83 88 87 12 70 15 47 25 30 68 78 56 63 53 79 
32 84 51 68 32 82 84 81 12 70 16 48 25 35 65 77 56 64 53 81 
29 78 50 66 28 85 81 85 16 69 13 46 30 30 71 78 59 63 56 83 
31 83 52 67 29 83 83 81 17 77 15 46 26 36 65 78 59 62 57 79 
32 86 47 68 29 82 86 82 11 73 15 47 27 36 70 78 59 64 55 84 
28 82 53 66 33 85 87 86 14 69 16 47 29 31 67 80 59 62 55 79 
28 85 49 69 28 83 88 87 14 78 12 47 26 35 70 75 57 64 55 79 
28 80 49 68 32 83 84 81 13 69 12 46 24 31 69 75 59 64 56 75 
30 82 49 70 26 84 81 85 12 70 12 48 26 33 67 76 57 63 56 79 
30 86 52 69 31 85 87 80 12 72 14 48 30 30 66 76 60 62 53 78 
29 86 47 68 30 84 84 84 13 75 16 46 27 35 71 81 59 63 53 77 
32 79 49 65 29 85 88 81 15 70 15 46 27 35 69 75 57 64 54 80 
29 82 51 64 35 83 87 83 17 70 14 48 28 32 67 73 59 64 53 75 
31 79 51 64 26 84 86 87 16 70 16 46 26 33 67 81 57 63 53 79 
30 85 49 66 27 83 87 86 11 71 15 48 25 30 67 78 60 63 56 76 
32 85 48 68 34 84 85 84 16 73 13 48 31 30 68 74 60 64 54 84 
29 79 51 70 35 85 87 81 12 72 13 46 31 33 69 81 58 63 55 77 
28 78 49 66 27 84 89 80 17 73 15 47 30 30 67 80 56 62 55 76 
32 85 53 69 29 82 85 83 13 75 13 47 31 31 66 73 59 63 53 79 
28 82 47 64 33 81 87 85 12 69 12 46 25 31 70 80 59 64 56 81 
32 81 48 67 28 85 86 88 11 72 16 47 23 34 66 74 59 63 53 83 
28 82 49 69 34 84 87 84 15 73 12 48 30 31 67 73 60 64 56 81 
30 78 48 65 28 85 83 81 13 73 14 48 27 34 71 73 57 62 55 78 
28 86 48 65 34 85 82 84 14 77 13 47 29 36 71 79 57 64 57 77 
30 83 52 70 33 85 89 88 17 73 14 48 28 36 66 78 56 62 56 76 
31 81 53 70 35 81 82 86 11 73 16 48 25 31 66 76 60 62 54 76 
30 78 50 65 33 81 85 80 12 74 16 47 23 34 68 80 58 64 56 74 
29 80 48 68 28 85 83 82 13 72 16 47 27 33 66 74 57 62 55 74 
28 80 49 66 33 85 87 84 12 71 16 46 31 34 69 80 58 64 57 78 
29 85 51 64 26 81 84 87 14 76 16 46 26 33 70 79 56 64 53 82 
31 81 51 64 35 84 81 85 13 78 13 47 28 30 68 80 57 64 53 79 
29 86 48 68 25 84 83 82 12 68 14 48 30 33 65 77 56 62 53 81 
30 80 48 65 34 82 84 86 12 68 14 47 28 34 65 78 58 63 53 82 
32 86 50 67 34 85 89 84 17 68 12 46 31 33 71 75 57 62 56 80 
30 82 49 64 31 82 84 83 15 77 16 47 26 33 67 75 59 64 55 83 
31 81 47 68 29 85 89 81 15 74 16 47 23 34 71 76 59 62 56 77 
31 82 53 66 29 84 86 85 12 74 13 48 27 30 66 73 57 62 54 81 
31 84 53 66 35 82 83 80 12 76 15 47 28 36 69 74 58 62 57 78 
32 80 48 68 34 85 86 82 12 71 15 47 28 34 68 81 58 64 54 82 
29 78 47 70 27 85 89 85 12 76 15 48 31 31 65 78 58 63 55 79 
30 80 50 69 28 81 89 81 16 70 14 47 27 33 66 80 56 64 54 76 
29 82 50 64 33 84 89 82 14 72 15 46 31 30 66 75 56 62 53 74 
31 78 50 64 31 82 87 82 11 78 12 47 24 34 70 75 56 63 56 77 
31 83 49 69 26 83 88 88 16 75 12 47 24 33 68 80 56 64 56 78 
31 86 52 69 28 84 89 81 16 70 13 48 28 32 69 78 60 64 53 83 
29 85 49 64 35 85 87 82 13 78 15 46 25 32 71 78 58 63 57 81 
29 82 49 69 28 85 86 88 15 73 15 47 27 35 70 73 59 63 56 75 
31 85 53 67 30 85 83 82 14 73 14 46 29 35 69 81 56 63 54 75 
30 86 52 68 32 85 87 80 15 72 13 48 28 31 69 78 57 62 53 75 
32 78 51 68 26 82 89 85 11 71 15 46 28 32 68 81 57 64 57 78 
30 81 47 68 31 83 81 88 15 76 15 46 24 33 71 81 60 64 56 77 
32 82 52 70 25 85 87 86 14 75 15 46 31 35 69 73 59 63 56 80 
32 85 49 66 26 82 81 83 17 77 16 47 28 32 65 79 57 62 57 81 
29 78 48 64 28 85 81 86 11 71 16 46 24 30 70 76 58 63 53 76 
31 85 51 69 32 82 86 86 15 77 13 47 30 36 69 73 58 62 55 79 
32 81 51 67 33 81 85 85 17 75 12 46 26 32 68 75 60 62 56 76 
32 82 47 66 32 84 84 88 12 70 13 47 29 35 65 79 60 64 55 80 
30 84 50 68 28 82 88 87 14 71 13 46 25 32 69 78 59 64 54 76 
29 80 49 69 27 84 87 82 12 77 16 46 25 30 70 77 56 62 55 78 
32 80 50 65 33 82 85 82 16 73 15 46 31 36 65 74 57 64 57 77 
31 81 53 68 27 82 85 86 15 70 12 48 23 32 67 78 56 64 54 84 
29 79 48 66 35 83 82 88 11 71 15 47 30 34 66 78 59 63 56 74 
30 83 50 68 31 83 83 85 11 76 16 47 29 33 67 73 57 64 57 82 
28 82 47 68 30 82 89 86 15 69 12 48 29 32 70 78 57 62 57 83 
28 82 53 65 28 85 86 82 14 75 15 46 28 33 68 80 57 62 57 77 
32 82 52 69 35 82 83 88 11 69 15 48 25 36 66 73 58 62 53 77 
28 79 50 70 25 83 89 84 12 74 12 48 28 30 68 81 58 63 53 75 
32 82 50 68 31 82 88 86 16 70 12 47 31 33 65 77 56 62 54 75 
28 83 51 70 35 85 88 85 13 68 15 47 23 32 68 78 58 64 56 75 
32 82 51 64 26 82 86 80 16 77 14 46 23 33 70 74 58 62 57 81 
31 84 53 67 32 84 86 83 12 72 12 48 25 30 68 73 56 64 57 80 
32 86 47 70 33 83 81 86 15 68 13 48 29 32 67 77 59 63 56 74 
29 84 53 70 35 82 84 86 15 75 12 46 29 32 68 74 57 64 57 80 
30 86 49 66 26 81 83 81 11 75 13 47 31 31 70 81 59 64 54 84 
32 83 49 69 29 82 89 85 11 77 12 47 25 33 67 75 59 63 53 79 
32 79 51 65 25 84 82 85 14 76 13 47 25 35 70 81 58 64 56 78 
31 84 52 66 30 84 87 87 15 72 16 48 27 34 70 77 60 62 54 80 
30 80 52 65 29 84 83 82 15 72 13 46 29 30 67 75 58 62 55 79 
30 78 52 64 27 81 89 81 14 68 15 46 26 32 65 76 59 63 57 76 
30 82 52 69 33 85 85 81 13 75 13 46 27 34 71 79 60 63 54 82 
31 79 49 64 28 81 88 82 16 68 12 47 24 34 69 75 59 62 57 83 
29 83 50 68 31 84 84 85 14 75 15 46 26 30 71 80 59 64 54 76 
29 85 47 67 29 82 87 83 12 68 13 47 28 36 70 73 60 64 55 79 
29 79 52 68 31 82 83 86 16 77 15 48 30 32 67 77 60 63 53 76 
28 80 53 64 25 85 81 86 12 68 12 46 27 30 66 79 60 62 57 84 
29 85 47 66 33 83 89 82 11 78 13 46 24 34 70 78 60 62 54 78 
30 80 52 65 28 82 84 82 14 78 14 47 31 30 65 73 57 63 55 84 
29 79 47 67 30 84 82 84 15 68 14 46 30 33 70 77 60 62 57 79 
30 78 48 68 25 85 87 84 14 73 15 46 29 36 71 81 60 63 57 79 
31 86 53 64 32 85 86 84 12 75 13 46 25 30 70 81 59 64 55 74 
29 85 49 65 28 85 81 84 14 68 12 48 26 31 65 74 58 62 57 74 