c A permuted SAT Competition 2007 formula with seed=1499089855
p cnf 311 2200
-241 123 -15 -302 0
263 -277 -108 -19 0
89 -164 86 -13 0
-243 -137 182 -283 0
103 -129 109 -106 0
250 41 -300 40 0
249 213 50 -216 186 26 0
-292 -99 -203 -76 0
306 63 38 77 -83 -176 0
85 -294 -310 -146 0
196 -56 276 -67 0
-117 -93 -258 -51 0
-202 -227 -287 -303 0
113 234 -99 153 0
-237 -275 20 204 0
-220 200 -70 -149 0
-12 -191 -218 2 0
53 -107 222 122 0
23 -141 254 293 247 0
135 219 80 97 -59 0
157 -165 -264 62 0
-121 198 -7 285 0
198 187 -7 -11 0
264 165 -107 124 -222 0
274 -18 181 87 0
114 -110 125 -134 0
-11 -212 10 -6 0
179 265 34 185 239 0
-296 39 -9 -184 43 0
-310 -98 -115 -84 0
-122 194 79 175 0
237 -20 133 81 206 0
-195 96 -259 163 8 0
311 -214 210 288 282 0
55 -57 89 -157 0
306 230 -290 -30 83 0
-176 10 -132 77 0
31 -162 120 -245 248 0
-16 -229 260 271 -61 0
-305 138 5 -135 0
-181 -262 -231 -274 0
55 -157 -89 57 0
-108 -180 -156 143 0
-195 -197 -124 -8 0
-188 215 220 -70 0
82 104 -216 -213 0
35 -259 296 43 0
309 -60 144 -71 -286 0
19 277 -108 263 0
149 17 36 166 0
147 13 -236 -22 0
54 -68 -183 -45 -37 0
41 101 -250 285 0
-203 292 -99 76 0
57 -55 121 -102 0
-79 -175 194 -122 0
80 84 115 59 -143 0
-76 229 134 292 -110 0
180 -156 82 112 0
-93 51 -117 258 0
215 -208 -118 266 0
-173 -168 159 280 0
-174 109 -131 -129 -145 0
219 -97 -302 106 0
-304 69 -309 286 -127 0
-2 -218 12 191 0
-146 65 -190 -154 0
-17 -166 -94 -111 0
284 -43 -296 298 0
-110 -114 134 -125 0
300 41 -40 250 0
159 -173 -168 -280 0
294 56 225 -85 281 0
-166 36 149 17 0
66 -1 -2 -191 0
150 119 173 -238 -261 0
-254 23 -230 259 0
-173 160 -12 75 0
-115 59 143 -80 -84 0
-135 -212 297 6 0
-5 305 147 -193 22 0
46 272 -92 93 0
-157 -264 -62 165 0
-36 -217 -178 95 0
248 -140 74 -148 120 0
263 -277 108 19 0
-66 -191 2 -1 0
-23 254 -230 259 0
-18 -119 -261 -247 0
-270 -48 -14 258 0
145 -131 -129 -174 -109 0
-56 141 -193 -293 0
-116 -25 -71 49 0
-271 -132 -28 260 0
94 -111 -166 17 0
310 -115 84 98 0
-271 -1 -260 -81 0
-47 -206 158 -170 133 0
-115 -84 45 -37 -125 0
-14 270 -48 -258 0
-47 158 -164 -25 -86 0
27 -121 262 -169 0
-307 -139 18 142 0
118 -218 208 -103 0
75 -160 -256 275 0
-283 -168 -130 3 280 0
-149 148 -88 -90 0
98 117 91 51 0
-221 136 -66 -308 0
-173 261 -119 -150 238 0
-153 99 113 234 0
-225 -281 -94 -10 0
216 -213 26 -186 -249 -50 0
289 -26 -82 249 0
230 290 -30 -83 306 0
-177 -167 -251 204 0
-71 -243 -137 235 0
-208 118 -103 -218 0
5 -22 -193 -147 305 0
72 -262 70 -220 273 0
-293 -254 -23 -247 141 0
60 -201 223 -144 -211 0
173 -159 168 280 0
285 -91 -295 -228 0
64 -52 21 -202 0
27 264 -165 284 169 0
-91 189 114 -269 0
-72 280 -273 35 -168 0
299 -267 34 -179 0
226 74 217 140 0
213 216 26 -186 249 50 0
269 -91 -189 114 0
297 -11 -232 207 0
-310 -98 -115 84 0
-253 -78 -266 4 0
-181 -274 199 291 0
193 -22 147 -5 -305 0
-6 -212 42 24 -138 0
-100 -230 180 151 -156 0
282 -288 -214 311 -210 0
287 -131 174 300 -303 0
23 247 141 -293 254 0
-43 -9 -296 184 39 0
-288 29 236 161 0
-260 1 -271 81 0
231 105 -54 -155 0
-53 19 -73 277 0
-112 -225 281 283 0
-142 -307 73 -278 0
-53 -208 -118 -153 234 0
70 262 273 72 220 0
53 -118 208 -153 -234 0
208 103 118 218 0
58 214 -210 -100 -151 0
53 -234 208 153 118 0
205 227 -268 79 0
-4 21 138 64 0
-78 272 -154 -46 -253 0
-3 142 307 130 -185 0
129 174 131 -145 -109 0
49 263 116 209 0
253 -272 -78 154 -46 0
161 -236 288 29 0
65 154 -146 190 0
277 -19 -53 -73 0
-271 -229 16 -61 -260 0
-176 -306 -83 -77 -63 -38 0
306 77 -38 -176 -83 63 0
-200 228 -295 -62 0
113 -207 -232 202 0
-50 58 -186 -231 0
-164 13 86 -89 0
-228 62 295 200 0
141 56 293 193 0
206 25 240 -133 0
-215 208 266 118 0
-43 -184 296 -39 9 0
161 291 29 -289 0
-253 4 -266 78 0
-161 29 -213 -58 216 0
-144 -286 309 -60 71 0
47 -170 133 -158 -206 0
-5 -305 132 -275 0
-148 -120 -140 -74 -248 0
-167 -279 233 159 0
-37 -125 -84 -45 115 0
-13 -108 -42 24 0
240 88 -81 -90 0
73 -207 -232 111 0
237 -284 20 167 0
-113 -253 -63 -38 78 0
158 -47 -170 -133 206 0
195 252 -8 -244 0
-184 -99 46 272 0
117 -51 238 -170 150 0
-37 245 -103 -45 31 0
-172 96 -298 -163 0
209 205 -268 -200 0
250 41 101 -285 0
-145 -2 191 49 116 0
-170 -238 -51 117 -150 0
92 -93 -46 272 0
-292 203 76 99 0
164 -86 252 152 0
130 142 3 -307 -185 0
-126 184 38 -63 0
-230 23 254 259 0
279 -167 233 -159 0
7 246 -198 -276 0
275 237 -204 20 0
-285 198 7 -121 0
-61 172 66 -16 0
-57 55 -235 162 0
151 -100 156 180 -230 0
133 -237 -206 -20 81 0
-74 -140 120 248 -148 0
-13 -22 -236 -147 0
-131 303 287 174 -300 0
-273 220 -72 -262 70 0
-191 -49 2 116 -145 0
144 -162 -60 209 0
-199 279 -233 122 0
282 258 188 -311 0
35 137 68 243 183 0
117 -51 98 91 0
-59 -115 84 -143 -80 0
84 115 45 -37 125 0
167 -279 -159 233 0
-85 -225 -294 281 56 0
-176 -306 63 -83 -77 -38 0
-144 60 223 211 -201 0
210 151 100 -214 -58 0
-39 -296 9 184 43 0
-11 -207 -232 297 0
196 56 276 67 0
180 151 100 156 230 0
169 -27 -288 -28 0
191 2 -12 218 0
-130 3 -283 -168 -280 0
118 153 -53 234 208 0
-64 4 -21 -138 0
-48 12 270 -92 0
297 95 67 178 -196 0
213 -50 216 26 -186 -249 0
156 -151 230 100 -180 0
-117 -170 -51 -238 150 0
-139 242 -265 239 0
301 -251 -32 177 0
125 189 -124 269 0
-229 -254 -236 -23 0
-303 -131 287 -174 -300 0
-106 219 -97 302 0
-284 -296 -298 -43 0
-287 110 -134 -171 -303 0
5 -132 305 275 0
244 160 257 75 0
303 -174 300 -131 -287 0
108 24 42 -13 0
-177 251 -204 167 0
-104 82 216 213 0
101 -257 -72 273 0
253 113 38 -78 63 0
81 88 -240 -90 0
-102 182 -166 17 0
-227 -205 79 268 0
193 88 -90 69 127 0
176 -10 77 -132 0
-101 273 -72 257 0
73 277 53 19 0
230 -83 -290 306 30 0
-104 82 -216 213 0
302 -123 241 15 0
157 298 175 194 0
-14 147 104 -22 0
-61 -16 -66 -172 0
-80 -135 59 -219 97 0
-61 229 -16 -260 -271 0
114 -125 -134 110 0
44 -128 -246 -218 0
-191 49 2 145 116 0
156 180 -151 -100 -230 0
32 190 65 226 0
-248 192 120 182 0
125 189 124 -269 0
-3 -130 -185 -307 -142 0
14 258 48 270 0
91 285 228 295 0
147 22 193 -305 -5 0
-185 265 -179 -34 -239 0
206 240 -25 133 0
-204 20 275 -237 0
3 280 130 168 283 0
117 -93 -258 -51 0
267 221 -304 308 0
-300 295 -89 228 0
18 -119 -247 261 0
-4 -266 -78 253 0
-144 223 211 -201 -60 0
-206 -170 -158 47 -133 0
195 -259 163 -96 -8 0
-102 182 17 166 0
204 -299 24 42 0
-87 18 -181 274 0
254 229 -236 23 0
-259 -195 96 -8 -163 0
-185 -196 67 -155 105 0
-281 -94 225 -10 0
-21 138 4 64 0
44 -257 128 188 0
182 -17 -166 102 0
-38 63 176 -77 -306 -83 0
-207 -73 -111 -232 0
23 254 293 141 247 0
202 -207 232 113 0
236 254 -229 -23 0
-64 21 138 -4 0
232 11 207 297 0
-81 -206 237 -20 133 0
-50 -249 213 -216 186 -26 0
-5 -147 305 193 -22 0
85 302 -33 294 0
-295 285 91 228 0
-268 205 240 299 0
-145 -49 -2 -191 -116 0
-158 -164 -47 -25 -86 0
34 -265 -185 179 239 0
-42 24 -299 -204 0
-77 -63 38 83 -306 -176 0
-176 -83 77 306 -38 -63 0
128 -246 -44 218 0
-97 302 -219 -106 0
155 -196 67 -185 -105 0
53 73 -19 277 0
-116 -145 -49 2 191 0
310 -85 294 -146 0
217 -186 214 50 -210 0
245 162 120 248 31 0
-129 -109 170 -304 0
-4 -34 -179 -1 0
157 -175 -194 298 0
50 -58 -231 -186 0
108 -42 -24 -13 0
234 -153 -208 53 118 0
68 -45 -54 -183 -37 0
143 292 -187 76 0
-234 113 -153 99 0
-237 275 -204 -20 0
-216 186 -213 26 -249 50 0
-251 177 197 -235 0
-154 -26 249 -87 0
186 217 214 -210 50 0
208 118 215 -266 0
81 240 -88 90 0
96 259 -163 8 195 0
92 46 -272 93 0
-31 301 -245 126 0
271 -61 229 260 16 0
-47 158 164 -86 25 0
-99 -184 -46 272 0
288 -282 -210 214 311 0
-227 -303 202 287 0
271 28 132 -260 0
-94 80 -59 -289 0
101 39 9 242 0
143 80 -115 84 -59 0
306 -83 -230 30 290 0
-129 -174 109 131 145 0
119 -150 261 -173 238 0
54 -231 105 -155 0
-13 147 236 -22 0
-278 238 215 -150 0
-238 -117 170 51 150 0
196 -67 105 -185 -155 0
-5 -22 -147 -305 -193 0
-211 -203 223 224 0
-78 253 272 154 -46 0
97 -290 30 -139 219 0
-169 284 165 264 27 0
214 -210 58 151 -100 0
134 287 -110 -171 -303 0
-93 46 92 272 0
-260 -61 271 229 -16 0
297 -212 -6 135 0
-186 -26 213 216 249 50 0
-60 -286 144 -309 -71 0
9 296 -39 -184 43 0
-63 78 113 253 38 0
-90 81 -88 -240 0
248 182 120 192 0
-193 -69 -127 90 -88 0
35 -72 -273 280 168 0
124 165 264 -222 107 0
163 226 96 -246 0
206 -170 -133 47 -158 0
-154 46 -253 -78 272 0
223 144 201 -211 -60 0
-192 194 175 265 239 0
-65 190 32 226 0
293 -141 263 52 0
-56 225 -281 294 85 0
-36 9 -111 -39 0
170 -304 129 -109 0
39 -111 9 -36 0
126 184 63 38 0
-229 236 23 254 0
-68 -33 136 -183 0
219 97 -139 -30 290 0
-255 267 176 77 0
-122 -233 -279 199 0
-132 275 -305 5 0
-70 -262 273 -220 -72 0
-32 -301 -177 251 0
-60 -144 -162 -209 0
67 196 95 -297 178 0
-7 -198 -285 -121 0
-252 244 195 -8 0
-19 108 -263 -277 0
-264 -62 -165 -157 0
23 236 -229 -254 0
-174 300 303 287 -131 0
20 237 284 -167 0
-117 -91 98 51 0
145 279 233 114 0
118 53 153 -208 -234 0
-74 248 -120 -140 148 0
-154 146 -65 190 0
-38 -306 176 63 -83 77 0
46 -272 -253 154 -78 0
37 -115 45 -84 -125 0
-64 -52 -21 -202 0
99 153 -234 113 0
158 -47 -164 25 86 0
-285 -41 101 250 0
137 -243 68 -35 -183 0
115 -80 143 -59 84 0
-264 169 284 27 -165 0
103 -31 245 45 37 0
67 276 -196 -56 0
8 195 -124 197 0
-211 224 -203 -223 0
248 148 140 74 -120 0
-31 -245 -162 120 248 0
-17 -166 -36 149 0
-67 297 -196 -95 178 0
-151 -210 -58 100 -214 0
-31 103 45 37 -245 0
254 -23 -141 247 293 0
-36 95 178 217 0
273 -72 -35 280 168 0
-219 97 139 290 -30 0
-297 67 196 178 -95 0
-109 -170 -129 304 0
310 -256 19 -277 0
179 239 -34 265 -185 0
-299 -24 204 42 0
-305 -5 135 -138 0
-241 155 105 197 0
263 -49 209 -116 0
202 -52 64 -21 0
37 84 -115 -125 45 0
-230 -100 151 -180 -156 0
-279 122 -233 -199 0
-199 -140 -152 74 0
129 -106 -103 -109 0
170 -117 150 238 51 0
90 -88 69 -127 193 0
-49 -263 -116 -209 0
-60 -209 162 144 0
269 -192 189 -171 0
-273 -72 -220 262 -70 0
-8 195 163 -259 96 0
9 111 -39 36 0
-95 -196 -178 -67 297 0
243 137 -283 -182 0
186 216 -26 -50 213 -249 0
-189 -269 -192 171 0
-200 -205 -268 209 0
30 -266 290 256 0
-242 112 309 -286 0
53 -234 208 118 -153 0
-263 277 108 -19 0
-121 -27 169 262 0
169 27 -28 288 0
-153 -234 -99 -113 0
45 -84 -125 -37 115 0
-215 220 -188 70 0
-17 182 -102 166 0
-103 -31 -45 37 -245 0
-274 291 -199 181 0
189 91 -269 -114 0
165 -124 222 264 107 0
-210 -100 -214 -58 151 0
181 18 -87 -274 0
123 126 15 -255 0
-279 -233 167 159 0
-189 192 -171 -269 0
-199 140 152 -74 0
83 247 306 201 0
-298 157 194 -175 0
100 79 54 -151 0
47 25 -164 158 -86 0
-113 202 232 207 0
159 -173 280 168 0
257 -188 -44 -128 0
-108 277 263 -19 0
-183 68 -37 45 -54 0
25 -206 240 -133 0
162 31 245 -248 120 0
251 177 -197 -235 0
268 205 -200 209 0
3 -130 -136 -14 0
-292 76 -143 187 0
91 -228 285 295 0
290 139 219 30 97 0
221 -276 33 308 0
-230 151 -180 100 156 0
72 -273 168 -280 35 0
62 -69 -148 -127 0
7 -246 198 276 0
311 -288 -282 -210 -214 0
278 -238 215 -150 0
-161 289 291 -29 0
-160 12 75 -173 0
139 -18 307 142 0
150 173 238 261 119 0
265 239 242 139 0
-262 121 -169 -27 0
-253 -272 -46 -78 -154 0
-222 -107 53 122 0
174 28 -131 -93 0
-135 -5 -305 138 0
119 -150 238 -173 -261 0
-230 -156 100 180 -151 0
-27 169 121 -262 0
-187 -292 143 76 0
-104 159 15 123 0
235 243 137 71 0
86 25 -158 -164 47 0
-275 -20 -204 237 0
252 47 -92 -158 0
-45 -183 -68 37 -54 0
-47 92 -252 -158 0
-118 53 208 -234 153 0
22 236 -13 147 0
-239 -265 -194 -192 -175 0
-123 -104 -159 15 0
-281 -283 -225 -112 0
264 -165 -124 -107 222 0
-239 242 139 265 0
-110 125 134 114 0
-261 119 52 152 0
-3 -14 130 136 0
-213 249 216 50 26 186 0
-210 -58 100 151 214 0
70 200 -220 -149 0
281 -10 -94 225 0
-186 50 214 210 217 0
-76 143 187 292 0
-259 -96 195 -163 -8 0
261 -18 119 247 0
-227 -205 -79 -268 0
203 223 -224 -211 0
-59 84 115 -143 80 0
-160 -75 275 -256 0
129 170 109 -304 0
-213 216 249 50 186 -26 0
-58 -50 186 -231 0
60 162 209 -144 0
211 -60 -223 -144 201 0
-63 -176 38 77 -83 -306 0
130 -168 -280 283 3 0
-278 142 307 73 0
-169 -27 -121 262 0
-280 168 -173 -159 0
96 163 298 -172 0
86 164 -252 -152 0
310 277 -19 256 0
-136 -221 66 -308 0
-167 251 204 177 0
-40 311 -241 -282 0
-310 -256 -19 -277 0
-247 -141 23 -293 -254 0
133 206 170 -47 158 0
153 -113 -99 -234 0
169 288 -27 28 0
-247 254 -293 23 -141 0
19 -277 -53 73 0
252 86 152 -164 0
187 -7 11 -198 0
-101 -285 41 -250 0
-297 -178 95 -196 -67 0
47 25 86 164 -158 0
142 -307 -130 -3 -185 0
-137 243 183 68 -35 0
257 -75 160 -244 0
145 114 -279 -233 0
-203 -76 99 292 0
192 -175 -265 -194 239 0
-210 214 -217 -50 -186 0
136 221 308 -66 0
-104 -123 -159 -15 0
129 106 109 103 0
288 -29 236 -161 0
-106 -219 97 302 0
-205 268 -209 -200 0
99 -46 184 272 0
-273 72 168 280 -35 0
306 247 -83 201 0
-73 -278 -142 307 0
-238 -150 117 -170 51 0
-281 225 283 112 0
-95 178 172 244 0
-190 32 65 -226 0
55 57 157 89 0
258 -188 -282 -311 0
-72 -220 70 -273 262 0
128 106 -44 -255 0
-42 -108 13 -24 0
236 22 -147 -13 0
38 -77 -306 63 -176 -83 0
-114 -189 -269 91 0
38 -63 -176 -77 -83 306 0
-71 -25 -116 -49 0
-159 -15 -104 123 0
-131 129 -109 174 -145 0
-240 -25 133 -206 0
-246 -226 -163 96 0
232 111 73 -207 0
92 -47 158 -252 0
-30 290 -266 -256 0
-104 -22 -147 -14 0
-286 -127 -304 69 309 0
-23 -247 254 -293 -141 0
116 71 -25 -49 0
85 -281 -56 -225 -294 0
133 206 25 -240 0
-195 -8 124 197 0
-106 -128 -255 44 0
177 -167 -204 -251 0
257 -244 -160 75 0
-281 225 -294 85 -56 0
-212 -297 -135 -6 0
123 104 -159 15 0
-85 146 -310 294 0
-138 212 24 42 -6 0
130 280 -3 283 -168 0
-25 47 158 164 -86 0
17 -94 111 -166 0
166 -111 94 -17 0
140 74 199 152 0
94 -166 111 -17 0
-238 -119 173 -150 261 0
-183 45 37 68 -54 0
-227 268 -79 205 0
245 -31 120 -162 248 0
117 -93 51 -258 0
299 -204 -24 -42 0
-131 93 -174 28 0
-121 -262 27 169 0
303 -174 131 -300 287 0
142 3 -185 130 307 0
183 68 -45 -37 -54 0
-208 234 53 153 -118 0
178 -196 -67 297 95 0
305 135 -5 138 0
216 29 58 213 161 0
16 -229 271 -260 61 0
-174 109 131 -145 129 0
231 -50 -186 -58 0
-35 43 -259 -296 0
-50 26 213 -249 -216 -186 0
-174 131 93 -28 0
128 -44 -218 246 0
-224 203 -211 -223 0
-264 -165 -27 -284 -169 0
-210 -50 -214 186 -217 0
-164 -89 -13 -86 0
-65 32 226 -190 0
-249 186 -216 213 -26 50 0
68 -183 -33 -136 0
229 16 61 271 260 0
90 88 -69 193 -127 0
-251 -197 -177 -235 0
64 4 -138 21 0
31 -103 -245 -45 37 0
-74 217 -226 140 0
-185 -67 -196 105 -155 0
-74 140 248 120 148 0
261 119 152 52 0
151 79 100 -54 0
230 -306 30 -83 290 0
-303 287 174 300 131 0
256 266 30 -290 0
-269 -189 114 -91 0
-265 175 -194 192 239 0
38 -184 -126 63 0
13 147 -236 22 0
-125 -189 -124 -269 0
126 255 15 -123 0
-126 -31 -301 -245 0
45 103 -37 -31 245 0
-77 -267 -176 255 0
309 112 242 286 0
115 -84 59 143 -80 0
206 47 170 -133 158 0
63 -113 38 78 253 0
103 -45 245 -37 -31 0
-2 191 -66 1 0
-253 -78 -4 266 0
266 290 30 -256 0
137 243 182 283 0
-69 -90 88 193 127 0
304 -308 267 221 0
-205 -209 200 -268 0
31 37 -103 245 45 0
-249 -154 -87 -26 0
-309 -286 71 144 60 0
-215 -208 118 266 0
247 293 -254 -141 23 0
176 -77 83 -63 306 38 0
185 239 -34 -265 179 0
-171 41 -250 102 0
-20 237 -167 -284 0
-254 -259 23 230 0
-6 138 -42 24 212 0
303 174 131 -300 -287 0
311 258 -282 188 0
-248 -120 245 -162 -31 0
269 -114 -189 91 0
-217 186 50 -214 -210 0
-305 -138 135 5 0
266 -78 4 253 0
207 -11 232 -297 0
-160 -75 -244 257 0
259 230 -254 -23 0
-69 286 304 127 -309 0
223 87 -211 -224 0
167 177 251 -204 0
282 311 -40 -241 0
61 -271 -16 -260 -229 0
-145 129 174 -131 109 0
-310 -256 -19 277 0
-137 -35 68 243 -183 0
-219 97 -302 106 0
221 -136 -66 -308 0
-222 264 -124 -165 107 0
-273 72 -257 101 0
-178 -297 95 196 -67 0
-297 -232 207 11 0
86 -164 -152 -252 0
81 206 -133 237 20 0
183 68 -243 -35 -137 0
40 -153 -224 234 0
80 -59 289 94 0
-107 -222 -301 -203 0
-192 -194 175 239 265 0
-195 -244 -252 -8 0
-228 295 -300 -89 0
187 11 -198 7 0
-248 -192 -182 -120 0
132 -271 -260 28 0
289 -249 -26 -82 0
64 -21 52 -202 0
170 51 -238 -150 -117 0
-33 -294 302 85 0
158 -170 206 133 47 0
-70 220 -149 200 0
-186 -26 -249 213 -216 50 0
35 -259 -43 -296 0
218 12 2 -191 0
188 -70 220 -215 0
-282 214 210 -288 -311 0
-110 -287 134 -303 171 0
246 -198 -7 -276 0
-183 68 137 243 35 0
44 -255 128 -106 0
265 34 -179 -185 -239 0
-75 173 -12 -160 0
-66 1 191 2 0
-185 67 -155 -105 -196 0
-180 108 156 143 0
-26 -216 -50 186 213 249 0
-125 -110 -114 -134 0
205 268 -299 -240 0
196 297 -67 178 95 0
-151 210 -100 214 58 0
-80 135 219 -59 -97 0
-259 8 -96 195 163 0
206 47 170 -158 133 0
304 286 69 309 -127 0
-114 -91 269 189 0
164 -152 -252 -86 0
-212 -6 11 -10 0
-104 22 14 -147 0
-163 8 195 -259 -96 0
244 178 172 95 0
-190 146 154 65 0
50 26 216 186 213 249 0
294 85 146 310 0
279 159 167 233 0
33 85 -302 -294 0
-87 18 181 274 0
-289 -249 -82 26 0
-215 -278 -238 150 0
46 -272 -184 99 0
288 210 214 -282 311 0
-47 -158 -170 133 -206 0
134 125 114 110 0
47 -158 92 -252 0
263 49 -116 209 0
181 -199 291 274 0
76 292 -110 134 -229 0
-243 71 -235 -137 0
198 -11 -187 7 0
301 177 32 251 0
-258 48 -14 -270 0
-307 -142 278 -73 0
308 66 221 -136 0
26 82 -249 289 0
32 -251 -177 301 0
166 -94 111 -17 0
154 -65 -146 190 0
-278 -32 -270 48 0
124 -107 165 222 264 0
185 -105 67 155 196 0
-13 -24 108 42 0
211 -223 201 60 -144 0
-179 239 265 -34 -185 0
-104 147 22 14 0
-74 217 226 -140 0
-196 276 -67 -56 0
115 -84 -98 -310 0
161 -29 -213 -58 216 0
-133 206 -240 -25 0
-97 -135 80 -219 59 0
130 168 283 -3 280 0
163 96 8 195 -259 0
-59 -84 115 -80 -143 0
-176 -10 -132 -77 0
31 37 245 -45 103 0
-261 238 150 -119 -173 0
-18 261 -119 247 0
171 134 303 -110 -287 0
-183 37 -45 68 54 0
243 -137 71 -235 0
84 -115 59 80 143 0
230 -30 83 -290 -306 0
-298 43 296 -284 0
-144 71 -60 -286 -309 0
217 74 -140 226 0
249 186 26 213 216 -50 0
-303 -287 -131 300 -174 0
-26 -289 82 249 0
-141 56 -193 -293 0
191 218 -12 -2 0
219 59 97 -80 135 0
277 310 19 256 0
54 151 -100 79 0
-53 107 122 222 0
-180 230 -100 156 151 0
212 -138 6 24 42 0
160 275 -256 -75 0
166 -182 102 17 0
203 301 222 -107 0
271 -81 1 260 0
-52 -119 152 -261 0
14 -147 104 -22 0
72 257 -101 -273 0
-288 -27 -28 -169 0
-139 -290 97 -30 219 0
65 226 -32 -190 0
49 116 71 25 0
63 -78 -38 253 113 0
-297 -135 212 -6 0
68 -137 -183 -35 -243 0
56 281 -225 85 294 0
-37 45 -245 103 31 0
196 -67 -95 -178 297 0
230 -290 -306 83 30 0
-56 225 85 -294 281 0
-288 28 169 27 0
-182 -17 -166 -102 0
-31 -37 -245 103 -45 0
-179 -34 299 -267 0
-37 31 103 -45 -245 0
259 43 -296 35 0
257 72 273 -101 0
-284 296 -43 -298 0
187 -143 292 76 0
-186 -213 -26 249 50 216 0
-224 87 -223 -211 0
-41 250 171 102 0
77 176 -306 -63 38 83 0
59 -135 -97 80 219 0
228 -285 295 -91 0
255 128 -106 -44 0
-120 -245 -162 -248 31 0
83 -63 -306 38 176 -77 0
164 -158 -47 25 -86 0
124 -264 222 165 107 0
-250 -102 41 171 0
-175 -239 -192 265 -194 0
27 -165 -284 264 -169 0
151 -79 -54 -100 0
-223 87 224 211 0
-264 -27 -284 -169 165 0
199 -291 -274 181 0
-118 266 -215 208 0
-222 107 301 203 0
21 202 64 52 0
-118 -53 -153 -234 -208 0
-285 -228 91 -295 0
-9 -184 -296 -43 -39 0
40 -41 -300 -250 0
215 208 -266 -118 0
187 201 -16 61 0
-122 -279 -199 233 0
-158 206 -47 -133 -170 0
213 -216 -26 186 249 50 0
147 22 305 5 193 0
-258 -311 -282 188 0
-251 167 -204 -177 0
41 -40 -250 -300 0
41 300 40 -250 0
-131 174 303 -287 -300 0
140 -199 -152 74 0
-134 171 -303 110 287 0
18 261 -247 119 0
68 45 -54 37 183 0
-67 -185 -155 -105 196 0
-77 -132 -10 176 0
77 -38 -306 -63 -83 176 0
-164 13 -86 89 0
164 13 -89 -86 0
153 -53 -208 118 234 0
224 203 -223 211 0
-26 249 154 87 0
-129 -109 103 106 0
285 -101 41 250 0
-36 -111 -39 -9 0
165 27 -264 284 169 0
-120 245 248 162 -31 0
-145 109 129 174 131 0
-250 -41 -285 101 0
-87 154 -249 26 0
-98 190 -65 146 0
14 -130 -3 -136 0
33 183 136 -68 0
197 251 235 177 0
-42 -138 -24 -212 -6 0
-73 232 -111 -207 0
53 19 -73 -277 0
-195 8 -244 252 0
-140 74 -148 -248 120 0
-294 146 310 -85 0
22 -236 -147 13 0
27 -28 -288 -169 0
-283 -225 281 112 0
-220 -188 215 -70 0
-53 208 234 153 -118 0
-98 190 146 65 0
65 190 -226 -32 0
161 216 213 -58 -29 0
152 -252 -86 -164 0
171 -287 303 -110 -134 0
46 78 253 -154 272 0
-201 223 60 211 144 0
86 -164 -47 -158 25 0
-48 -270 -258 14 0
-200 -220 149 70 0
-188 44 257 -128 0
-42 24 204 299 0
-89 -157 -55 57 0
-12 173 75 -160 0
-168 273 280 -72 -35 0
3 -130 -142 -307 185 0
309 -144 286 -71 60 0
-40 -250 -41 300 0
222 -122 107 53 0
-299 -240 205 -268 0
230 -290 -30 -83 306 0
78 -253 266 -4 0
-38 -184 -126 63 0
63 38 176 -306 77 -83 0
-128 -246 -218 -44 0
247 -306 83 201 0
211 -60 -223 -201 144 0
90 69 193 88 127 0
124 125 -189 -269 0
-152 -199 -74 -140 0
189 124 269 -125 0
37 -45 -115 125 -84 0
-31 301 245 126 0
-130 -142 307 185 -3 0
-70 -273 72 -262 -220 0
173 150 238 -119 261 0
-97 -135 59 -219 -80 0
186 217 -214 -50 210 0
267 -221 308 -304 0
49 116 -191 -2 -145 0
-309 112 -242 286 0
90 81 88 -240 0
-81 206 133 20 237 0
-291 161 289 29 0
-205 -299 -240 -268 0
280 3 283 -168 130 0
289 -80 94 59 0
20 284 -167 -237 0
122 -79 -175 -194 0
248 -148 -120 -74 140 0
227 303 287 202 0
-268 205 -79 -227 0
221 -33 276 308 0
127 90 69 -193 -88 0
43 296 259 -35 0
-113 -232 -202 -207 0
49 -263 116 -209 0
-26 50 -249 186 -213 216 0
-287 202 227 303 0
193 -90 -69 -127 -88 0
2 -116 49 -145 191 0
-56 293 -141 -193 0
254 229 -23 -236 0
-150 238 -170 51 -117 0
93 258 -117 -51 0
-184 9 -43 -39 -296 0
213 216 104 -82 0
-157 -55 -89 -57 0
-146 -310 -294 -85 0
-243 -71 137 235 0
-156 -82 -112 180 0
-211 -201 144 60 -223 0
-32 251 177 -301 0
240 -90 -81 -88 0
144 309 286 -60 71 0
57 121 55 -102 0
-228 -62 295 -200 0
-257 244 -75 -160 0
149 36 -17 166 0
-63 126 184 -38 0
82 180 112 156 0
101 -9 242 -39 0
139 -30 -219 -290 97 0
-170 -304 -129 109 0
129 -170 304 109 0
307 130 185 3 -142 0
8 -252 244 195 0
-196 297 -95 67 -178 0
185 -265 34 239 -179 0
58 210 -214 -100 151 0
-35 296 259 -43 0
101 -39 9 242 0
-297 212 -135 6 0
104 -15 159 -123 0
-10 -225 94 281 0
-141 -254 247 -23 -293 0
310 146 85 -294 0
305 -5 132 275 0
59 -289 -94 -80 0
26 249 87 154 0
160 -257 -75 244 0
135 297 6 212 0
151 100 -210 58 -214 0
12 -191 -2 -218 0
71 25 -116 -49 0
-163 246 -226 -96 0
11 -10 212 6 0
102 -121 55 57 0
187 16 61 201 0
186 -26 249 216 50 213 0
169 -27 -264 165 -284 0
48 -14 270 -258 0
-295 -89 228 -300 0
-226 -140 -217 -74 0
44 188 -257 -128 0
-55 -57 89 157 0
110 76 229 -134 292 0
247 293 254 -23 141 0
311 282 210 288 214 0
-241 155 -197 -105 0
78 272 253 -46 -154 0
273 101 72 -257 0
39 36 -9 -111 0
219 -135 -97 -59 80 0
7 -187 -198 -11 0
177 -301 32 -251 0
-293 247 -23 254 141 0
77 -176 306 -38 -63 83 0
-83 -306 -247 201 0
-144 -60 -309 286 71 0
221 136 66 -308 0
301 245 31 -126 0
-174 -303 -287 131 -300 0
-96 -8 -163 259 -195 0
16 -187 61 -201 0
-83 -230 -306 -30 290 0
231 -262 -274 181 0
82 249 -289 26 0
-308 -267 304 -221 0
-107 -222 -165 -124 264 0
-281 -112 225 -283 0
59 97 135 219 80 0
77 -63 306 176 38 -83 0
-75 -12 160 173 0
207 -232 -113 -202 0
81 133 -206 20 -237 0
16 -201 -61 -187 0
-31 -162 245 -248 120 0
308 -221 -136 66 0
-271 -81 260 -1 0
-152 199 140 -74 0
63 -38 77 306 -176 83 0
-124 -8 197 195 0
-247 -306 83 -201 0
20 -237 -133 -206 81 0
-130 136 3 14 0
-76 229 134 292 110 0
-130 3 168 -283 280 0
-33 -85 -294 302 0
226 -96 -163 -246 0
155 231 54 105 0
-103 109 -106 129 0
248 -162 245 -120 31 0
107 -301 203 222 0
125 -134 110 -114 0
50 213 186 -26 -249 216 0
15 123 302 -241 0
-30 256 290 266 0
175 -194 298 157 0
-34 179 1 4 0
213 -82 -216 104 0
-303 -287 174 131 -300 0
-50 186 231 58 0
153 234 -40 -224 0
-262 273 -70 72 -220 0
86 164 -13 89 0
-272 -253 78 -46 -154 0
-19 -277 73 53 0
-4 -138 64 -21 0
186 -50 -216 249 213 26 0
-2 191 -145 -49 -116 0
-14 104 22 147 0
-282 311 241 40 0
-229 -260 61 -271 16 0
215 238 278 150 0
-28 -174 -93 -131 0
88 -127 69 -193 90 0
-16 61 172 -66 0
234 -153 -113 -99 0
-5 -147 193 22 -305 0
77 83 -306 -176 -38 63 0
281 94 10 225 0
-278 -270 32 -48 0
13 -42 24 108 0
244 8 -252 -195 0
78 -253 -38 -113 63 0
-100 -151 -180 -156 -230 0
145 2 -191 -116 49 0
-20 204 275 237 0
-65 146 -190 -98 0
-97 219 -139 290 30 0
62 -148 127 69 0
-205 268 -240 299 0
125 115 37 84 45 0
134 171 303 -287 110 0
-105 155 54 -231 0
-183 136 68 33 0
-263 -277 19 -108 0
309 71 144 -286 60 0
-286 304 127 69 -309 0
61 16 -229 260 -271 0
-88 90 127 -193 -69 0
57 -55 157 89 0
-237 204 -20 -275 0
-281 -225 112 283 0
-80 -135 59 -97 219 0
256 -30 -290 266 0
96 172 -163 298 0
-162 -209 -144 60 0
299 -267 -34 179 0
10 -11 212 6 0
52 263 141 -293 0
-214 282 288 -311 210 0
107 222 301 -203 0
-17 -36 -149 166 0
61 -172 16 66 0
171 102 -41 -250 0
99 234 -113 153 0
-115 80 -59 -84 143 0
-56 -85 -294 -281 -225 0
-272 -46 -93 92 0
-167 -233 279 -159 0
5 22 147 -305 193 0
56 196 -67 -276 0
-263 -141 52 -293 0
-73 -277 -19 -53 0
-53 -234 153 -208 -118 0
223 224 -87 -211 0
-103 106 109 -129 0
-92 -270 -12 -48 0
188 257 128 -44 0
-298 172 96 163 0
-38 -113 63 253 78 0
-33 308 276 -221 0
-129 131 -145 -109 -174 0
-58 29 -216 -161 213 0
-20 -167 284 -237 0
-201 187 -16 -61 0
220 70 149 200 0
-54 -231 155 105 0
217 -36 -178 -95 0
97 -219 30 -290 139 0
37 84 115 -125 -45 0
-150 173 119 -238 -261 0
-101 250 285 -41 0
95 -178 244 -172 0
207 202 -232 113 0
237 20 81 -206 -133 0
-85 -294 225 -56 -281 0
-172 -61 66 16 0
40 -153 -234 -224 0
37 45 31 103 -245 0
219 -290 -97 139 30 0
-146 190 65 98 0
36 -178 217 95 0
197 235 251 -177 0
-262 72 273 220 -70 0
161 -29 -216 213 -58 0
111 -9 39 -36 0
40 -300 -41 250 0
-230 -180 -156 100 -151 0
-271 260 -61 -229 16 0
286 -127 304 -309 -69 0
-41 -102 250 -171 0
-290 -230 -306 -30 -83 0
218 246 -128 -44 0
306 38 -63 77 83 176 0
50 -214 186 217 210 0
-283 -243 137 182 0
-120 -248 -74 148 140 0
-12 48 270 92 0
-229 76 292 134 110 0
255 -15 126 -123 0
-9 242 39 -101 0
-265 -194 175 -192 -239 0
-139 290 -97 30 -219 0
-14 104 22 -147 0
270 -48 32 278 0
37 125 -45 -115 84 0
132 10 -77 -176 0
-275 -132 305 -5 0
-287 -202 303 -227 0
-244 -257 75 160 0
-159 -168 173 280 0
119 173 150 261 -238 0
-246 -198 276 -7 0
-201 -144 -211 223 -60 0
204 -167 -177 251 0
-185 155 67 196 105 0
-292 76 -110 -229 134 0
-10 -176 77 132 0
-90 -88 69 -193 -127 0
30 -266 -256 -290 0
-275 75 160 -256 0
-227 64 -21 -291 0
115 143 59 -84 80 0
-107 -53 222 -122 0
-224 211 -87 -223 0
-135 305 -138 -5 0
260 271 81 -1 0
-109 -145 174 -129 131 0
-225 -85 281 -56 294 0
168 -280 -72 273 35 0
174 131 -129 145 109 0
16 -229 -260 -61 271 0
32 -177 301 251 0
-29 -291 -161 -289 0
59 -289 -94 80 0
89 -300 -295 -228 0
-175 -265 -239 192 194 0
-156 -108 143 180 0
170 51 117 -150 238 0
48 14 258 -270 0
59 -84 143 80 -115 0
271 -260 -28 -132 0
-292 203 -76 99 0
109 170 -129 304 0
130 -3 14 -136 0
196 185 -67 155 105 0
-156 108 -180 -143 0
-63 176 -83 306 38 -77 0
194 192 265 -175 -239 0
237 284 -20 167 0
-130 3 168 -280 283 0
-249 -213 186 -50 26 -216 0
-45 -115 -37 84 -125 0
-135 -59 97 -80 219 0
1 -2 -66 -191 0
-249 154 87 -26 0
-203 -223 211 -224 0
62 -165 264 157 0
-114 110 -125 134 0
51 -91 -98 117 0
288 -214 311 210 -282 0
-76 143 -292 -187 0
194 -192 239 -175 -265 0
189 171 192 269 0
93 117 -51 258 0
-194 -157 175 -298 0
20 133 -206 81 237 0
-181 274 291 -199 0
-159 173 -168 -280 0
-308 33 -276 -221 0
-243 -183 -137 35 -68 0
170 -51 -117 238 -150 0
90 -148 88 149 0
-309 -144 286 71 60 0
72 168 -35 273 280 0
-51 117 -98 -91 0
-60 -144 162 209 0
307 -185 -130 142 -3 0
-55 -57 235 162 0
-227 21 64 291 0
-16 -229 271 -260 61 0
-241 -311 -282 40 0
184 -9 -39 43 -296 0
-237 133 206 -81 20 0
-68 183 45 -54 37 0
-292 -76 134 -229 -110 0
-127 309 -69 286 -304 0
228 295 300 89 0
-66 16 -61 172 0
191 66 2 -1 0
253 154 -272 46 78 0
-163 298 -172 -96 0
233 199 279 -122 0
193 -305 5 147 -22 0
-248 -120 182 192 0
139 -18 -142 -307 0
-303 300 -174 131 287 0
168 -130 283 -3 280 0
60 209 144 162 0
-175 -122 79 -194 0
215 -238 278 150 0
-105 196 67 185 -155 0
-66 172 16 61 0
38 -113 -78 63 -253 0
307 -139 -18 -142 0
76 -229 110 -292 134 0
-302 -294 -85 33 0
-5 -193 -147 22 305 0
-306 230 -30 83 290 0
-221 -308 267 -304 0
-76 -110 -134 -229 -292 0
74 -140 152 199 0
-163 -298 -96 172 0
-87 26 249 -154 0
-132 271 260 28 0
-185 196 155 -67 -105 0
48 -92 270 12 0
-211 -201 60 223 144 0
-101 -242 9 -39 0
12 -160 -173 -75 0
183 54 68 37 -45 0
87 -274 -18 181 0
296 -43 39 -9 184 0
136 -221 -66 308 0
288 -282 -214 -210 -311 0
10 -11 -6 212 0
-166 -149 36 -17 0
-182 -137 283 243 0
-50 26 216 -213 186 249 0
-162 -31 -245 -120 -248 0
-20 -206 -133 81 -237 0
-52 261 -152 119 0
160 256 -275 -75 0
-47 -92 252 -158 0
114 -279 -145 233 0
-274 87 18 -181 0
244 172 -178 -95 0
123 -302 15 241 0
18 139 307 -142 0
-161 216 213 29 -58 0
-248 -162 120 -31 -245 0
302 33 -85 294 0
-226 -140 74 -217 0
216 -186 -26 213 50 -249 0
166 17 94 -111 0
-55 -57 -102 121 0
-307 -142 -139 18 0
214 -210 282 311 288 0
38 -253 -113 63 78 0
-26 -213 -249 50 -186 216 0
-267 -255 -176 77 0
-16 229 -271 -61 260 0
-202 -227 287 303 0
-133 20 -237 81 206 0
-117 -51 -238 -150 -170 0
60 71 286 -309 144 0
32 48 270 278 0
35 -183 243 -68 -137 0
283 -168 -280 -3 130 0
165 264 62 -157 0
-163 246 226 96 0
-80 -59 -94 289 0
-8 259 -163 195 96 0
-264 165 27 -284 -169 0
-152 -261 119 -52 0
95 -244 -178 172 0
-107 165 -124 -264 222 0
-273 -101 -257 -72 0
10 132 176 -77 0
-50 249 -216 26 -213 -186 0
-236 -29 -288 161 0
-185 -179 -265 34 -239 0
-136 68 -33 183 0
-29 -213 216 -58 -161 0
219 -302 97 -106 0
-243 71 -235 137 0
180 -112 156 -82 0
-39 36 111 -9 0
279 159 -233 167 0
-44 255 -128 106 0
-157 -194 -298 -175 0
1 260 81 -271 0
-306 30 -290 -83 -230 0
302 -15 241 123 0
-213 -161 58 -29 -216 0
117 51 258 93 0
175 122 -79 194 0
-94 111 166 17 0
-35 259 -43 -296 0
-12 -270 92 48 0
233 -145 279 -114 0
-310 277 19 -256 0
-278 150 238 -215 0
-120 162 31 -245 248 0
-226 190 -65 -32 0
239 -265 194 175 192 0
280 -3 -168 283 -130 0
15 -126 -123 -255 0
205 200 268 -209 0
-242 -101 9 39 0
49 -209 -263 -116 0
5 305 132 -275 0
-118 -153 234 208 53 0
207 111 -73 232 0
-258 -188 282 311 0
196 -178 95 67 297 0
156 -230 -151 100 180 0
261 173 119 -238 -150 0
49 -145 2 191 116 0
246 198 276 -7 0
286 -309 -60 144 -71 0
-63 -306 -38 -77 176 -83 0
-27 -284 169 -165 -264 0
-20 -133 -206 -81 237 0
262 121 169 27 0
-217 226 140 -74 0
11 -297 232 -207 0
306 -230 290 83 30 0
157 -62 165 264 0
15 -123 -241 -302 0
-141 293 -52 -263 0
-58 -213 161 -216 29 0
-69 148 -62 127 0
-186 -249 -213 -216 50 26 0
-172 298 163 -96 0
-42 212 -138 -24 6 0
58 -216 29 -213 -161 0
138 24 6 212 -42 0
-12 -2 -191 218 0
45 -103 -37 31 245 0
186 217 -50 210 214 0
-69 127 -148 62 0
-272 46 -99 184 0
173 238 -261 119 150 0
-276 67 56 -196 0
153 224 40 234 0
-306 -201 -83 247 0
-234 224 -40 153 0
121 -198 7 285 0
-282 -40 -311 241 0
-38 -253 -63 -78 -113 0
-262 181 231 274 0
240 -81 90 88 0
-78 46 253 154 272 0
-136 33 -68 -183 0
-92 93 -272 -46 0
225 -85 -281 294 56 0
267 -299 -34 179 0
147 193 305 -22 5 0
296 -184 -43 9 39 0
-242 309 -112 286 0
-162 -235 -55 57 0
124 269 -189 125 0
-120 -248 31 162 245 0
-213 -29 58 161 -216 0
-105 231 -54 -155 0
7 198 285 121 0
-46 -99 -272 -184 0
227 -79 268 -205 0
-300 131 -287 -174 303 0
36 39 111 9 0
-209 60 144 -162 0
134 -292 -229 -76 110 0
179 34 -239 -265 185 0
-284 -165 -27 -169 264 0
-34 179 -1 -4 0
-292 110 -134 229 76 0
-137 243 235 -71 0
-188 311 -282 -258 0
-275 256 -160 -75 0
69 127 286 304 -309 0
-156 180 108 -143 0
185 179 34 -239 265 0
306 83 290 -30 230 0
-24 -42 138 6 -212 0
-232 207 -73 -111 0
-105 241 155 197 0
-175 194 -157 298 0
-116 -191 -2 -145 49 0
29 161 213 -216 58 0
-169 -264 27 -284 -165 0
-100 -54 -79 -151 0
-97 139 -30 -290 219 0
61 -16 271 229 260 0
-45 37 125 115 -84 0
157 165 62 -264 0
69 -304 309 286 127 0
-4 78 266 253 0
-190 -98 65 -146 0
223 203 211 -224 0
100 230 151 -180 -156 0
-146 85 294 -310 0
-82 -180 -112 -156 0
-238 -215 -278 -150 0
-150 173 238 -261 -119 0
33 294 -302 85 0
189 171 -269 -192 0
228 -295 300 89 0
-59 -80 -219 97 135 0
-68 -183 37 54 45 0
-286 309 127 69 304 0
23 141 -293 247 -254 0
-141 56 293 193 0
-161 -289 29 -291 0
98 190 -65 -146 0
-185 130 -142 3 -307 0
-130 -3 -14 136 0
309 -69 -304 286 127 0
265 -139 -239 -242 0
-278 -32 -48 270 0
-171 110 -134 287 303 0
-126 15 123 255 0
-21 -227 291 -64 0
98 -84 310 115 0
189 192 -171 -269 0
-10 -6 212 11 0
230 100 -156 180 151 0
-76 229 -134 -110 292 0
-16 61 260 -229 -271 0
83 -176 306 38 77 63 0
293 -56 -193 141 0
218 44 128 246 0
-97 -219 -30 290 139 0
293 141 52 263 0
144 211 223 -60 201 0
-276 -196 56 -67 0
-22 -5 147 305 -193 0
-246 -7 -276 198 0
-301 245 126 31 0
-108 156 -180 -143 0
159 15 104 -123 0
-95 -178 -172 -244 0
169 -27 284 165 264 0
-288 -311 -214 282 -210 0
-77 38 -176 83 -63 306 0
163 -226 246 96 0
243 -137 182 -283 0
97 59 -135 -219 80 0
-118 208 103 218 0
54 -183 -37 45 -68 0
-34 -185 -265 -179 -239 0
181 -274 -231 262 0
176 255 -267 77 0
174 93 -28 131 0
-202 207 232 113 0
-151 -100 180 -230 -156 0
-105 -67 -185 -196 155 0
269 114 189 91 0
-50 -217 214 210 -186 0
-216 -213 -82 -104 0
38 -63 126 -184 0
-273 -72 220 -70 262 0
288 236 -29 161 0
58 210 -100 151 214 0
-63 -38 -78 253 113 0
310 -115 98 -84 0
-149 148 88 -90 0
-205 227 79 -268 0
255 44 106 128 0
-37 -45 183 -68 -54 0
67 95 -178 -196 -297 0
-85 56 -281 294 -225 0
-113 253 -38 78 -63 0
-3 142 130 -307 -185 0
199 -122 279 -233 0
-286 309 -69 127 304 0
142 278 -73 307 0
-109 -103 -106 -129 0
-25 -71 49 116 0
-273 220 72 -70 -262 0
-148 88 -90 149 0
6 42 -212 138 -24 0
-109 103 106 129 0
-274 -181 262 231 0
12 -75 160 -173 0
-36 17 -166 -149 0
140 -120 74 -248 -148 0
113 -63 78 38 -253 0
-103 -118 -218 208 0
-272 253 -154 -46 78 0
21 52 -64 202 0
183 -68 45 -37 -54 0
-245 -126 31 -301 0
-183 -243 35 -68 137 0
243 -235 -71 137 0
-15 -123 -255 -126 0
-161 213 -58 -29 216 0
-303 110 -171 287 134 0
229 236 -23 -254 0
58 231 50 -186 0
-238 150 -119 -173 -261 0
-203 223 224 211 0
-35 183 -243 -68 -137 0
272 -253 78 46 -154 0
-248 120 -192 -182 0
-8 124 -197 195 0
-185 -105 -155 -67 -196 0
-294 281 56 -225 85 0
193 5 305 -147 22 0
-131 -28 93 174 0
184 -272 99 -46 0
-65 -190 98 -146 0
-140 152 -74 199 0
79 -100 -151 54 0
-311 -210 214 -282 -288 0
-149 -148 -88 90 0
-16 201 -187 -61 0
-203 -292 -99 76 0
-185 -142 3 307 -130 0
214 -210 -151 58 100 0
-81 -88 90 -240 0
28 288 27 -169 0
-58 213 -161 -216 -29 0
235 -162 -57 55 0
-26 -216 -50 -249 -213 -186 0
-158 -164 47 -86 -25 0
227 -287 -303 202 0
-201 83 306 -247 0
230 254 -23 -259 0
-216 -186 50 249 26 213 0
-243 137 -35 68 183 0
29 291 -161 289 0
45 -54 -37 183 68 0
4 -138 21 -64 0
-47 -92 158 252 0
-69 88 193 -90 -127 0
90 -88 148 149 0
34 -179 -1 -4 0
-286 -304 69 -309 -127 0
10 281 -94 -225 0
-194 -175 239 -192 265 0
-286 -309 -242 112 0
224 211 -87 223 0
-220 188 -215 70 0
281 225 -56 -85 -294 0
-26 -50 -186 249 -213 -216 0
-97 -80 -59 -219 135 0
-131 -174 129 -109 145 0
-126 -63 -38 -184 0
-9 43 296 -39 -184 0
-84 -115 -80 -143 -59 0
84 310 115 -98 0
130 307 -142 185 -3 0
8 96 -163 -195 259 0
-87 -274 -181 -18 0
-39 -184 296 -9 -43 0
171 134 110 287 303 0
-229 -134 292 110 -76 0
112 225 283 281 0
-233 -279 -145 -114 0
-210 -50 -186 -214 217 0
199 181 274 -291 0
-131 174 145 -129 109 0
-25 -240 -206 -133 0
-20 133 -237 -81 206 0
252 164 86 152 0
-119 -238 261 150 173 0
131 28 174 -93 0
143 59 -115 -80 84 0
72 262 -273 220 70 0
201 144 -211 -60 -223 0
203 -76 -99 292 0
66 -172 61 -16 0
171 303 -110 287 134 0
-208 -215 -266 -118 0
218 -103 -118 -208 0
127 -62 148 69 0
-20 -81 -133 206 237 0
72 -168 280 -35 273 0
-4 -21 138 -64 0
-264 -124 -222 107 165 0
-49 -116 145 2 -191 0
214 282 -210 -311 288 0
67 -196 178 297 -95 0
115 -84 45 -125 37 0
158 -25 -164 47 86 0
-124 -189 269 -125 0
-54 -105 155 231 0
292 76 99 203 0
-57 -55 -162 -235 0
-97 -219 -302 106 0
34 1 179 -4 0
-155 -197 -105 -241 0
-131 -129 174 -109 -145 0
-6 42 -24 -212 -138 0
-264 222 107 -165 124 0
145 -114 -279 233 0
141 23 247 293 -254 0
-137 -243 -182 283 0
-30 -97 139 290 219 0
-267 221 -308 -304 0
168 35 72 -280 273 0
-142 307 278 73 0
-141 -293 263 -52 0
-85 -302 294 -33 0
-278 -32 48 270 0
-16 -187 61 -201 0
-68 37 183 54 -45 0
-24 13 -108 42 0
235 177 -197 -251 0
154 -146 -65 -190 0
-127 -309 -69 304 -286 0
146 98 65 -190 0
33 -308 276 221 0
289 59 80 94 0
83 30 290 -306 -230 0
-134 -287 -110 -303 171 0
57 55 -162 -235 0
71 49 -116 25 0
-272 78 -253 46 154 0
246 -276 7 198 0
239 -265 -242 139 0
295 -228 300 89 0
-35 -280 72 273 -168 0
170 47 158 133 -206 0
167 204 -251 177 0
59 -80 115 84 -143 0
214 -58 151 210 100 0
-172 178 -244 -95 0
-216 50 -26 249 213 -186 0
26 -186 249 216 -213 50 0
-237 81 -20 -133 206 0
82 -112 -180 156 0
207 73 111 -232 0
-28 132 260 271 0
128 -44 -257 -188 0
102 -55 57 -121 0
210 58 214 100 -151 0
-151 100 -54 -79 0
104 -213 216 -82 0
-119 52 -152 -261 0
-62 -228 -295 200 0
-231 274 262 -181 0
272 -46 -92 93 0
242 -286 -309 -112 0
259 -8 -96 -195 163 0
5 -147 -305 22 193 0
-192 -182 120 248 0
43 -298 -296 284 0
-125 -269 189 -124 0
48 12 -92 -270 0
-59 -80 94 -289 0
-105 197 -155 241 0
215 -220 70 -188 0
158 -206 -170 -133 -47 0
6 212 -24 42 -138 0
103 218 -208 118 0
140 -148 120 74 -248 0
116 -2 145 -191 -49 0
-222 107 122 53 0
-108 13 42 24 0
141 -247 293 -23 -254 0
-86 89 -13 164 0
-181 199 274 -291 0
-280 -273 35 -72 -168 0
-84 -45 -125 -37 -115 0
-233 -167 -159 -279 0
-1 -81 -260 271 0
44 -188 257 128 0
255 -267 -77 176 0
291 -64 -227 21 0
-84 143 115 -59 80 0
-284 167 -20 -237 0
-5 -132 275 -305 0
-22 13 -147 236 0
-301 -222 -203 107 0
30 -290 -97 139 -219 0
-77 -255 176 267 0
-107 -222 -122 -53 0
-41 -102 -250 -171 0
-170 304 -109 129 0
243 -35 137 -68 -183 0
39 9 43 296 -184 0
-155 -105 -231 54 0
110 229 -134 -292 -76 0
259 -195 -8 96 163 0
69 -62 -127 -148 0
60 286 -71 309 144 0
50 58 186 231 0
179 -239 -34 -265 -185 0
-48 -32 -270 278 0
-301 -107 222 -203 0
-258 -188 282 -311 0
-254 -141 -247 293 -23 0
101 -9 39 -242 0
-222 -264 -165 -124 107 0
-35 168 -273 -72 -280 0
135 -297 -212 6 0
145 -131 -174 129 109 0
306 -247 -83 -201 0
175 -122 -194 79 0
-222 203 301 -107 0
-301 245 -126 -31 0
110 171 -287 -303 134 0
-27 165 284 -169 264 0
287 -110 -134 303 171 0
-225 -281 85 -56 294 0
227 -291 -64 21 0
227 -64 -21 -291 0
-96 -226 246 163 0
-57 -121 55 -102 0
70 215 188 220 0
248 -182 -120 192 0
-1 191 66 -2 0
-11 -212 -10 6 0
-217 -95 178 36 0
-95 -217 36 -178 0
-219 97 -139 30 290 0
185 -179 -265 239 -34 0
-42 24 138 -212 -6 0
-26 216 -50 -249 -213 186 0
-153 224 234 -40 0
98 -51 -117 91 0
-58 -151 -100 -214 -210 0
-197 251 -235 -177 0
-225 94 10 -281 0
184 39 -296 9 43 0
126 123 -15 255 0
-268 299 240 -205 0
-246 44 -218 128 0
235 197 -177 -251 0
-154 -78 46 253 -272 0
265 179 -185 -34 -239 0
229 -236 23 -254 0
-309 -112 242 286 0
51 93 -117 -258 0
183 -68 -35 243 -137 0
-37 -31 45 103 -245 0
221 -308 -276 -33 0
162 57 55 235 0
-280 273 -72 -168 -35 0
75 275 160 256 0
163 -246 -96 226 0
-118 -208 103 -218 0
-192 265 194 -239 175 0
225 85 281 -56 294 0
105 -197 241 155 0
47 158 252 92 0
-254 -259 -230 -23 0
-241 -40 282 -311 0
255 267 -176 77 0
192 -171 269 -189 0
269 -189 -192 171 0
-62 -200 228 295 0
-158 -86 164 47 25 0
182 -120 -192 248 0
-165 -107 -264 -222 -124 0
-25 86 158 47 164 0
297 178 196 -95 -67 0
-283 281 -112 225 0
-128 44 246 218 0
-187 -76 -143 292 0
195 8 -197 124 0
-117 -98 51 91 0
-223 -60 -144 -201 -211 0
-130 -283 168 -3 -280 0
264 -284 165 169 27 0
116 -49 -71 25 0
24 138 6 -212 42 0
296 43 184 39 -9 0
88 193 -69 127 90 0
-96 8 -195 -259 -163 0
3 142 -307 -130 185 0
190 146 65 -154 0
34 -267 -299 179 0
230 -151 156 -180 -100 0
115 -310 84 98 0
116 145 191 -2 -49 0
100 151 54 -79 0
-72 -262 -70 273 220 0
122 -79 175 -194 0
-194 -239 175 265 -192 0
308 -221 -267 304 0
-215 -150 278 238 0
228 -91 -285 -295 0
-249 26 87 -154 0
-59 -219 -135 97 80 0
-179 265 -185 239 34 0
-149 220 -200 70 0
173 12 160 75 0
-311 210 -214 -282 -288 0
-68 -243 -35 137 183 0
127 -286 -309 -69 304 0
132 260 -271 28 0
-214 -186 -217 -210 50 0
156 -82 112 -180 0
-202 21 -64 -52 0
62 228 -295 200 0
-89 -228 300 -295 0
-242 -9 -39 -101 0
295 62 200 228 0
-172 178 95 -244 0
-179 -299 34 267 0
216 -213 161 58 29 0
-166 102 -182 17 0
-207 -232 -297 11 0
51 -170 117 150 238 0
282 241 311 40 0
311 258 188 282 0
-6 -42 212 -24 -138 0
248 140 74 120 -148 0
-218 191 12 2 0
-239 175 -265 -192 194 0
268 209 200 -205 0
132 10 176 77 0
155 185 105 67 -196 0
-305 -193 -147 5 -22 0
-191 66 2 1 0
-151 -100 -214 210 58 0
5 -305 -275 132 0
99 46 272 184 0
-115 45 84 -125 -37 0
210 58 -214 -151 100 0
157 -89 55 -57 0
-153 53 118 -234 -208 0
-24 42 -6 212 -138 0
307 -139 18 142 0
3 -130 142 185 307 0
-26 249 216 -213 186 -50 0
-182 283 -243 137 0
-220 188 -215 -70 0
214 217 -50 -210 186 0
8 -195 197 -124 0
-73 -307 278 142 0
64 -291 227 21 0
-12 270 92 -48 0
-276 -221 308 33 0
135 -138 5 305 0
-229 -292 -134 -110 76 0
141 -293 -263 -52 0
-236 -288 -161 -29 0
-261 247 119 -18 0
80 -59 -135 -219 -97 0
166 -36 -149 17 0
-6 135 212 297 0
-209 200 205 -268 0
238 117 -150 -51 170 0
-200 220 -70 149 0
-170 -238 150 117 51 0
276 -246 -198 7 0
162 -245 248 -120 -31 0
-14 130 136 3 0
168 173 159 -280 0
130 3 14 -136 0
-277 -310 256 19 0
-171 -110 -303 287 -134 0
-145 -2 191 49 -116 0
-296 -43 39 -184 9 0
133 -206 25 240 0
131 303 287 174 -300 0
-187 198 -7 11 0
43 296 298 284 0
74 248 -120 148 -140 0
298 284 296 -43 0
-161 -288 29 -236 0
-121 -198 -285 7 0
223 211 -224 87 0
224 -211 -223 -87 0
-148 149 -90 -88 0
196 67 105 185 -155 0
-145 131 -174 -109 129 0
-122 -222 107 -53 0
-253 -38 -78 -113 63 0
120 31 -162 -248 -245 0
145 114 279 -233 0
30 -290 230 306 83 0
237 20 -275 204 0
-61 187 16 201 0
-179 -34 -299 267 0
299 34 179 267 0
-62 -165 -157 264 0
-187 -7 -11 -198 0
295 -285 -91 -228 0
238 -117 -51 150 -170 0
14 -104 -22 147 0
-19 -277 310 256 0
199 -279 233 122 0
-263 116 -49 209 0
40 153 -224 -234 0
55 121 -57 102 0
-154 78 -46 -253 272 0
-161 236 29 288 0
78 253 -266 4 0
71 60 -144 -309 -286 0
-257 -160 244 75 0
-179 1 -34 4 0
-7 -285 121 198 0
-157 -298 194 175 0
-190 -65 146 -154 0
43 298 -296 -284 0
-93 -272 -92 46 0
-280 -3 130 168 -283 0
-260 -271 -132 -28 0
193 141 -293 56 0
-45 125 84 115 -37 0
-186 210 -214 217 50 0
191 -49 145 116 2 0
44 -128 255 106 0
-134 -229 -110 76 292 0
-273 -168 280 72 -35 0
263 116 -49 -209 0
247 -119 18 -261 0
60 144 201 211 -223 0
225 10 -281 94 0
296 35 -259 -43 0
-56 -276 196 67 0
-207 -11 297 232 0
276 -308 -221 -33 0
-150 -261 -238 -173 -119 0
-83 -77 -306 176 38 63 0
83 -63 -306 77 -176 -38 0
-77 -255 -176 267 0
250 41 171 102 0
-48 12 92 -270 0
202 -21 52 -64 0
-273 -72 101 257 0
262 220 -72 273 70 0
217 -95 -36 178 0
187 -292 -143 -76 0
-126 -15 123 -255 0
-280 -168 -35 72 -273 0
304 -267 308 221 0
4 -179 34 1 0
69 -90 193 -88 127 0
254 230 -259 23 0
-140 -74 -248 -148 120 0
-199 -291 -181 -274 0
-111 207 73 232 0
222 264 124 -165 107 0
-307 -18 139 142 0
141 -263 -52 293 0
-244 252 195 8 0
130 3 -283 168 -280 0
-242 -139 239 265 0
-15 159 104 123 0
-155 105 197 241 0
105 -241 -197 -155 0
121 -169 27 -262 0
-138 6 24 -42 -212 0
-130 -3 -168 283 -280 0
-144 309 -286 71 60 0
-27 -284 264 169 -165 0
149 -200 -70 -220 0
271 -260 1 81 0
34 -1 4 179 0
20 167 -237 -284 0
-29 289 161 291 0
193 127 -69 -88 -90 0
288 -169 28 -27 0
57 -55 235 162 0
-90 69 88 -127 -193 0
181 274 262 -231 0
288 214 210 282 -311 0
-3 -185 -142 130 -307 0
-265 -139 -239 -242 0
180 -143 156 108 0
42 -204 299 24 0
-245 31 301 126 0
155 105 185 -196 -67 0
-278 -307 142 73 0
64 291 227 -21 0
-290 -219 -30 -97 139 0
108 -263 19 277 0
-98 -117 -51 -91 0
152 -119 52 261 0
-248 74 -148 -140 -120 0
-290 -266 -256 -30 0
-234 224 -40 -153 0
216 -26 213 249 186 -50 0
-217 -214 -186 -50 210 0
-123 241 -15 302 0
216 82 -104 -213 0
-89 86 13 164 0
117 150 -238 -51 -170 0
48 278 32 -270 0
-257 188 -128 -44 0
-127 69 148 62 0
-170 -206 -47 -133 -158 0
256 -275 -160 75 0
-144 -201 60 -211 -223 0
163 -96 -195 8 -259 0
-181 274 -18 87 0
-171 303 110 -134 -287 0
-56 193 -141 -293 0
-195 -8 244 252 0
268 227 79 205 0
-7 -198 285 121 0
-152 -86 252 -164 0
-42 -24 -299 204 0
38 -253 -63 113 -78 0
-302 -15 -123 -241 0
148 90 88 -149 0
161 -29 -289 -291 0
-264 -124 165 -107 -222 0
-206 -133 158 170 47 0
136 183 33 68 0
118 53 234 208 -153 0
25 86 158 164 -47 0
243 35 -68 137 183 0
270 -48 14 258 0
-273 70 -220 -262 72 0
-102 -171 41 250 0
-40 250 300 -41 0
232 -207 -202 -113 0
-63 38 -113 253 -78 0
-45 -103 37 -31 245 0
138 305 5 -135 0
106 302 97 219 0
261 -52 -119 -152 0
287 -202 -303 227 0
-217 178 36 95 0
299 205 240 268 0
-106 -128 -255 -44 0
196 -178 -297 67 -95 0
289 26 -82 249 0
-299 240 -205 268 0
-311 40 282 241 0
198 11 187 7 0
-262 -181 231 274 0
299 -204 42 -24 0
124 -195 8 -197 0
119 -261 18 -247 0
233 279 122 -199 0
309 286 -60 -71 -144 0
-182 102 166 -17 0
-38 63 126 184 0
-33 183 -136 -68 0
-101 285 -250 -41 0
25 164 86 -158 -47 0
304 -286 -69 -127 309 0
-58 186 -231 50 0
242 -112 -286 309 0
102 -121 -55 -57 0
-252 47 158 -92 0
-251 -301 -32 -177 0
-158 170 206 133 -47 0
194 79 122 -175 0
77 83 63 38 -306 -176 0
-32 -65 -226 -190 0
-165 -107 -264 222 -124 0
156 -108 180 143 0
-145 -114 -233 279 0
-266 215 118 -208 0
-300 -303 -287 -131 174 0
-228 -200 -295 62 0
239 192 194 265 -175 0
-96 -298 172 163 0
-69 148 -127 -62 0
140 -217 74 -226 0
70 -220 273 -72 -262 0
50 214 217 186 210 0
-74 148 140 120 -248 0
112 -156 82 -180 0
131 28 -174 -93 0
6 11 -212 10 0
-289 -26 -249 82 0
242 -239 139 -265 0
