c A permuted SAT Competition 2007 formula with seed=231839513
p cnf 311 2216
164 248 -280 303 104 0
182 7 -282 239 -134 0
-82 -107 -258 -168 -180 0
182 -209 61 205 -134 0
-264 -185 -310 -9 0
-265 262 62 295 0
151 -167 89 127 0
34 24 -139 -116 0
-68 -84 -204 -290 0
93 208 291 -274 0
144 20 213 -234 -161 0
-35 150 280 -164 0
63 -47 -287 152 0
-17 -170 286 -210 -45 216 0
-117 -176 141 2 0
159 -8 90 143 18 0
17 6 206 153 -170 0
-11 -285 311 218 0
-10 76 202 -260 0
253 -100 291 208 0
110 198 -101 -303 0
108 55 -168 -225 0
232 -138 84 -68 0
-37 31 43 -103 -149 131 0
-96 23 -123 175 0
-214 -106 -117 -73 0
147 13 -307 56 207 0
-275 -244 257 -137 -178 0
304 121 90 -18 0
-46 185 193 -249 264 0
-39 -56 -243 -261 0
-134 -182 205 -61 -209 0
20 -292 38 70 -269 0
54 111 -33 277 0
190 -133 -243 -271 0
-95 135 -288 -60 0
132 -278 -279 146 -109 0
-292 -260 -233 -38 0
-17 -286 45 170 216 -210 0
-171 65 -74 -200 0
-14 234 -165 -142 144 0
287 -152 -47 63 0
-138 51 247 126 0
-248 280 303 104 164 0
-284 -224 -52 115 163 0
-101 -110 198 -303 0
-286 -216 -45 210 -170 17 0
116 4 -165 -142 0
131 -103 -149 37 31 43 0
185 -178 107 -264 -275 180 0
-163 -115 -224 -284 -52 0
-277 56 111 296 0
1 113 30 162 0
159 -8 -18 -90 143 0
-13 281 147 211 0
-33 54 -111 277 0
308 190 -252 120 0
68 270 -310 -84 0
27 -298 160 -288 0
-271 133 51 -4 0
-198 101 -110 -303 0
-54 16 77 139 0
-182 -282 239 134 7 0
44 121 -155 67 0
113 -30 -162 -1 0
-11 283 140 8 0
-83 -22 -101 -240 0
-129 -227 302 289 0
-99 235 1 -266 0
197 -69 127 -89 0
311 -33 57 -221 0
236 -78 -14 263 0
43 -37 131 149 103 -31 0
-264 185 -178 -275 107 -180 0
-291 -208 -93 274 0
163 -5 191 -52 195 0
-266 -87 275 -178 0
-253 22 -304 83 0
-221 226 57 -137 -297 0
-241 -299 -139 -128 0
-117 231 -98 112 0
270 -68 -84 -310 0
-132 -279 146 278 109 0
-143 -201 -159 -239 7 -172 0
-144 -213 234 -20 161 0
-9 242 297 -226 0
-262 -198 110 75 0
-66 127 -296 -89 0
105 -184 -235 99 0
66 130 120 252 0
-296 89 -127 -66 0
-307 -293 -281 207 -181 0
151 127 -167 -89 0
253 83 304 22 0
3 124 -268 169 0
-309 -187 256 55 0
-162 1 30 -113 0
241 139 -299 -128 0
-64 -58 -216 -286 -21 0
295 -86 -189 -265 81 0
162 -132 279 37 -113 31 0
-97 29 164 -280 0
-118 -246 -221 -57 -15 0
86 295 81 -265 189 0
178 -275 -244 257 -137 0
163 -52 5 -195 -191 0
-209 -35 -205 238 -237 0
-123 102 32 -212 0
-272 136 -204 270 0
-102 -63 82 -258 0
131 -273 43 -30 0
-206 6 -153 -170 -17 0
-289 156 300 -259 0
77 16 233 112 0
-124 -169 -75 -298 0
47 -287 -293 -181 48 0
142 101 -165 12 0
287 53 -47 -137 -79 0
3 268 -124 169 0
-164 -248 104 280 -303 0
-271 243 -133 -190 0
-206 -153 -170 17 -6 0
-151 207 -307 -6 0
-283 232 -140 -305 0
243 261 -56 39 0
-160 -251 -276 158 -27 0
-254 99 -186 -235 91 0
-247 126 -236 -48 -78 0
-147 -61 -288 13 0
57 -15 118 -246 -221 0
-205 209 -35 -237 238 0
-305 283 140 232 0
-126 -247 -228 46 0
247 46 126 -228 0
-180 107 -275 178 -264 185 0
188 114 251 -3 0
273 -246 118 148 0
-195 -250 -237 238 0
56 277 111 296 0
-34 119 72 24 0
-164 -303 -104 280 -248 0
-133 -51 4 -271 0
237 -238 -195 250 0
271 -133 192 -46 0
277 -243 111 -260 0
24 34 -66 -80 0
-182 -134 209 61 205 0
-267 157 35 -19 0
98 -251 -88 231 0
-179 -184 181 -293 0
296 56 277 -111 0
121 -171 -245 -65 0
10 260 202 76 0
10 -76 260 -202 0
-92 278 -36 146 179 0
18 -90 143 -159 8 0
-99 -186 -235 -254 -91 0
-102 -222 -301 -166 0
-126 78 -236 48 247 0
-258 168 -180 107 82 0
-144 -234 75 141 0
-17 -153 -6 206 -170 0
256 141 -59 -125 0
182 205 61 -209 134 0
-180 275 -264 -185 107 -178 0
-121 304 -90 18 0
252 113 -162 -28 -120 0
-134 282 -239 182 7 0
-16 -77 112 -233 0
191 -5 195 -163 52 0
211 -301 309 -222 187 0
-16 233 77 112 0
-122 95 199 -60 -298 0
-113 28 -120 252 162 0
-119 72 34 -24 0
-172 -192 201 72 0
-285 11 -311 218 0
159 172 201 -143 7 -239 0
158 310 276 135 0
88 98 231 251 0
185 -193 -249 264 46 0
-63 -82 258 102 0
108 -225 -229 223 0
242 198 110 129 0
193 -185 249 -264 -46 0
-22 71 -94 -83 0
-51 133 -271 4 0
99 -235 184 -105 0
-164 -97 29 -280 0
29 -189 86 274 0
199 -122 -136 -227 302 -272 0
-280 -164 303 248 104 0
205 -182 134 61 -209 0
293 181 307 281 207 0
210 -170 -17 45 286 -216 0
-113 -28 162 252 120 0
-96 212 -183 32 0
162 -132 31 -37 -113 279 0
-310 68 84 270 0
-97 206 -153 15 0
-218 156 148 285 0
181 287 -48 -293 47 0
210 -17 216 -286 -170 45 0
-182 -134 -245 161 213 0
273 -118 246 148 0
-203 308 104 248 0
-142 -116 -165 -4 0
302 -122 -272 227 -199 -136 0
-229 286 211 216 0
176 2 130 -223 0
-143 7 -172 201 -239 -159 0
-9 185 264 -310 0
-21 61 31 37 0
-136 -227 -199 122 -302 272 0
-61 31 37 21 0
311 -218 285 -11 0
71 22 -94 -83 0
134 -61 -209 -205 -182 0
-130 120 -252 66 0
-4 67 -19 -267 0
-133 51 271 -4 0
-185 -107 275 -178 180 264 0
-144 -161 213 -234 20 0
-60 -29 95 -250 0
204 220 -265 -306 -295 0
-217 -45 -210 26 -40 0
-108 -225 229 223 0
-265 295 -262 -62 0
-146 -36 -278 -92 -179 0
234 -144 142 -165 14 0
19 -267 4 67 0
127 167 -89 -151 0
18 -228 8 -90 0
79 -47 137 53 -287 0
-224 -284 -163 115 -52 0
11 52 -282 163 0
-274 -176 2 -173 0
275 -264 -178 -180 107 185 0
-253 100 -291 208 0
308 -59 81 -125 0
38 -233 -260 292 0
-244 284 -257 256 0
-97 -244 -257 -106 0
-231 -98 112 117 0
311 -109 -292 -38 0
32 212 230 -42 119 0
210 -17 -45 -170 286 216 0
-205 -35 237 -209 238 0
-103 -31 -149 -37 131 -43 0
46 247 -228 -126 0
-228 -128 -103 -149 0
203 254 -54 -186 0
-167 7 239 -67 0
65 245 121 171 0
93 115 224 200 0
79 -254 -186 294 -53 0
-311 33 -221 -57 0
272 136 -122 227 -199 -302 0
-22 94 -71 -83 0
58 -286 -216 64 21 0
-229 225 -223 -108 0
17 -216 -170 -210 286 45 0
132 279 -281 -128 0
-270 272 136 204 0
-296 -66 89 127 0
-215 -159 -296 143 0
286 229 -211 216 0
-299 -241 139 128 0
132 281 -279 -128 0
-132 146 279 -278 -109 0
249 46 -185 264 -193 0
165 142 -116 4 0
95 199 298 -122 60 0
-112 -98 -231 -117 0
267 -19 -67 -4 0
132 278 -279 146 109 0
301 102 -222 166 0
213 -100 -168 -161 0
-151 -127 -167 -89 0
-187 -222 -211 -301 -309 0
-134 182 -7 282 239 0
-272 -136 204 270 0
-103 149 -131 -37 -31 -43 0
139 128 241 299 0
-178 185 264 -107 -180 -275 0
51 -289 -306 220 0
215 246 118 -250 0
79 53 -47 287 -137 0
257 -244 106 -97 0
46 126 -247 228 0
-182 -134 -205 61 -209 0
-180 -168 -107 258 82 0
37 31 103 131 149 -43 0
-219 -64 -58 282 0
289 302 -129 227 0
-111 260 -243 -277 0
-209 91 205 85 0
-114 72 305 -188 0
78 247 48 126 -236 0
-309 129 -187 130 0
-119 -10 -202 -116 0
70 -20 -38 -292 269 0
-227 -199 -122 -272 -136 302 0
160 -27 288 -298 0
244 -257 97 106 0
244 -256 -284 -257 0
8 90 228 18 0
-80 -154 63 -25 0
-256 257 244 -284 0
-31 -279 132 -37 113 -162 0
99 -254 -186 235 -91 0
126 138 247 -51 0
241 299 -6 229 0
-170 6 17 153 -206 0
137 297 221 226 57 0
-167 -270 258 82 0
-278 146 92 -179 -36 0
201 -7 -239 172 159 143 0
155 81 -44 263 0
-259 -289 156 -300 0
74 195 -210 45 0
-96 -175 23 -123 0
-261 87 39 -85 0
-44 81 -155 263 0
-289 -51 306 220 0
-199 -122 -94 -123 0
-273 -246 -148 118 0
-147 288 61 13 0
209 -238 -237 -35 -205 0
-186 -53 -294 -79 -254 0
209 -205 35 237 -238 0
-113 162 120 -252 28 0
-142 -14 144 -234 165 0
159 215 296 143 0
188 114 33 -174 0
-293 -207 -281 307 181 0
-4 -116 -165 142 0
-106 244 -97 -257 0
250 246 118 -215 0
250 -246 118 215 0
137 -53 -287 -79 -47 0
-56 -207 307 -13 -147 0
160 -1 -27 -3 0
-213 -182 245 161 134 0
182 -239 134 -7 282 0
303 -255 203 -50 0
104 280 303 164 248 0
-169 -49 -43 124 131 0
-42 -194 -232 -230 0
-115 -284 224 -163 -52 0
257 97 -106 -244 0
-223 -28 -104 248 0
8 -159 90 -18 -143 0
-206 62 -153 -30 0
190 252 -308 120 0
-134 -7 -239 282 182 0
263 -155 81 44 0
-95 -288 60 135 0
-197 154 25 -76 0
147 13 -211 -281 0
145 217 71 40 0
89 127 -69 197 0
168 -180 -258 82 -107 0
-307 -281 181 293 207 0
172 -159 7 201 143 -239 0
-70 38 -292 -20 -269 0
-176 -2 223 -130 0
-18 8 -90 228 0
-98 88 251 -231 0
-132 -279 -31 162 -37 113 0
82 258 167 270 0
171 -65 -28 87 0
-284 52 -224 -115 -163 0
9 -226 -242 297 0
-267 19 145 268 0
-49 43 131 124 169 0
180 -178 185 264 107 275 0
231 -88 -98 251 0
-198 -101 -303 110 0
-234 20 213 161 -144 0
309 -187 301 -211 222 0
-308 125 -81 59 0
-31 -103 -37 131 43 149 0
-224 -115 284 163 52 0
-289 306 -220 51 0
-137 -226 297 -57 221 0
-74 45 -210 -195 0
-283 -8 -11 140 0
279 -278 -109 -132 -146 0
31 37 279 113 132 162 0
202 10 119 -116 0
-275 264 180 185 178 107 0
-199 -298 -60 95 -122 0
-286 170 210 17 45 -216 0
-20 70 -292 -269 -38 0
47 -287 -48 181 -293 0
-197 -42 -240 230 0
-15 57 -246 221 118 0
-184 -105 235 -99 0
58 64 -21 286 -216 0
249 193 88 -263 0
-108 -225 96 301 -222 0
80 -25 -154 -63 0
-111 296 -56 -277 0
261 -85 39 87 0
-137 -79 47 -287 -53 0
257 256 284 244 0
196 -294 -78 -236 0
-105 -238 -227 237 302 0
-179 293 -181 184 0
301 -108 -225 96 222 0
62 30 -206 153 0
-252 308 -120 190 0
304 148 191 -5 0
-148 273 118 246 0
132 37 113 -162 31 279 0
22 240 -83 101 0
169 -124 -3 -268 0
-193 263 249 -88 0
201 -172 192 -72 0
53 -79 254 -294 -186 0
-60 -95 298 -199 122 0
-118 -250 -215 246 0
173 -217 40 183 0
-200 171 -65 -74 0
10 -260 -202 76 0
-103 -14 149 219 0
-184 -36 276 -158 92 0
127 -197 69 89 0
-159 -18 90 143 -8 0
-259 -300 191 150 5 0
201 -172 239 159 -143 7 0
182 213 -134 245 -161 0
73 214 151 -105 0
252 -66 120 -130 0
269 194 70 290 0
-21 61 31 -37 0
-234 144 20 -213 161 0
-95 199 -298 -60 122 0
-224 115 -200 233 0
310 68 -270 84 0
-160 -27 288 -298 0
-68 310 270 84 0
268 -267 -19 -145 0
164 -97 280 29 0
-298 -199 -95 -122 -60 0
-311 38 -109 -292 0
163 -282 -52 -11 0
206 -30 -62 153 0
147 288 13 -61 0
-114 188 251 3 0
-188 114 174 -33 0
279 -162 -37 -132 -31 113 0
-139 16 54 -77 0
-204 295 -220 306 -265 0
279 -37 162 113 31 132 0
-180 107 -168 -82 258 0
49 43 -169 -131 -124 0
172 -192 201 -72 0
-112 -77 233 -16 0
90 -159 -8 143 18 0
73 48 -214 71 0
255 -203 50 303 0
62 -25 -154 268 0
-126 -247 138 -51 0
93 41 152 177 0
48 71 214 73 0
-68 290 -204 84 0
-236 -78 -196 294 0
-287 53 79 -137 47 0
-52 -163 -191 -195 5 0
232 -230 42 -194 0
-146 -278 -179 36 -92 0
-112 201 172 245 0
105 -151 -73 214 0
166 222 301 102 0
-79 53 -273 -88 0
249 185 -46 -193 264 0
-241 -189 -192 86 299 0
-225 -96 222 108 301 0
-102 -82 63 258 0
26 -210 40 217 -45 0
-109 311 -38 292 0
305 -72 -114 188 0
-41 177 284 12 0
102 258 -63 82 0
-245 -112 -172 201 0
-218 -156 148 -285 0
30 -273 -43 131 0
178 264 275 -180 -107 -185 0
151 -207 -6 307 0
227 -302 -129 -289 0
-61 209 134 205 -182 0
157 -140 -15 283 0
100 -213 -161 -168 0
-249 -193 -88 -263 0
-146 109 132 279 278 0
74 65 171 -200 0
204 -220 -306 -295 -265 0
-25 -154 -62 -268 0
122 199 -136 -272 302 227 0
13 -207 147 307 -56 0
118 246 -221 -57 15 0
-115 93 -200 -224 0
11 282 -52 163 0
202 10 116 -119 0
-280 -164 -248 -104 303 0
191 -5 259 -150 300 0
189 86 -29 -274 0
191 -52 5 -195 163 0
-174 33 -188 -114 0
211 301 222 309 187 0
-206 153 97 -15 0
170 -91 -305 17 0
-20 -261 196 39 0
79 47 53 287 -137 0
259 -300 191 5 -150 0
-92 36 -74 -135 0
162 120 113 -252 -28 0
47 48 -181 -287 293 0
12 165 101 -142 0
12 -41 -177 284 0
-118 -15 221 -246 57 0
283 305 140 -232 0
-40 -45 -26 -210 217 0
109 -285 218 -21 0
205 -237 209 -238 -35 0
242 157 -220 -306 0
256 187 -55 309 0
-129 187 -309 -130 0
218 156 285 148 0
133 -46 -271 192 0
-121 -44 -67 155 0
43 -103 37 -131 -149 31 0
258 -102 63 82 0
-250 -118 -215 -246 0
226 290 -166 297 0
189 -295 265 86 -81 0
115 -284 163 52 224 0
44 155 -121 67 0
-279 278 -109 132 -146 0
-21 -285 -109 -218 0
211 216 -229 -286 0
-37 21 -31 61 0
308 252 -190 120 0
263 236 78 14 0
249 193 174 -266 0
-272 -270 204 136 0
-275 -185 107 -264 -180 178 0
52 -11 -163 -282 0
-154 25 80 63 0
-38 -292 109 -311 0
1 -160 3 -27 0
-280 -303 248 -104 -164 0
-31 -149 -103 37 -131 43 0
-162 -28 -252 120 -113 0
212 119 32 -42 -230 0
298 160 288 27 0
151 -127 89 -167 0
45 -26 40 217 -210 0
232 230 194 42 0
-156 285 -148 -218 0
-10 116 119 -202 0
-13 -147 56 207 -307 0
165 -12 142 101 0
-90 -143 159 -18 -8 0
-239 159 -7 201 172 -143 0
226 -242 -9 -297 0
141 -176 -2 117 0
161 182 134 213 245 0
133 4 271 51 0
245 182 213 161 -134 0
-110 262 75 -198 0
262 259 -300 -219 0
-249 -174 266 193 0
-31 -37 -113 -279 -132 -162 0
301 108 96 225 -222 0
-191 195 52 5 163 0
-95 -122 -199 60 -298 0
-272 253 136 69 0
-291 -166 -179 208 0
257 97 106 244 0
245 -213 161 -134 182 0
49 131 -169 124 43 0
276 160 251 -158 27 0
234 142 165 14 144 0
-198 -110 -101 303 0
-47 181 287 -293 -48 0
-65 245 -121 171 0
293 307 281 207 -181 0
-221 -57 311 -33 0
-150 164 -35 -280 0
105 -237 302 -238 -227 0
-270 -68 310 -84 0
-184 -276 -36 92 158 0
-121 -65 -171 245 0
238 205 -35 -237 209 0
-136 272 122 227 -302 199 0
48 47 287 -181 -293 0
-277 -296 56 -111 0
213 -100 -168 161 0
28 -65 -87 171 0
119 -32 -42 230 212 0
93 -291 208 -274 0
-24 72 -34 119 0
293 287 48 -181 -47 0
224 -93 -200 115 0
116 165 -4 142 0
-248 308 104 -203 0
-49 -26 -278 -146 0
102 123 -212 -32 0
177 41 -294 -26 0
152 240 -255 50 0
-7 143 239 201 172 -159 0
-40 -183 -173 -217 0
203 255 303 -50 0
-140 11 -8 283 0
-34 -24 139 116 0
248 -104 -308 -203 0
143 -90 159 8 18 0
-130 223 -2 176 0
145 -70 215 269 0
-87 -171 28 -65 0
-302 -227 289 -129 0
-271 46 -133 -192 0
47 -53 137 79 287 0
291 179 -166 -208 0
113 162 -252 -120 -28 0
-257 275 -137 244 178 0
-1 27 160 3 0
135 -92 -36 74 0
106 -244 97 -257 0
26 40 210 -217 -45 0
-287 -47 -152 -63 0
-293 181 179 184 0
-217 40 -71 -145 0
266 87 -178 -275 0
-300 259 -150 5 -191 0
-189 -81 -86 295 265 0
-137 178 -257 -244 275 0
167 -89 151 -127 0
285 -311 11 218 0
240 255 -152 50 0
-14 142 144 -165 234 0
253 -69 -272 -136 0
190 -44 155 49 0
-234 161 213 20 144 0
287 47 48 293 181 0
-247 -78 -48 236 -126 0
-14 -263 -236 78 0
117 -2 176 141 0
30 -43 273 -131 0
-80 -63 -154 25 0
-130 176 2 223 0
-169 3 124 268 0
144 -142 -14 -165 -234 0
278 -49 146 26 0
-272 227 -302 -136 -199 122 0
-301 -211 187 309 222 0
161 -213 -234 -144 20 0
-207 293 -181 307 281 0
30 1 -162 113 0
-306 -220 51 -289 0
-179 92 36 146 278 0
294 79 254 -53 -186 0
-143 172 -7 159 239 201 0
206 6 17 -153 -170 0
116 4 -142 165 0
-3 -188 -114 251 0
-140 15 -283 -157 0
227 238 -302 -105 -237 0
103 -219 14 -149 0
7 67 167 239 0
137 -257 -275 244 178 0
-80 -77 -16 85 0
57 311 -33 221 0
145 70 -269 215 0
-59 -125 174 -12 0
310 9 -264 185 0
262 -295 265 -62 0
-201 -159 143 172 7 239 0
-275 -180 178 107 264 185 0
-100 23 -196 175 0
163 -52 115 224 284 0
132 31 162 -113 -37 -279 0
-286 -58 21 216 64 0
-61 134 205 209 182 0
-31 37 131 -103 43 -149 0
294 -177 -26 -41 0
-265 86 -295 -81 189 0
-263 155 44 81 0
309 129 -130 187 0
257 178 137 275 -244 0
-122 123 94 199 0
-115 224 163 -284 -52 0
150 -191 5 300 -259 0
166 -102 222 -301 0
-24 34 116 -139 0
-127 -66 296 -89 0
-121 245 65 -171 0
47 79 -287 137 -53 0
-264 107 -185 180 -178 -275 0
-304 121 18 -90 0
97 29 280 -164 0
179 -291 166 -208 0
-203 -254 -186 54 0
69 23 175 138 0
137 -287 53 -79 -47 0
106 202 -10 -76 0
123 -96 -23 -175 0
108 -223 229 -225 0
43 -31 -149 -37 -131 103 0
297 226 137 57 -221 0
1 -235 266 99 0
-147 -281 13 211 0
92 158 36 184 -276 0
-124 49 -131 -169 -43 0
-235 -91 186 254 99 0
-7 239 282 134 -182 0
-295 204 265 306 -220 0
-155 -263 44 -81 0
231 98 112 117 0
-190 243 -133 271 0
33 -54 111 277 0
-187 -301 -211 309 -222 0
-132 37 279 -31 162 -113 0
-53 186 294 -254 79 0
-115 -224 233 -200 0
125 -59 -308 81 0
-5 195 163 52 -191 0
-169 -3 -124 -268 0
204 265 295 -306 -220 0
219 -58 -282 64 0
243 -260 -277 -111 0
41 284 -12 177 0
222 -301 -166 102 0
-191 5 148 -304 0
-253 22 304 -83 0
300 -262 259 -219 0
-24 34 -66 80 0
-280 -104 -303 248 164 0
-18 121 304 -90 0
118 -57 15 221 -246 0
-1 -160 -27 -3 0
8 140 -283 11 0
92 158 276 -184 -36 0
-191 -195 -163 -5 -52 0
-65 -74 -200 -171 0
287 -63 47 152 0
89 197 -127 -69 0
-278 -36 -92 -179 146 0
-210 170 -286 -45 -216 -17 0
-122 -298 -95 -60 199 0
31 -132 162 -113 -279 -37 0
290 -70 -269 -194 0
201 112 172 -245 0
150 280 35 164 0
62 265 295 -262 0
-179 -166 -291 -208 0
-231 -251 -98 -88 0
-243 271 190 -133 0
275 178 180 -107 185 -264 0
-245 182 134 -161 -213 0
184 293 181 -179 0
-132 -281 128 279 0
-215 -145 269 -70 0
224 -115 233 -200 0
275 -107 -180 -178 -185 -264 0
-242 -306 220 -157 0
-197 69 89 -127 0
107 -180 185 -178 -275 264 0
-292 233 -38 260 0
-249 263 193 -88 0
-114 33 188 174 0
-74 135 36 92 0
249 46 264 193 -185 0
115 284 -163 224 52 0
289 -259 300 -156 0
235 91 186 -99 254 0
-265 204 295 220 306 0
37 -43 103 -149 131 31 0
-301 166 -222 102 0
-159 -143 201 -7 -239 -172 0
155 121 -44 67 0
-197 -230 -240 -42 0
-207 -181 281 -293 -307 0
-199 122 -272 -227 136 302 0
-58 64 21 216 286 0
-266 -99 1 -235 0
19 -35 157 -267 0
-28 -113 -162 -252 -120 0
58 64 219 282 0
211 -301 309 -187 222 0
147 61 -288 13 0
-123 -32 -102 -212 0
-200 115 93 -224 0
-235 -99 -254 -91 186 0
243 190 133 271 0
-261 -39 -87 -85 0
267 -19 145 268 0
-234 165 144 14 142 0
-143 296 215 159 0
-63 -82 102 -258 0
187 -211 -309 -222 -301 0
-279 146 -278 -109 -132 0
-31 -113 -162 37 279 132 0
98 150 231 194 0
-252 130 120 -66 0
-59 125 12 174 0
-286 58 -64 216 21 0
202 76 10 106 0
273 88 53 -79 0
225 -108 -222 96 -301 0
-185 178 180 275 107 264 0
306 242 220 -157 0
185 275 -180 -107 264 -178 0
-64 58 -216 286 21 0
-269 194 -290 -70 0
35 19 -157 267 0
-33 -277 111 54 0
-193 185 46 -264 -249 0
-154 -197 -25 76 0
-298 60 122 199 -95 0
-145 -71 -217 -40 0
161 20 213 234 144 0
274 291 -208 93 0
-44 -81 -263 155 0
-122 60 199 -95 -298 0
-287 -48 -47 293 -181 0
-169 298 75 124 0
-166 -179 208 291 0
28 -223 248 104 0
-56 -147 -13 -307 -207 0
-304 -83 253 -22 0
-135 74 36 92 0
52 -11 163 282 0
251 158 -276 27 160 0
134 282 -239 7 182 0
210 217 40 26 45 0
20 -196 39 261 0
-131 -169 124 -43 49 0
173 -255 -156 -50 0
199 227 -122 136 -272 -302 0
-180 94 55 107 0
93 -152 -41 -177 0
72 -172 -201 -192 0
-112 98 -231 -117 0
146 -278 49 26 0
170 210 -286 -216 -45 -17 0
279 -31 -37 -162 -113 -132 0
-97 -29 -164 280 0
133 -190 -243 271 0
187 130 309 -129 0
-20 161 234 213 -144 0
-266 -193 249 174 0
-47 287 79 137 -53 0
164 -248 303 -280 -104 0
-5 -191 148 -304 0
135 -276 -158 -310 0
271 -51 133 -4 0
222 -301 -108 225 -96 0
290 194 -70 269 0
234 165 -144 -14 142 0
108 301 -96 -225 -222 0
80 -85 -16 -77 0
-69 136 -253 -272 0
-227 -136 302 122 -199 272 0
-60 250 29 95 0
32 42 212 230 119 0
119 230 42 212 -32 0
116 -34 24 139 0
164 -280 -29 97 0
219 103 149 -14 0
-12 -101 165 -142 0
-165 -14 -144 -234 142 0
301 -187 222 -211 -309 0
138 -84 -68 232 0
-74 -45 195 -210 0
-85 -209 -205 91 0
-61 209 182 -134 205 0
-113 -162 132 -279 -31 -37 0
-286 -210 17 170 45 216 0
277 -111 260 243 0
253 208 -100 -291 0
-149 219 -103 14 0
189 -86 -29 274 0
-67 -155 -121 44 0
-199 227 136 -302 -272 -122 0
48 -236 -247 -78 -126 0
129 227 -289 302 0
-114 -33 -188 174 0
-147 -61 288 -13 0
245 134 -182 213 161 0
278 179 146 36 -92 0
94 -199 -122 123 0
225 301 -222 -108 96 0
-184 -235 -105 -99 0
-118 -246 -148 -273 0
71 214 48 -73 0
238 -302 105 -227 237 0
-194 42 230 -232 0
24 -119 -72 34 0
225 229 223 108 0
299 -192 -241 189 86 0
266 -178 275 87 0
169 -3 124 268 0
-261 20 196 -39 0
67 239 -7 -167 0
82 -270 167 -258 0
307 -207 -293 281 -181 0
-305 232 283 -140 0
36 -179 -146 -92 278 0
38 292 -70 20 -269 0
-26 45 217 210 -40 0
6 207 -151 307 0
-305 -17 -91 170 0
-86 274 29 -189 0
268 -25 154 -62 0
-38 292 233 260 0
-18 90 -143 -8 159 0
-308 104 248 203 0
-158 276 -135 -310 0
-82 270 -258 167 0
-140 15 283 -157 0
96 183 -32 212 0
-213 -168 161 -100 0
152 -41 177 -93 0
160 3 1 -27 0
-185 310 264 -9 0
-53 186 -294 -79 -254 0
154 -25 -197 -76 0
-202 106 10 -76 0
199 -302 -136 -122 227 272 0
135 -276 158 310 0
-239 -201 -143 172 7 -159 0
174 188 -33 114 0
228 149 103 -128 0
75 141 -234 144 0
204 290 68 -84 0
-238 237 205 35 209 0
28 -248 -104 -223 0
199 -302 122 227 272 136 0
-109 -218 285 21 0
-19 145 -267 -268 0
225 -223 108 -229 0
-248 -280 104 -164 303 0
-105 227 -302 237 238 0
-209 -237 -238 -205 -35 0
-239 67 -167 -7 0
-14 -103 -149 -219 0
301 -166 222 -102 0
26 -294 -41 177 0
-244 -256 -257 -284 0
153 6 -17 170 206 0
-190 49 155 44 0
198 -110 -242 -129 0
134 -7 282 239 182 0
-140 305 -232 283 0
-198 -75 -262 -110 0
90 18 8 -143 -159 0
-220 -51 306 289 0
295 220 -306 -204 -265 0
111 243 277 260 0
152 -63 47 -287 0
-207 307 281 293 181 0
-223 -108 -229 -225 0
245 -161 213 134 182 0
-177 294 -26 41 0
12 -59 -174 -125 0
110 101 198 303 0
-285 218 21 -109 0
-39 87 -85 261 0
-167 270 82 -258 0
256 -244 -284 257 0
210 170 -45 -286 -216 17 0
153 97 206 -15 0
96 -175 123 23 0
267 67 -19 4 0
137 -257 -178 -244 -275 0
-310 276 -135 158 0
140 -232 -305 -283 0
119 72 34 24 0
257 -137 275 -244 -178 0
-174 -12 125 -59 0
-198 110 -129 -242 0
235 184 99 105 0
240 -22 101 -83 0
-196 -20 -261 -39 0
-277 -111 -33 -54 0
5 -195 191 -163 -52 0
100 291 208 -253 0
-4 -67 267 19 0
65 -28 -87 171 0
160 -276 -27 158 -251 0
294 53 -79 186 254 0
-219 282 64 -58 0
-9 183 64 -58 0
-130 -129 -309 -187 0
-131 149 -31 -37 -103 43 0
-134 -205 -61 182 209 0
164 280 -29 97 0
304 191 -148 5 0
33 114 -174 -188 0
-233 224 115 -200 0
186 53 -294 79 -254 0
-15 157 283 140 0
201 112 245 -172 0
-169 -75 -298 124 0
-164 35 280 -150 0
85 -87 39 261 0
-293 48 -47 287 -181 0
-207 -307 281 293 -181 0
240 -42 197 230 0
125 -141 -59 256 0
-180 -107 -82 258 -168 0
124 169 -298 75 0
-17 170 286 -210 -216 45 0
126 -228 -46 -247 0
-32 -212 -96 -183 0
-84 232 138 68 0
60 298 122 199 95 0
-35 267 157 19 0
-17 -153 -6 170 -206 0
235 -99 -91 -254 186 0
209 237 -35 238 -205 0
-39 -196 20 261 0
212 96 32 183 0
14 -142 -165 -144 234 0
260 233 292 38 0
69 138 23 -175 0
-75 234 -144 141 0
15 221 -57 -118 -246 0
23 -196 -100 -175 0
-256 -309 187 -55 0
238 35 205 -209 237 0
-280 -150 -35 -164 0
281 211 13 147 0
-249 -193 -264 -185 46 0
-174 -266 -193 -249 0
165 234 -142 14 -144 0
41 -177 284 12 0
-89 127 69 -197 0
105 -99 184 235 0
-309 256 187 55 0
66 252 -120 -130 0
-15 206 97 -153 0
135 74 -36 92 0
278 -146 -26 -49 0
-112 -201 -172 -245 0
116 119 202 -10 0
-195 -238 -237 -250 0
301 -211 -309 -222 187 0
285 -148 218 -156 0
-48 126 -236 -247 78 0
-276 -92 158 -184 36 0
48 126 247 -78 -236 0
-257 -178 137 -275 244 0
-140 -232 -283 305 0
-127 66 -296 -89 0
154 -268 25 62 0
-31 103 -149 131 43 -37 0
-57 -297 221 226 137 0
-207 -147 307 13 56 0
47 -152 287 63 0
-151 73 105 214 0
239 -134 -182 7 282 0
48 78 -126 -247 -236 0
58 -286 64 216 -21 0
299 -241 -86 -189 -192 0
254 186 -294 -53 79 0
-250 -215 -246 118 0
-161 -100 168 -213 0
286 216 45 -210 -17 170 0
200 -93 115 -224 0
31 21 -61 -37 0
261 -39 -20 196 0
290 -297 166 226 0
-6 -229 241 -299 0
-288 95 135 -60 0
-57 -118 246 -221 -15 0
-195 -5 -163 -191 52 0
-170 -17 91 -305 0
215 250 -118 246 0
-159 -172 -7 239 201 -143 0
-85 -80 16 77 0
134 -182 213 245 -161 0
109 -21 -218 285 0
284 -52 224 -163 115 0
-120 -66 -252 130 0
236 -78 294 196 0
-23 -138 -175 69 0
277 -111 -56 -296 0
122 199 123 94 0
235 91 254 186 99 0
18 -8 -90 -159 -143 0
-160 -27 298 -288 0
-3 -268 -169 124 0
-264 185 -193 -46 249 0
-76 -106 202 10 0
-78 236 126 -48 247 0
251 -231 98 88 0
-304 22 -83 253 0
166 -179 291 -208 0
-48 -78 -126 236 247 0
-221 -297 -57 -137 226 0
-177 41 -294 26 0
266 -193 249 -174 0
-310 158 -276 -135 0
105 302 237 227 238 0
17 -170 -305 -91 0
128 -299 241 -139 0
14 -103 -219 149 0
148 -273 118 246 0
-72 -24 119 34 0
-180 107 -168 82 258 0
19 -267 -268 -145 0
266 -1 235 -99 0
-261 39 -56 243 0
-125 81 59 308 0
100 213 168 161 0
-89 -127 69 197 0
272 136 -253 -69 0
130 -120 -66 252 0
-240 22 83 101 0
-108 222 -301 -225 -96 0
168 213 100 -161 0
110 303 101 -198 0
188 114 -305 -72 0
-146 -278 -132 -279 -109 0
230 -212 -42 119 -32 0
-205 209 -85 91 0
117 214 73 -106 0
-260 38 -292 233 0
112 233 -77 16 0
75 144 141 234 0
154 -63 -80 25 0
187 -256 309 55 0
107 275 264 178 -180 -185 0
122 -272 -302 -227 -199 136 0
-68 -270 -310 84 0
-81 -125 -308 59 0
172 201 192 72 0
-154 25 197 76 0
15 246 -57 -118 221 0
224 -233 200 -115 0
-226 -297 -57 137 -221 0
34 139 116 24 0
189 295 -86 -81 -265 0
-238 -302 -105 227 -237 0
62 206 153 30 0
179 -293 -184 -181 0
-115 -233 200 -224 0
-18 90 -121 -304 0
-20 38 269 70 292 0
-213 -182 -134 161 -245 0
-87 178 -275 -266 0
255 -303 -203 -50 0
158 27 276 160 251 0
-202 119 116 10 0
-114 -305 -72 -188 0
-263 236 -14 78 0
264 275 185 178 -107 180 0
70 -194 -269 -290 0
120 -162 -28 113 -252 0
77 -139 -16 54 0
60 95 135 288 0
-243 56 -39 261 0
108 225 168 55 0
211 -147 281 -13 0
199 -272 136 227 -302 122 0
-80 -34 24 -66 0
132 281 128 279 0
46 271 133 192 0
-72 -119 -24 -34 0
-5 -195 -191 163 -52 0
-294 79 -186 -254 53 0
-61 -37 -31 -21 0
-228 -8 -90 -18 0
-255 -203 -50 -303 0
-4 165 -116 -142 0
-195 -191 -163 52 5 0
-33 -57 -311 221 0
221 311 -57 33 0
58 -21 -216 -286 -64 0
241 -299 189 -86 -192 0
-154 25 268 -62 0
18 90 -121 -304 0
-157 35 -19 267 0
74 171 -65 200 0
-143 -8 90 159 18 0
25 76 197 154 0
-259 -5 -150 191 -300 0
104 -28 -248 223 0
-226 -166 290 297 0
-76 25 -154 -197 0
-78 236 14 -263 0
-126 -51 247 138 0
-70 145 -215 -269 0
218 21 285 -109 0
-38 -20 292 -70 269 0
48 287 -47 181 293 0
-89 -127 -69 -197 0
131 43 -124 -169 49 0
309 301 -187 -211 -222 0
20 234 144 161 -213 0
210 -45 -74 195 0
281 13 -147 -211 0
21 -218 109 -285 0
199 -272 -136 -122 302 227 0
-60 288 -135 -95 0
-224 -233 200 115 0
169 298 -124 75 0
220 -295 265 -204 306 0
-2 274 176 -173 0
-86 265 -295 81 189 0
-184 36 -276 92 -158 0
154 80 25 63 0
210 45 -286 17 -216 -170 0
-2 -117 -141 176 0
-87 178 266 275 0
-64 216 -58 21 286 0
276 135 -158 310 0
-85 -16 77 -80 0
-190 -120 -252 -308 0
100 -175 196 23 0
-166 -297 -290 226 0
-37 131 103 149 31 -43 0
-190 -44 -155 -49 0
-210 -45 40 26 -217 0
242 157 306 -220 0
-43 -131 -31 103 -149 -37 0
-9 58 183 -64 0
81 295 -86 265 189 0
185 107 264 275 -180 -178 0
-142 -101 -165 -12 0
-234 -141 -75 -144 0
-187 -301 211 222 -309 0
-74 45 195 210 0
-3 188 -114 -251 0
-302 -199 136 122 -227 272 0
143 -18 -8 -159 -90 0
-138 175 23 -69 0
-114 -33 -174 188 0
-231 112 98 117 0
-274 93 -291 -208 0
173 176 2 -274 0
185 -46 -264 193 -249 0
-311 -218 11 285 0
251 -276 27 -160 -158 0
84 68 -204 -290 0
-79 -186 53 -294 -254 0
-20 38 -269 292 70 0
-275 -264 -178 -107 -180 -185 0
19 -267 -4 -67 0
137 226 -57 -221 297 0
263 -193 88 -249 0
-36 146 278 179 92 0
-41 -177 26 -294 0
-286 211 -216 229 0
181 207 -307 -293 281 0
302 -237 227 105 238 0
-58 219 -282 -64 0
-26 45 -210 40 -217 0
-300 -5 191 259 150 0
85 80 77 -16 0
68 -84 -232 -138 0
247 236 126 48 78 0
-137 -57 226 297 221 0
60 -29 250 95 0
-40 145 -217 71 0
287 -53 -79 -137 -47 0
-137 178 257 244 275 0
-289 156 259 300 0
-213 -182 -134 245 -161 0
-99 -91 -254 235 -186 0
286 -229 -216 211 0
-30 162 -113 1 0
154 80 -25 63 0
-119 -10 202 -116 0
-94 199 -123 122 0
52 191 5 163 195 0
96 -222 -225 -108 -301 0
-56 -147 -13 307 207 0
-199 -122 -136 -272 -227 -302 0
215 -159 143 296 0
-194 -232 230 -42 0
292 -38 269 70 -20 0
136 -227 -199 122 302 272 0
53 -88 -273 79 0
113 162 -31 37 279 132 0
217 -40 173 -183 0
-78 14 263 -236 0
175 -23 138 69 0
16 85 77 80 0
195 -237 238 250 0
205 -238 35 -237 -209 0
-144 -141 75 234 0
-253 272 -136 -69 0
177 41 294 26 0
-63 -25 154 -80 0
-131 43 -169 124 49 0
52 -284 115 -163 -224 0
-282 134 182 7 239 0
86 -189 295 81 -265 0
166 226 297 -290 0
210 170 -216 -17 -286 45 0
136 -204 272 270 0
180 -82 168 258 -107 0
-251 -188 114 3 0
-54 -16 139 77 0
-292 38 -233 260 0
-83 -101 -240 22 0
-242 157 306 220 0
223 -248 -28 -104 0
-274 173 -2 -176 0
45 74 210 -195 0
105 -214 -151 73 0
307 151 -6 207 0
-209 35 -238 237 -205 0
-126 78 48 -247 236 0
269 -194 -290 70 0
-64 21 286 -58 -216 0
-287 -181 -47 -48 -293 0
-153 30 206 62 0
176 173 -2 -274 0
-38 -260 292 -233 0
217 183 173 40 0
-266 235 1 99 0
41 -152 93 -177 0
65 171 28 87 0
-184 179 293 -181 0
-160 1 27 3 0
-297 -137 57 221 226 0
107 -180 -82 -168 -258 0
-238 -227 105 -237 -302 0
53 88 79 273 0
-31 -21 37 61 0
127 296 89 66 0
130 -2 -223 -176 0
282 11 52 -163 0
-115 93 -200 224 0
32 -183 -212 96 0
108 96 225 -222 -301 0
211 301 187 309 -222 0
-118 57 -246 -15 -221 0
-242 198 110 -129 0
-163 -282 -11 -52 0
226 242 297 -9 0
-30 206 -62 -153 0
254 -99 -91 235 -186 0
26 217 40 -45 210 0
-102 -258 63 -82 0
165 234 -14 -142 144 0
204 -136 272 -270 0
201 -7 -239 143 -159 172 0
81 308 59 125 0
-156 255 50 -173 0
-207 56 -307 -147 13 0
307 -281 -293 181 207 0
88 -193 -263 249 0
78 -196 -236 294 0
204 -306 -295 -220 265 0
175 -100 -23 -196 0
212 32 42 -119 -230 0
238 237 195 250 0
-40 -210 26 217 45 0
-167 67 -239 7 0
129 242 110 -198 0
-56 -296 277 111 0
-170 305 17 91 0
-116 -139 -34 -24 0
-107 94 -180 55 0
30 131 43 273 0
-105 -214 73 151 0
237 -209 -35 -238 205 0
103 149 128 -228 0
262 -259 -300 219 0
137 244 257 -275 -178 0
-306 -220 -51 289 0
-288 -13 61 147 0
-47 -63 287 152 0
-267 -19 -157 -35 0
-191 304 -148 5 0
182 -213 161 245 134 0
292 -269 20 -70 -38 0
-271 46 133 -192 0
298 -95 122 -199 60 0
4 -67 -19 -267 0
-75 124 169 298 0
122 -136 199 -302 -227 -272 0
-279 -128 281 -132 0
213 234 20 144 -161 0
-156 -255 173 50 0
29 -60 250 -95 0
-103 31 149 131 37 -43 0
78 126 -48 -247 236 0
242 -9 -226 -297 0
-309 -55 -187 -256 0
194 -230 42 -232 0
-296 159 143 -215 0
146 179 92 -278 36 0
-19 -268 267 -145 0
-264 9 -185 310 0
264 9 -185 -310 0
42 32 -212 119 -230 0
-105 99 235 -184 0
180 258 82 107 -168 0
51 -247 -138 -126 0
-156 -300 259 -289 0
86 265 -81 -189 -295 0
162 113 -1 -30 0
-37 113 279 -31 162 -132 0
-250 60 -29 -95 0
197 230 240 42 0
6 -207 307 -151 0
-249 88 -263 193 0
-234 144 -75 -141 0
-162 -1 -30 -113 0
117 176 2 141 0
-183 -58 64 9 0
-219 300 -262 -259 0
-86 189 192 299 241 0
15 -206 -97 153 0
113 37 -31 132 279 -162 0
-89 296 127 66 0
212 -123 -102 32 0
-61 -134 182 -205 -209 0
172 -201 -239 -7 -143 -159 0
31 -279 -113 132 37 162 0
264 -46 -193 -185 -249 0
181 293 -47 -287 -48 0
-178 -266 -275 -87 0
86 192 189 241 -299 0
-215 -143 -296 159 0
-195 -250 238 237 0
67 -155 -44 121 0
-303 203 255 50 0
252 -28 -162 -120 -113 0
-53 79 273 -88 0
-74 -36 -92 -135 0
-50 255 152 240 0
30 -131 43 273 0
-199 95 298 122 -60 0
59 -12 174 125 0
-248 -280 303 164 104 0
-70 269 -292 -38 -20 0
-171 74 -65 200 0
2 -141 -117 176 0
-274 29 189 -86 0
-143 159 18 8 -90 0
-253 -208 -291 100 0
-127 296 66 89 0
100 291 253 -208 0
-111 -54 277 33 0
227 272 -136 122 302 -199 0
146 -26 49 278 0
108 301 96 225 222 0
-187 55 256 309 0
58 -64 219 -282 0
140 11 283 -8 0
16 -77 85 80 0
-299 -229 -241 6 0
185 193 -46 -264 249 0
279 146 278 132 -109 0
-226 -57 -137 -297 221 0
-71 -40 217 145 0
113 -31 162 -279 -37 132 0
-245 65 -121 171 0
140 305 232 -283 0
198 -110 -75 262 0
216 -210 -170 -17 -45 -286 0
-202 -116 10 -119 0
-8 18 90 -228 0
-101 142 165 12 0
-272 -136 -204 -270 0
-233 77 -112 16 0
-245 -201 -112 172 0
-236 -14 -263 -78 0
-300 219 259 -262 0
266 -235 -1 -99 0
168 258 82 -107 180 0
43 -49 -131 124 169 0
54 -203 -186 254 0
102 63 -258 82 0
115 200 233 224 0
-81 265 86 189 295 0
-309 187 130 129 0
-264 185 -107 -180 275 -178 0
76 -202 10 -106 0
-302 -227 -272 -122 199 -136 0
278 -146 -132 -279 -109 0
-42 -230 232 194 0
148 -118 273 -246 0
262 -259 300 219 0
147 -56 -307 -13 -207 0
298 -160 -288 27 0
-37 -149 -43 -103 31 -131 0
-187 -55 -256 309 0
75 -262 110 198 0
-115 200 -224 -93 0
7 201 239 -143 172 -159 0
266 -249 174 -193 0
-299 189 -192 86 -241 0
-134 -7 -282 -182 -239 0
-271 190 133 -243 0
269 70 145 215 0
-169 -43 -49 -124 131 0
-264 -310 185 -9 0
-54 186 254 -203 0
96 -123 -175 -23 0
-278 -109 -146 -279 132 0
-243 -261 56 39 0
11 -283 -140 -8 0
-219 103 149 14 0
-42 -212 230 32 -119 0
-251 188 3 114 0
-171 65 121 -245 0
207 147 56 -307 -13 0
265 -262 -295 62 0
-67 -239 -7 167 0
-278 -146 279 132 109 0
-238 227 -105 302 237 0
-104 248 223 28 0
-104 308 248 203 0
-10 -106 202 76 0
-198 -242 -110 129 0
45 -40 210 -217 26 0
-283 -15 -140 157 0
-189 86 -192 241 299 0
-212 32 183 -96 0
299 139 -241 128 0
-45 -17 286 -216 -210 -170 0
186 -235 91 99 -254 0
-306 289 -51 220 0
91 99 254 -186 -235 0
9 -297 -226 -242 0
-57 137 -226 -221 297 0
-71 -214 73 -48 0
-141 144 -75 234 0
-34 -80 -24 -66 0
-53 -79 273 88 0
59 125 -141 -256 0
68 84 204 290 0
2 -176 117 -141 0
216 286 58 21 -64 0
-1 -113 162 30 0
43 169 -124 131 49 0
286 -216 229 -211 0
104 248 223 -28 0
182 -161 -213 -134 -245 0
99 -266 -1 -235 0
-238 237 195 -250 0
-148 -156 218 -285 0
-204 68 -84 -290 0
105 238 -227 302 237 0
253 -22 -304 83 0
-203 -303 -255 50 0
246 -148 -118 -273 0
-170 305 -91 -17 0
-48 -73 -214 71 0
-94 -180 -107 -55 0
83 240 101 -22 0
15 246 118 221 57 0
49 -278 26 -146 0
-270 258 -167 -82 0
260 -10 202 -76 0
-163 52 5 191 -195 0
73 117 -214 -106 0
-104 280 -303 164 248 0
210 -45 -170 -286 -17 216 0
157 -19 -35 267 0
-181 -281 293 207 -307 0
-18 159 -8 90 143 0
149 -228 -103 128 0
-163 -284 52 -115 224 0
-100 253 -291 -208 0
156 -173 -50 255 0
-191 259 -5 300 150 0
-93 200 -115 224 0
-79 -294 -186 254 -53 0
302 -289 -227 129 0
-225 168 -55 108 0
-41 -152 177 93 0
-103 -31 -149 -131 37 -43 0
37 -149 -103 -131 -43 31 0
-133 271 -51 4 0
133 -190 -271 243 0
-309 -222 -187 301 -211 0
249 264 185 193 -46 0
209 -182 61 -134 -205 0
-86 -189 241 192 -299 0
210 45 26 -217 40 0
-48 -73 214 -71 0
65 74 -171 200 0
217 -173 -183 40 0
-30 131 273 -43 0
180 258 -168 107 -82 0
237 227 -302 -238 105 0
305 188 72 114 0
20 39 -261 -196 0
163 191 -5 52 -195 0
107 -264 -185 -180 -275 -178 0
302 -227 105 238 -237 0
191 -304 5 148 0
-158 -135 -276 310 0
-73 151 214 -105 0
-214 -117 73 106 0
54 254 203 186 0
-155 -121 -67 -44 0
178 -107 -180 185 -264 -275 0
6 206 170 -153 17 0
-251 -160 27 -276 158 0
259 289 300 -156 0
-275 185 180 107 -178 264 0
-230 -212 119 -32 -42 0
86 295 -81 265 -189 0
261 56 -243 39 0
-283 -157 140 -15 0
-289 -227 129 -302 0
-306 204 265 -295 220 0
227 -302 289 129 0
-124 169 -75 -298 0
122 94 -199 -123 0
-30 -131 43 -273 0
-136 -204 272 270 0
-213 -245 134 -182 -161 0
84 -290 -68 204 0
239 172 159 7 -201 143 0
252 -120 113 -28 162 0
223 -108 225 229 0
-91 186 99 235 -254 0
-168 108 -55 225 0
8 -11 -283 -140 0
86 -265 -81 -295 -189 0
123 96 175 -23 0
-186 254 -99 -235 -91 0
-153 17 -206 170 -6 0
311 285 -11 218 0
35 19 -157 -267 0
-303 248 -164 280 104 0
7 -172 201 -159 239 143 0
198 110 262 -75 0
-276 -92 -158 184 36 0
-273 -131 -43 -30 0
166 -290 -297 -226 0
-170 286 -17 -45 -216 210 0
191 -259 300 150 5 0
-307 -207 293 181 281 0
235 99 -91 254 -186 0
162 -279 -31 -132 -113 37 0
-231 98 -194 -150 0
-32 -212 230 42 119 0
-168 -108 -225 -55 0
306 204 -220 -295 -265 0
248 280 -164 303 -104 0
-170 17 216 45 -210 286 0
287 -79 47 -53 -137 0
48 293 47 -287 181 0
-235 91 186 -99 254 0
-223 -176 -130 2 0
-231 98 -251 -88 0
-86 -274 -29 -189 0
-142 -144 -14 -165 -234 0
-93 -177 152 41 0
247 51 -138 -126 0
276 158 92 36 184 0
31 162 -279 -113 -132 37 0
-277 -260 -243 111 0
-58 -286 216 -64 21 0
108 222 -96 225 -301 0
125 141 59 256 0
-160 -276 -158 251 -27 0
240 22 -101 83 0
215 -159 -296 -143 0
40 -145 217 -71 0
136 227 302 -199 122 -272 0
-84 -270 310 68 0
265 -306 204 220 295 0
-152 -240 255 -50 0
22 83 -71 -94 0
168 -258 -82 180 -107 0
17 -286 216 -170 45 -210 0
203 -248 -308 104 0
-133 46 271 -192 0
-220 -157 -242 306 0
180 107 178 185 -275 -264 0
-52 -163 195 191 -5 0
-232 68 -138 84 0
199 -60 -298 95 122 0
-146 278 36 92 179 0
-100 -253 -208 291 0
168 225 55 -108 0
278 49 26 -146 0
-40 71 217 -145 0
-71 22 94 -83 0
-195 74 -45 -210 0
-144 142 14 -234 165 0
113 -252 -28 -120 -162 0
102 123 212 32 0
216 -170 210 -17 45 286 0
-147 61 -288 -13 0
-194 231 98 -150 0
-206 6 -17 153 170 0
167 -67 239 -7 0
7 -172 143 239 159 -201 0
214 -106 117 -73 0
305 17 91 170 0
-188 114 -72 -305 0
-149 -37 31 -43 103 131 0
-94 -122 199 -123 0
181 -47 48 -293 -287 0
92 179 -278 -146 36 0
276 -27 160 158 -251 0
130 2 -176 223 0
190 155 44 -49 0
-201 72 172 -192 0
-93 -274 291 -208 0
44 190 49 -155 0
-92 135 36 74 0
28 -162 120 -113 252 0
308 190 252 -120 0
-9 -183 64 58 0
189 86 241 299 -192 0
-56 -13 207 307 147 0
-166 -102 -222 301 0
156 -50 -255 -173 0
120 162 28 252 113 0
6 299 -229 241 0
-132 -279 -37 -162 -31 113 0
-61 134 182 -205 -209 0
-107 180 -94 55 0
-36 92 278 -146 -179 0
-130 -129 309 -187 0
-4 -133 51 -271 0
167 127 89 -151 0
-216 45 -210 -17 -170 -286 0
95 -135 288 -60 0
228 -46 247 126 0
58 286 216 64 -21 0
-117 106 -73 214 0
-240 -197 42 230 0
236 78 294 -196 0
-264 107 -178 180 275 185 0
222 301 -108 225 96 0
-40 183 -173 217 0
112 245 -172 -201 0
169 124 -131 -43 -49 0
66 -24 -80 34 0
63 -287 -152 47 0
180 -264 107 275 -185 -178 0
30 -206 -62 -153 0
-241 -6 -299 229 0
149 -103 228 -128 0
-103 149 -43 131 -37 31 0
238 205 -35 237 209 0
-192 -189 -241 -86 -299 0
-110 -262 198 75 0
-253 -83 304 -22 0
-120 252 -308 -190 0
-78 236 -294 -196 0
172 -72 -201 192 0
259 289 156 -300 0
27 288 -160 -298 0
-51 -138 126 -247 0
-139 -128 299 241 0
-50 -255 -152 -240 0
-160 276 158 -27 -251 0
57 -311 -221 33 0
293 -181 48 287 47 0
-185 -46 193 -264 -249 0
-143 -201 7 159 -172 239 0
279 278 109 -132 146 0
143 159 239 -7 201 172 0
-100 -175 -23 196 0
-125 -141 59 -256 0
-73 105 151 -214 0
-162 -37 -113 132 279 31 0
-42 -212 -119 -230 32 0
-278 -146 -179 92 -36 0
276 158 -160 27 -251 0
70 -145 -215 269 0
87 -65 -28 -171 0
79 254 53 -186 -294 0
-116 139 -24 34 0
-297 242 9 226 0
-98 231 -251 88 0
272 -136 253 69 0
-124 43 49 169 -131 0
215 -118 250 -246 0
20 -292 -38 -269 -70 0
-124 268 3 -169 0
189 86 274 29 0
229 216 -286 -211 0
-269 292 70 -20 -38 0
-261 85 -87 39 0
83 -71 -22 94 0
-111 -260 -243 277 0
-301 96 222 108 -225 0
167 -82 270 258 0
150 194 98 -231 0
153 15 206 -97 0
-27 -288 160 298 0
303 -110 101 198 0
286 -216 21 -58 64 0
154 197 76 -25 0
-201 -159 -239 -143 -7 -172 0
-297 -226 290 -166 0
-269 290 70 194 0
183 -32 96 -212 0
-107 -55 180 94 0
-238 250 -237 195 0
-125 59 256 141 0
178 -275 137 244 257 0
-184 36 276 158 -92 0
-37 -31 149 103 -131 43 0
150 35 164 -280 0
-176 -141 -117 -2 0
83 -22 -253 304 0
-183 -173 -217 40 0
-150 -259 -5 300 191 0
-58 -183 9 -64 0
-160 -27 -251 -158 276 0
9 297 -242 226 0
-49 -155 44 -190 0
12 -142 -165 101 0
84 -232 -68 138 0
274 -176 -2 -173 0
-101 83 -240 -22 0
-257 178 -244 137 -275 0
-167 -270 -82 -258 0
71 145 -217 40 0
-239 -67 7 167 0
-45 74 -195 210 0
180 107 82 -258 168 0
209 -205 85 -91 0
-20 261 39 196 0
-138 -68 -232 -84 0
-182 282 -239 134 -7 0
-255 -240 50 -152 0
-69 -138 -175 23 0
-64 -183 58 9 0
-257 256 244 284 0
294 -26 -41 177 0
161 -213 100 168 0
-175 -196 -23 100 0
-286 -211 -229 -216 0
-145 19 267 -268 0
-306 220 242 157 0
33 -277 -54 111 0
-218 156 -285 -148 0
-157 140 283 15 0
-1 99 235 266 0
97 -280 -164 -29 0
-114 72 188 -305 0
283 8 -140 -11 0
156 255 50 173 0
33 221 -311 57 0
-18 -228 -8 90 0
9 64 183 58 0
-239 -182 7 134 282 0
12 -125 59 -174 0
197 -230 -42 240 0
243 -39 -261 56 0
-282 -219 64 58 0
-59 -125 -308 -81 0
-155 49 -44 190 0
276 -158 -160 -251 27 0
-307 -281 -293 181 -207 0
128 -281 -279 -132 0
-221 -15 -246 -57 118 0
162 -31 -113 -279 132 37 0
-92 276 -36 158 -184 0
249 193 -174 266 0
-226 -297 57 221 137 0
-149 128 103 -228 0
-290 -194 -70 269 0
65 200 -74 171 0
-143 -18 -90 8 -159 0
-188 -114 3 -251 0
192 -201 -172 -72 0
297 57 -226 137 -221 0
255 -50 -156 173 0
303 203 -255 50 0
-122 -199 298 95 60 0
-223 104 -248 28 0
-107 275 178 -264 -185 180 0
-161 -20 234 -144 213 0
-307 -207 151 -6 0
9 264 185 310 0
-148 191 -304 -5 0
-61 -13 288 147 0
167 89 -127 -151 0
-85 16 -77 -80 0
180 -168 107 -82 -258 0
-94 71 -22 83 0
106 214 -117 73 0
-253 69 -272 -136 0
-182 -7 -282 -134 239 0
-43 49 169 -131 -124 0
-276 -92 -184 -36 158 0
-43 103 -149 131 -31 37 0
-56 -39 261 243 0
198 129 -110 242 0
-105 -238 -302 -227 237 0
164 -35 280 -150 0
45 -26 -217 -40 -210 0
-212 -102 123 32 0
299 241 -189 -192 -86 0
-92 -158 276 -36 -184 0
-240 50 255 152 0
-78 247 -236 48 -126 0
292 38 -70 269 -20 0
297 221 137 57 -226 0
-141 -59 -256 -125 0
-62 153 -30 -206 0
-119 -212 32 230 42 0
244 -106 257 -97 0
-172 239 201 7 143 159 0
-190 120 -252 -308 0
46 193 264 -185 -249 0
129 130 309 -187 0
-161 -234 -213 -144 -20 0
194 -231 -98 150 0
-211 -13 -281 147 0
193 249 -88 263 0
-106 76 -202 -10 0
-14 -149 103 219 0
-96 -301 -225 -222 108 0
57 246 -221 -15 -118 0
-299 229 241 6 0
139 -54 16 -77 0
-256 -59 141 125 0
-280 -164 150 35 0
-191 -300 -150 259 -5 0
-45 26 210 -40 -217 0
155 263 44 -81 0
-56 13 -207 -307 147 0
137 275 -178 -257 -244 0
-91 -85 205 -209 0
-161 -20 -234 144 -213 0
7 -143 172 239 -201 159 0
-128 281 279 -132 0
-271 192 -46 -133 0
-300 -259 -262 -219 0
-54 -186 203 -254 0
-44 -155 -81 -263 0
65 -87 28 -171 0
-146 -109 -132 279 278 0
18 90 121 304 0
-42 -230 -32 119 212 0
-168 -55 -108 225 0
300 150 259 5 -191 0
-168 180 -258 82 -107 0
137 244 -257 275 -178 0
-64 183 -9 -58 0
-75 -198 262 110 0
86 -29 -274 -189 0
-65 -245 121 171 0
263 14 78 -236 0
245 172 -201 112 0
-153 -206 97 15 0
-295 -62 262 -265 0
6 206 170 17 153 0
166 297 -290 -226 0
-161 234 144 -20 -213 0
175 96 123 23 0
-46 249 -193 -264 -185 0
-46 247 -126 228 0
307 207 -56 147 13 0
-268 -25 154 62 0
280 -248 303 164 -104 0
-281 -147 -211 -13 0
170 -153 6 -17 206 0
-46 133 271 -192 0
-160 -3 -1 27 0
266 178 87 -275 0
57 137 -226 -297 -221 0
-44 -49 -190 155 0
-175 -23 138 -69 0
-39 85 261 -87 0
231 -194 150 -98 0
-300 -156 289 -259 0
157 140 -283 15 0
153 -170 -206 -17 -6 0
65 87 -171 -28 0
269 38 -292 70 20 0
-41 -177 -12 -284 0
265 -295 -86 -189 -81 0
-189 241 86 -299 192 0
-309 -211 222 187 301 0
-248 308 -104 -203 0
300 219 262 259 0
-32 -102 -123 212 0
240 -255 152 -50 0
238 105 -227 -302 -237 0
-139 16 77 54 0
-158 -36 -276 184 -92 0
155 121 44 -67 0
-62 25 154 268 0
-203 -254 54 186 0
59 -174 125 12 0
-54 -16 -139 -77 0
42 -230 -197 240 0
37 21 -31 -61 0
-210 -45 17 -216 170 -286 0
-185 178 -107 -264 -275 -180 0
-159 -7 239 -172 -143 -201 0
-88 -79 -53 -273 0
-206 -153 -15 -97 0
232 -42 194 230 0
308 -59 -81 125 0
265 295 -62 262 0
-250 60 29 95 0
-137 -79 47 53 287 0
27 -276 -251 160 -158 0
95 -288 -135 60 0
134 182 -61 -205 209 0
-48 73 214 -71 0
246 118 -15 221 -57 0
-185 178 180 107 -275 -264 0
-285 11 -218 311 0
-281 132 -279 128 0
-241 -6 229 299 0
-26 -49 146 -278 0
11 -163 -52 282 0
228 18 -90 -8 0
-277 260 111 243 0
-146 -92 -179 -36 278 0
124 49 169 131 -43 0
169 -124 131 -49 -43 0
70 -215 -269 -145 0
-10 -260 76 -202 0
-147 -56 -307 13 207 0
-301 -309 222 187 211 0
311 -292 38 109 0
252 28 113 -162 120 0
-14 -234 -142 165 -144 0
15 57 118 -221 246 0
-178 -107 -264 -180 -275 185 0
284 52 163 -115 224 0
24 -34 -139 -116 0
-276 184 -36 92 -158 0
66 24 80 34 0
268 267 145 19 0
284 115 -224 52 163 0
-39 85 -261 87 0
-84 -68 204 290 0
-182 7 -282 -134 -239 0
307 207 56 -147 13 0
276 92 -158 36 184 0
-149 43 -103 -37 31 -131 0
77 -112 -233 -16 0
299 -229 -241 6 0
-79 -294 53 -254 186 0
109 -311 292 38 0
307 -207 -56 -13 147 0
-247 -78 48 236 126 0
279 109 -278 132 146 0
-38 -311 109 292 0
100 196 23 175 0
131 -43 37 103 -31 149 0
-240 42 197 -230 0
-12 -284 -177 41 0
-128 299 -241 -139 0
54 -277 33 -111 0
55 180 94 107 0
-306 -220 -242 -157 0
150 191 5 259 300 0
-137 -53 -287 -47 79 0
-94 180 -55 107 0
-216 -45 -286 -210 17 -170 0
208 179 166 291 0
12 177 41 -284 0
146 -278 -92 -179 36 0
-58 64 -216 -21 -286 0
-136 -199 -122 227 -302 272 0
107 -55 -94 -180 0
239 -159 143 -172 -201 7 0
-43 -37 -131 149 103 -31 0
170 -210 -216 45 17 286 0
51 289 306 220 0
-209 -237 238 205 35 0
138 84 68 232 0
-244 257 -256 284 0
109 285 -21 218 0
-241 -192 -189 -299 86 0
212 -32 102 123 0
-209 -91 -205 85 0
48 -73 -71 -214 0
45 17 286 -210 216 170 0
131 -103 -43 37 149 -31 0
-61 -205 134 -182 209 0
38 292 -109 311 0
-194 -98 -150 -231 0
-202 -76 260 -10 0
-284 -41 -12 177 0
-180 178 264 -107 -275 185 0
295 -220 265 306 204 0
174 -249 -266 193 0
208 274 291 -93 0
66 80 24 -34 0
8 90 -18 228 0
-124 75 298 -169 0
-285 -11 -311 -218 0
227 272 302 -199 136 122 0
-292 20 -70 38 269 0
117 -98 -112 231 0
-265 81 -295 189 -86 0
-103 128 228 -149 0
-182 -245 -134 -161 213 0
162 -113 -120 28 -252 0
-262 62 -295 -265 0
-189 -295 -81 -265 -86 0
138 -247 51 126 0
177 -152 -93 41 0
-79 294 -53 254 186 0
-136 122 -272 302 199 -227 0
184 -181 -179 -293 0
136 253 69 272 0
236 247 78 48 -126 0
-206 17 170 153 6 0
242 -129 -198 -110 0
-219 -64 58 282 0
-121 -304 -90 -18 0
-285 148 156 218 0
174 -125 -12 59 0
-150 231 194 -98 0
-178 244 257 275 137 0
173 183 -40 -217 0
196 236 -294 78 0
83 22 94 71 0
-118 -15 221 246 57 0
114 -188 72 305 0
-144 -161 -213 234 20 0
196 175 100 -23 0
4 116 -165 142 0
-126 -247 -46 228 0
-24 66 -34 80 0
-173 2 176 274 0
228 103 -128 -149 0
217 -40 210 -45 -26 0
-3 251 -188 114 0
-207 -151 -307 6 0
-104 203 -248 -308 0
202 -76 -260 10 0
179 -291 208 166 0
-241 -299 192 -86 189 0
212 -32 -183 -96 0
-230 -32 -119 -212 42 0
106 117 -214 -73 0
6 207 -307 151 0
-92 -184 276 -158 36 0
-268 25 62 -154 0
-162 132 -113 31 279 37 0
-10 106 -76 -202 0
-14 -234 -165 142 144 0
-296 -56 111 -277 0
-224 -115 163 -52 -284 0
-27 -158 160 -251 276 0
209 205 -91 85 0
288 -95 -135 60 0
295 220 265 306 -204 0
-12 142 -101 -165 0
-266 178 87 275 0
295 -204 -306 -220 -265 0
-120 66 -252 -130 0
152 -93 -177 -41 0
-29 -95 -60 -250 0
-17 206 153 -6 -170 0
27 1 160 -3 0
209 91 -85 205 0
184 -99 -235 105 0
175 -23 -123 -96 0
178 -275 -107 264 180 -185 0
293 181 -184 179 0
60 29 -95 250 0
274 -291 208 -93 0
172 239 -159 -201 -7 -143 0
79 53 254 294 186 0
160 -276 -158 251 -27 0
150 -191 -259 -300 -5 0
173 2 274 -176 0
-287 53 -137 47 -79 0
-178 -107 264 180 -275 -185 0
296 -215 -143 -159 0
196 -294 -236 78 0
-34 -119 24 -72 0
132 279 113 -37 -162 31 0
-269 215 -145 -70 0
122 -94 123 -199 0
-273 88 -53 79 0
267 67 4 19 0
-173 -255 50 156 0
139 54 -16 -77 0
-239 172 7 159 201 143 0
-73 -105 -214 -151 0
-254 -54 186 203 0
-117 -112 98 231 0
-302 227 136 272 199 -122 0
-112 -77 -233 16 0
-199 60 -298 122 95 0
42 212 -119 -32 -230 0
-17 91 305 170 0
-238 302 105 227 -237 0
207 281 -293 307 -181 0
130 -223 -2 176 0
150 -259 -5 300 -191 0
162 132 -37 279 -113 -31 0
304 -5 -191 -148 0
197 -154 -25 -76 0
-23 -69 -138 175 0
-295 -204 -265 220 306 0
-74 -135 92 -36 0
189 299 -86 -241 192 0
-259 -191 -300 150 5 0
168 -225 55 -108 0
