40 18 87 22 9 67 5 61 72 98 11 64 3 14 52 80 49 37 32 68 
38 17 89 25 7 65 6 60 73 99 8 64 3 13 52 79 47 38 32 74 
41 19 89 23 8 65 7 60 72 98 10 65 6 12 50 82 47 36 30 72 
44 24 88 27 15 69 5 60 74 98 12 67 8 14 52 84 48 40 36 76 
36 18 87 22 6 65 5 59 72 98 10 65 2 12 50 77 46 36 28 68 
42 24 88 25 12 69 7 60 74 99 12 66 8 14 50 83 50 39 36 78 
41 21 89 28 14 71 7 59 72 98 9 67 7 12 50 82 47 38 32 75 
44 24 89 28 14 71 7 61 74 99 12 66 9 14 51 85 49 41 34 76 
42 22 87 27 11 71 6 59 74 99 10 67 5 14 52 82 47 37 34 76 
44 23 89 25 15 71 7 59 72 99 12 68 7 14 52 85 49 41 35 78 
39 16 87 22 6 66 6 59 74 98 10 64 2 14 52 80 46 35 29 73 
39 22 87 24 12 71 5 60 72 99 9 68 5 14 50 84 48 39 33 74 
41 18 88 24 6 68 6 59 74 99 8 65 4 12 51 81 49 38 30 71 
38 16 87 22 5 66 5 60 74 98 9 66 2 13 50 77 46 36 28 68 
44 22 88 25 12 68 7 59 74 99 12 67 10 14 51 85 47 41 36 77 
40 18 88 22 7 65 5 59 74 99 9 64 5 12 50 78 49 35 31 69 
44 24 88 25 13 68 7 59 74 99 12 66 9 13 52 85 50 39 35 78 
36 19 87 22 5 68 7 61 73 98 8 66 4 12 50 80 46 37 28 68 
43 21 87 28 11 70 7 61 74 99 9 65 10 13 52 84 50 41 33 74 
40 19 88 23 7 68 7 59 73 99 10 64 5 14 52 79 49 39 29 74 
43 20 88 28 12 71 7 59 74 99 10 65 7 14 52 84 50 39 36 77 
41 19 89 27 9 66 6 60 72 98 11 66 4 14 50 82 47 36 31 74 
43 23 89 26 14 67 7 61 73 98 12 68 6 12 52 82 48 39 35 77 
36 20 89 24 9 66 7 59 74 98 9 67 4 14 52 78 48 34 32 70 
41 23 89 26 14 68 5 60 74 99 9 68 8 12 51 82 49 41 35 77 
42 19 87 26 11 67 5 59 74 98 10 67 6 14 50 83 50 37 32 74 
39 19 87 24 8 67 5 61 72 99 11 65 4 12 52 81 50 38 32 71 
42 23 89 28 15 69 7 59 72 99 11 66 10 13 50 85 50 42 34 76 
39 19 87 24 6 69 6 59 72 98 9 64 5 14 51 81 46 38 31 72 
41 21 89 24 14 70 5 61 72 99 11 68 8 12 52 85 48 42 35 77 
40 19 87 24 10 68 5 61 72 99 9 66 7 14 52 82 46 38 29 73 
42 19 87 25 11 66 7 60 72 99 11 67 5 14 52 82 50 39 32 73 
37 19 87 24 6 67 5 60 72 99 9 64 4 13 50 77 48 37 28 72 
44 23 89 28 14 71 5 61 74 99 12 66 9 14 50 84 50 41 36 78 
42 20 88 26 10 67 5 60 73 99 10 65 6 13 50 83 48 39 33 77 
44 21 89 27 11 68 7 61 74 99 12 67 10 14 50 84 49 41 36 76 
40 20 87 22 5 65 5 60 74 98 8 65 5 12 50 77 49 35 28 69 
42 24 89 25 12 68 5 60 74 99 9 66 9 12 52 83 50 39 33 74 
43 21 89 26 13 70 7 59 74 99 9 64 6 13 52 82 47 39 31 75 
41 21 87 23 9 67 7 59 74 99 11 67 4 13 50 79 50 38 34 71 
38 21 87 22 9 69 7 60 73 99 10 67 3 12 51 80 49 36 30 70 
44 22 89 26 13 69 7 61 74 99 11 68 7 14 52 82 48 42 36 78 
37 17 87 23 7 66 6 60 72 99 9 67 4 12 52 82 47 35 33 70 
36 18 88 23 6 65 5 59 72 99 9 65 2 13 51 77 47 34 28 68 
37 19 87 24 6 67 5 60 72 98 8 64 6 13 52 78 49 37 29 70 
39 16 87 22 6 67 5 59 72 98 8 66 4 12 50 78 46 36 30 71 
39 16 87 25 8 65 7 59 73 98 9 66 3 12 50 80 46 37 29 68 
42 22 89 28 12 71 6 59 73 99 12 68 10 14 52 84 50 41 35 75 
40 18 89 26 10 68 6 59 72 98 9 66 8 13 52 80 46 39 34 73 
38 18 89 22 5 66 5 59 72 98 8 64 2 12 52 78 46 35 29 69 
40 23 89 28 13 71 7 61 73 98 9 68 6 12 51 83 50 39 35 77 
42 24 89 28 14 70 7 61 72 99 12 68 8 13 52 83 47 38 33 78 
41 20 89 26 12 70 5 61 74 99 10 66 7 14 52 80 47 38 31 73 
42 19 87 23 8 68 7 59 72 99 10 68 6 12 50 80 50 37 32 71 
38 17 87 22 7 65 5 59 74 98 10 64 4 13 51 77 46 37 28 71 
40 19 87 22 11 68 5 61 72 99 9 66 6 13 52 79 49 35 32 71 
39 22 87 25 11 67 5 59 72 98 9 67 8 14 52 83 49 37 32 74 
41 21 87 24 10 66 5 61 72 99 8 64 7 14 51 80 46 37 31 73 
37 18 88 22 9 68 5 60 73 99 8 64 5 12 50 78 46 37 31 69 
37 16 87 22 5 66 5 60 72 98 10 64 2 13 51 77 46 34 28 69 
41 19 88 23 9 69 7 61 72 98 10 68 6 14 50 79 46 35 32 70 
40 22 88 27 13 71 7 59 73 98 10 67 6 14 51 80 48 39 33 76 
36 16 87 22 6 65 7 61 72 99 8 65 3 13 51 77 48 35 28 69 
41 24 88 28 12 68 7 61 73 99 10 68 8 12 52 82 49 42 36 74 
36 17 88 23 6 68 5 59 73 99 9 64 2 12 51 79 47 36 29 71 
44 23 89 28 12 69 7 61 72 99 10 68 7 14 52 85 50 41 33 76 
44 21 89 28 12 71 7 59 74 99 9 65 9 14 52 83 48 38 32 77 
36 17 87 22 7 67 5 60 72 99 8 64 4 12 52 81 48 34 31 69 
42 20 87 28 14 71 7 61 74 98 11 67 6 14 52 80 48 37 34 74 
41 24 88 27 12 68 7 61 74 99 11 67 8 14 50 84 48 40 36 78 
44 24 89 28 15 70 5 61 74 98 11 66 10 12 52 85 49 41 34 77 
42 24 88 28 15 71 7 61 74 99 10 68 9 14 51 84 50 42 35 78 
38 17 87 23 7 67 5 60 72 99 9 66 4 14 50 78 46 35 30 68 
40 20 89 26 11 68 5 59 74 99 11 67 7 14 52 82 48 39 34 73 
36 17 89 24 8 66 5 59 72 99 10 64 4 12 50 77 48 34 30 71 
43 22 88 26 12 70 5 61 72 99 9 66 7 12 50 81 50 40 33 75 
39 19 87 23 7 68 7 61 74 98 8 65 7 14 52 79 46 37 32 72 
36 17 87 23 9 67 6 60 74 99 10 66 5 14 52 80 49 34 29 70 
39 19 88 27 12 67 7 60 74 99 10 68 7 13 51 81 50 41 33 77 
44 24 89 25 12 71 7 61 74 98 9 68 9 13 51 85 50 41 33 76 
43 23 87 26 11 68 7 61 74 98 12 68 9 12 52 82 50 37 31 76 
43 21 87 25 12 70 6 61 74 99 9 68 6 12 52 82 48 41 34 75 
44 24 87 26 15 70 6 60 74 99 12 66 10 14 52 85 50 42 34 78 
43 24 89 26 15 69 5 61 73 98 12 68 10 14 51 84 50 42 36 77 
38 22 87 26 11 70 7 61 74 99 8 65 7 12 50 83 46 40 32 71 
37 18 89 22 8 65 7 61 72 98 11 66 4 12 51 77 46 37 28 71 
43 23 87 27 15 71 6 61 73 99 12 68 9 14 51 85 49 42 35 78 
43 20 89 26 12 71 6 60 73 99 11 65 6 13 50 82 50 42 35 77 
40 19 89 24 13 68 5 61 74 99 10 68 9 12 50 83 50 37 32 77 
36 18 87 22 10 66 5 59 72 98 11 65 3 14 50 80 46 36 28 70 
42 23 87 28 11 67 7 61 74 98 12 65 9 14 52 84 50 37 35 76 
41 18 89 23 7 67 7 61 72 99 11 66 4 14 52 80 48 39 33 73 
41 22 89 25 9 66 5 59 72 99 8 66 7 12 51 83 49 38 34 74 
41 24 89 28 12 70 5 61 73 99 12 68 9 14 50 85 50 42 33 76 
39 20 87 22 10 67 5 61 72 98 10 67 6 13 51 79 48 38 29 72 
39 23 89 26 13 71 7 61 73 98 10 68 5 12 52 80 47 40 33 76 
42 21 89 25 10 66 7 61 72 98 9 65 8 12 52 80 49 41 31 74 
38 17 87 22 5 68 6 59 72 98 11 64 2 12 51 81 49 36 29 69 
43 21 89 28 11 70 7 60 73 99 9 68 8 14 51 84 50 41 34 78 
37 16 89 22 6 67 7 59 74 98 8 65 6 14 50 80 49 37 28 73 
44 22 89 28 13 69 5 59 74 99 12 67 7 14 50 82 49 42 33 77 
44 21 89 28 12 71 6 59 74 99 12 68 7 14 52 83 49 39 33 75 
37 16 89 24 6 68 5 59 72 99 9 66 2 12 50 77 49 36 31 69 
43 24 89 27 14 71 5 61 72 99 11 68 10 12 52 85 50 41 35 78 
37 19 87 24 9 68 6 59 74 99 11 64 7 14 52 82 48 35 31 70 
40 17 87 23 9 66 6 61 74 98 8 64 6 12 52 79 46 37 28 73 
36 16 87 24 5 65 5 59 72 98 8 65 2 14 50 77 46 34 30 68 
41 20 89 27 10 67 6 61 72 99 9 65 6 12 52 81 49 35 29 73 
41 19 87 24 8 69 6 61 73 99 11 67 3 14 50 78 48 37 33 72 
39 19 87 22 7 66 5 61 73 98 11 64 5 14 50 81 47 38 31 72 
42 21 89 23 8 68 5 59 74 99 12 68 8 14 50 81 48 39 34 73 
43 20 87 28 11 68 7 60 72 99 12 66 7 14 51 85 50 38 33 75 
40 20 88 25 9 68 7 59 72 99 9 64 5 13 50 77 49 38 31 69 
43 22 87 23 12 66 6 61 73 99 11 67 5 13 51 81 48 41 33 76 
40 21 87 23 6 67 6 61 74 99 9 66 6 12 51 79 47 35 31 72 
43 24 89 25 13 68 7 61 74 99 12 66 10 14 51 82 50 42 34 77 
42 19 87 23 10 70 5 61 72 99 10 65 5 14 51 81 50 38 34 73 
36 16 88 24 5 65 5 60 72 98 8 64 5 14 52 77 46 35 29 70 
41 23 89 28 14 68 6 59 72 98 10 67 8 12 50 81 50 42 33 77 
40 18 89 23 10 68 6 59 74 99 10 65 4 12 52 82 48 39 34 71 
36 18 88 24 5 65 5 59 72 99 8 64 2 12 52 77 48 35 28 70 
39 20 87 26 8 66 5 59 73 98 8 64 4 13 52 81 47 36 29 73 
42 22 88 24 9 70 5 59 74 98 11 68 5 13 52 83 46 39 32 73 
36 16 87 22 6 66 5 61 72 99 8 65 2 12 52 77 48 36 30 70 
38 20 87 24 10 66 7 59 74 99 8 65 8 14 50 83 46 38 30 74 
36 16 88 23 7 67 5 61 72 99 8 64 4 12 50 77 46 37 31 69 
43 22 88 28 10 67 7 61 74 99 9 68 9 13 51 81 49 41 32 75 
36 18 89 24 5 65 6 61 74 98 8 64 5 12 51 77 48 34 30 68 
38 17 87 22 7 67 5 59 74 99 10 65 2 12 52 80 46 37 29 70 
42 23 87 28 14 69 5 60 73 99 12 68 10 12 51 85 50 42 33 76 
41 19 88 22 7 66 5 61 74 98 8 66 5 13 50 79 46 38 33 71 
41 18 88 22 7 66 7 59 74 99 11 65 3 13 51 81 47 38 31 72 
37 19 89 26 7 67 7 61 72 99 8 64 7 13 50 81 49 37 33 74 
40 16 88 22 6 67 5 59 72 98 10 67 3 12 50 79 46 35 32 71 
37 20 87 24 8 68 5 60 74 99 10 67 4 12 52 78 48 39 29 70 
39 18 89 27 10 66 5 59 73 98 12 66 4 14 51 80 49 38 34 71 
39 20 87 23 6 67 6 60 74 99 8 65 4 14 52 79 49 38 31 70 
42 24 89 28 14 69 5 61 73 98 12 68 10 12 52 82 50 40 34 78 
38 19 89 22 9 67 5 60 72 98 10 65 2 12 50 78 48 38 30 71 
41 22 87 26 12 67 5 59 73 98 9 65 10 14 52 82 49 39 33 74 
39 19 89 26 12 70 5 61 74 99 8 67 7 14 52 79 46 38 31 74 
41 23 87 28 15 71 6 59 74 99 12 66 10 13 52 85 49 40 35 77 
40 20 89 24 14 69 5 59 72 99 9 67 7 14 51 84 50 39 33 73 
42 21 89 27 13 69 7 61 72 98 12 68 6 14 52 80 50 39 31 73 
36 19 88 23 9 68 5 59 72 98 8 64 6 12 51 78 46 38 29 73 
44 24 89 28 14 70 7 61 73 99 10 68 9 14 51 84 50 42 36 78 
42 22 89 28 15 69 7 59 72 98 12 68 10 14 51 85 50 42 34 78 
43 23 88 28 14 70 6 59 74 99 12 66 9 14 51 85 49 42 36 76 
40 20 89 24 10 68 5 60 73 98 11 64 4 12 51 83 50 36 34 71 
43 22 89 25 11 67 7 61 73 99 12 68 7 12 52 85 50 42 34 74 
44 23 89 28 14 71 5 61 74 99 10 68 10 13 50 85 50 42 36 78 
44 21 89 28 15 70 7 59 74 99 12 66 9 14 51 85 48 42 36 78 
38 18 89 23 7 65 5 59 72 98 9 66 3 12 52 77 46 36 30 68 
38 19 88 22 11 66 7 61 74 99 10 66 5 14 50 80 46 35 30 73 
36 17 87 23 9 66 7 61 72 98 10 64 5 13 51 81 46 35 30 71 
36 17 88 22 9 65 6 59 72 98 10 64 5 14 51 77 47 36 29 70 
36 16 87 25 6 65 5 59 74 99 8 65 4 13 51 79 48 36 29 68 
38 18 87 24 7 65 7 59 72 98 9 64 4 12 51 78 47 35 28 69 
36 16 88 22 5 66 5 59 72 98 8 66 2 13 50 78 48 34 29 70 
44 23 87 25 14 71 7 61 74 99 11 65 7 13 52 82 50 40 32 74 
39 17 87 22 8 68 5 59 72 98 8 64 2 12 50 80 46 35 30 70 
42 23 88 26 11 66 6 61 74 98 12 65 8 12 50 81 50 41 32 74 
39 20 89 26 13 68 6 61 72 99 9 68 7 12 51 80 48 40 33 77 
42 22 89 24 12 69 7 61 74 98 11 64 6 12 50 83 50 38 31 74 
42 19 89 27 11 69 7 60 72 99 12 65 6 14 50 80 46 37 34 75 
41 21 87 25 13 69 6 60 73 99 8 68 9 14 52 81 49 37 35 76 
42 21 87 25 12 69 7 61 72 99 11 66 8 14 52 80 47 38 32 73 
40 19 89 25 10 70 5 61 73 98 11 68 8 13 50 80 50 37 31 77 
40 21 87 23 11 69 6 59 74 99 8 65 5 12 50 80 48 41 32 76 
37 17 87 25 6 66 5 61 73 98 8 67 3 12 52 81 46 36 28 70 
38 19 87 22 10 68 5 61 72 99 12 66 7 14 52 81 48 38 29 71 
40 21 89 26 11 68 7 59 74 99 12 66 7 14 50 81 48 38 33 72 
40 19 88 28 12 69 7 60 74 98 12 68 6 14 52 81 49 41 35 73 
39 16 89 23 6 67 5 59 72 99 9 64 3 13 50 78 48 38 31 71 
39 22 89 24 8 68 7 59 72 99 11 65 7 12 51 81 48 38 34 73 
37 17 89 24 7 65 5 61 72 99 10 66 2 12 50 78 48 35 28 71 
39 20 89 23 11 66 5 60 73 98 9 64 7 14 50 82 46 37 34 73 
40 20 88 25 14 69 6 61 74 99 9 67 8 14 50 81 50 41 34 76 
38 19 87 24 8 68 6 61 74 98 10 67 7 12 50 81 46 38 31 72 
36 16 88 22 5 67 5 59 72 99 8 64 2 13 51 79 47 34 28 69 
42 24 88 28 15 71 6 59 73 99 12 68 10 14 52 84 49 42 36 78 
40 23 89 28 10 71 5 61 74 99 12 65 8 13 50 80 50 38 33 73 
40 24 88 25 10 69 5 59 72 99 12 66 7 13 52 81 50 42 36 73 
44 22 89 28 15 68 7 61 73 99 12 67 9 14 51 82 49 42 36 78 
41 22 89 28 13 71 5 61 72 98 12 67 9 14 50 82 49 42 36 77 
36 18 88 25 8 66 6 59 72 98 10 65 5 12 52 79 48 38 30 69 
37 18 88 22 7 68 5 61 72 98 10 67 2 12 50 79 46 34 30 70 
43 22 89 26 12 69 7 61 73 99 9 68 10 14 52 85 48 39 36 77 
36 18 87 23 5 66 5 59 73 99 8 65 2 12 51 77 47 35 30 69 
37 18 87 22 5 65 6 59 72 99 9 67 2 12 50 77 46 37 30 72 
39 18 88 23 6 68 6 59 72 98 11 66 4 12 51 77 48 37 28 68 
41 22 88 26 10 67 5 61 72 99 12 68 5 12 50 83 49 37 35 75 
40 23 87 27 11 67 7 60 73 99 9 67 6 13 51 81 47 38 32 77 
40 17 89 26 8 70 5 61 72 99 12 68 5 12 51 78 46 36 31 71 
36 16 89 23 6 65 5 59 74 98 8 65 3 12 50 77 46 37 30 69 
36 18 89 25 7 67 6 59 73 99 9 67 6 12 52 81 47 35 32 72 
36 19 89 25 6 65 5 60 72 98 8 64 2 12 50 79 48 34 28 68 
41 22 87 27 11 71 7 61 73 98 10 67 9 12 50 83 50 40 32 73 
43 20 89 25 11 70 6 60 74 98 10 65 9 14 51 83 48 39 32 74 
36 17 88 24 7 66 5 59 72 99 9 64 5 14 50 79 46 34 28 68 