79 77 82 78 81 86 80 76 80 78 82 79 78 73 84 80 76 74 81 79 
81 76 86 76 82 84 81 75 83 78 83 80 77 74 83 79 76 72 81 80 
77 72 82 73 80 80 80 70 78 77 82 80 73 73 80 80 72 72 79 74 
76 74 85 75 82 82 82 75 78 79 80 79 78 73 81 81 72 73 79 75 
80 77 86 75 82 86 82 73 80 79 81 78 78 77 83 81 74 73 81 77 
75 71 80 71 80 83 81 73 78 76 81 79 73 73 81 78 74 72 79 74 
79 77 82 73 82 85 80 71 78 77 79 80 74 73 83 80 74 73 81 79 
80 77 84 76 80 86 82 76 83 79 82 80 76 77 85 82 75 75 81 79 
78 75 84 73 80 81 82 71 79 77 82 80 78 74 85 80 75 72 79 78 
76 69 80 70 81 80 80 72 79 77 79 78 73 71 82 78 72 71 79 76 
79 72 81 73 82 84 80 72 78 75 83 79 75 74 81 78 75 72 80 79 
80 77 86 76 82 86 80 74 81 77 83 80 79 76 86 82 73 75 80 80 
76 71 81 71 80 80 81 73 80 75 79 78 73 73 82 80 74 71 79 77 
80 78 85 77 80 82 80 76 81 79 83 78 76 74 85 82 76 75 81 77 
81 75 82 78 82 84 80 75 83 76 80 78 76 75 84 80 76 72 79 76 
82 77 86 75 80 86 82 74 83 79 82 78 78 77 86 82 75 75 81 80 
74 71 82 72 81 80 80 72 79 75 81 80 73 72 81 78 72 71 79 76 
81 78 85 78 82 85 82 76 81 77 82 80 79 75 85 82 76 74 79 79 
76 74 83 76 80 85 81 75 79 77 83 78 78 74 85 80 73 71 81 79 
74 73 83 70 81 82 80 70 80 75 81 78 75 73 81 79 72 72 79 74 
79 71 84 74 80 84 80 74 82 78 83 78 76 76 84 82 75 72 79 79 
82 75 85 75 82 83 81 73 83 79 80 78 76 77 86 81 76 75 81 79 
82 77 86 76 82 84 80 76 83 79 83 80 77 77 86 82 76 74 80 79 
82 78 86 78 80 84 81 76 82 79 83 80 79 75 86 82 76 75 81 79 
77 69 83 73 82 80 80 72 79 75 80 78 73 72 80 78 74 72 80 74 
80 75 86 77 80 86 80 74 82 79 82 80 79 77 86 79 73 75 79 80 
80 78 86 78 82 86 82 76 83 77 83 80 79 77 84 80 76 75 79 78 
79 78 83 78 80 86 82 76 83 79 83 80 79 77 86 80 75 75 81 77 
76 72 80 70 80 81 82 71 78 76 80 78 74 72 81 80 72 72 79 74 
80 79 86 77 81 84 82 75 83 79 83 79 78 77 85 80 75 75 80 80 
78 72 83 75 82 80 81 74 81 77 82 80 76 73 80 81 74 71 81 75 
77 71 84 71 82 82 80 73 78 75 82 79 76 75 84 81 72 72 80 74 
81 74 86 74 81 84 81 74 82 79 80 80 77 77 85 82 75 74 79 77 
77 71 80 72 80 80 82 70 80 77 81 79 73 71 80 80 73 71 80 76 
75 73 83 73 81 80 82 71 77 75 80 78 76 71 82 80 73 74 79 74 
74 70 80 70 80 80 80 70 77 75 79 78 73 71 80 79 73 71 79 74 
77 73 82 71 80 80 81 72 78 77 80 80 76 71 80 78 75 72 80 74 
82 78 84 77 81 84 82 76 83 79 81 80 79 77 85 82 73 72 81 78 
78 74 82 73 82 85 82 72 82 76 83 80 77 76 83 79 73 75 81 79 
82 75 83 75 80 86 82 72 79 76 80 79 78 76 84 79 76 75 79 78 
74 71 81 71 81 81 80 70 77 75 79 78 73 73 82 79 72 71 79 76 
81 77 85 74 80 82 81 73 80 77 82 79 78 75 84 80 76 75 81 80 
78 74 83 76 80 84 80 75 79 79 80 80 78 75 85 80 74 75 80 77 
80 79 85 74 80 86 82 75 81 79 82 78 76 76 85 82 74 73 80 78 
77 69 83 73 81 82 82 72 80 77 79 78 75 72 81 80 72 71 80 77 
80 78 86 75 82 86 80 76 80 79 83 80 78 77 86 82 74 73 81 79 
79 76 84 74 82 83 82 75 83 79 83 80 79 77 84 82 75 75 81 80 
79 75 83 75 80 82 80 74 82 76 81 79 74 74 84 79 72 73 79 77 
79 73 81 73 81 84 80 72 82 75 79 80 77 75 85 78 76 72 80 78 
77 72 84 72 82 83 82 73 78 76 79 79 74 72 81 79 73 71 81 74 
79 76 82 75 82 83 80 72 83 79 83 78 78 77 83 79 74 73 81 77 
76 74 85 74 82 83 80 71 80 79 80 78 75 75 84 79 76 74 79 78 
79 79 83 75 82 85 82 76 80 79 80 79 78 76 83 81 76 75 81 79 
78 74 84 73 80 84 80 72 81 78 83 78 78 75 84 81 73 75 79 80 
80 77 84 77 80 83 81 75 80 79 80 78 79 73 85 82 74 75 79 80 
78 75 84 71 80 81 81 71 81 75 80 79 77 72 82 80 74 75 79 79 
78 75 86 75 81 85 82 75 83 78 83 80 77 77 83 82 74 74 80 78 
80 79 86 78 82 84 82 76 81 79 81 80 78 77 84 81 74 73 81 78 
80 79 86 76 82 85 82 76 82 77 81 80 77 76 85 80 76 75 81 80 
80 72 84 75 82 81 80 73 79 77 82 80 77 75 82 79 73 73 80 78 
82 79 84 75 80 84 81 74 81 79 83 79 78 77 84 82 76 75 81 80 
82 77 84 74 80 85 80 72 79 79 82 79 78 75 82 82 76 73 80 80 
77 72 83 71 82 83 81 73 78 78 81 78 77 75 81 80 72 71 79 77 
77 75 85 73 81 84 81 76 81 77 83 79 76 76 84 80 73 75 80 79 
75 69 82 70 80 82 80 70 77 75 80 79 73 71 81 78 72 71 79 74 
77 75 81 72 82 83 81 73 79 78 82 79 77 73 82 81 74 75 79 79 
76 71 82 71 82 81 80 74 78 78 82 80 73 71 82 79 72 71 81 76 
82 78 85 76 80 83 82 75 80 77 83 78 79 75 84 81 76 75 81 77 
78 71 80 73 80 81 80 70 78 76 82 80 75 71 81 81 73 72 80 75 
79 76 84 77 81 83 82 76 80 76 83 79 77 77 85 82 74 75 81 78 
77 69 82 70 80 81 80 73 79 75 79 78 73 72 80 78 72 71 81 77 
81 75 83 75 81 84 82 72 83 79 82 80 78 73 82 82 73 75 81 77 
74 71 83 73 80 81 80 71 78 75 79 78 73 73 82 78 72 71 79 75 
76 69 80 73 80 82 80 70 78 75 79 79 76 74 82 79 73 72 79 74 
80 78 85 76 80 85 82 73 81 79 83 80 78 77 83 81 76 72 79 78 
81 76 86 73 80 84 81 76 80 78 82 80 75 76 82 79 73 75 79 78 
82 78 86 78 80 86 82 76 81 78 82 80 79 77 86 82 76 74 80 80 
76 72 82 73 81 82 82 71 79 75 79 78 75 73 80 79 74 73 80 74 
82 78 86 76 80 84 80 74 83 79 81 78 79 77 86 82 76 73 81 80 
74 71 80 70 81 80 80 73 78 77 79 79 74 71 83 78 74 72 79 75 
81 77 86 78 82 85 82 76 83 77 83 80 79 77 86 80 76 75 80 79 
82 77 84 75 82 86 82 75 83 78 81 80 79 77 86 80 76 75 81 80 
82 75 83 75 80 86 82 74 83 79 81 80 79 77 85 80 76 75 79 79 
80 79 86 77 82 86 82 75 81 79 82 80 79 77 86 82 74 75 81 80 
77 69 83 72 82 81 81 70 77 76 79 78 73 72 80 78 73 71 80 74 
81 77 86 77 82 82 82 76 79 75 83 80 75 77 82 82 75 72 81 78 
75 72 81 72 81 81 80 74 80 75 79 78 73 74 83 80 75 73 79 75 
77 69 82 70 82 80 80 71 79 75 80 78 73 72 82 80 74 74 79 76 
82 78 85 77 82 83 82 76 81 77 80 79 79 74 83 81 75 75 79 78 
77 74 82 73 81 82 81 76 81 75 82 80 77 73 85 81 75 73 81 76 
82 75 86 74 81 83 80 75 79 79 80 78 78 73 86 82 74 73 81 80 
82 79 84 77 81 86 82 76 80 79 82 80 79 75 86 82 74 74 80 80 
77 76 84 72 80 81 82 71 82 79 79 79 74 72 85 82 75 73 81 78 
77 72 80 70 81 81 81 71 77 75 79 80 76 71 82 80 72 71 79 76 
81 77 82 75 81 82 80 72 82 77 82 80 77 74 85 80 74 73 80 80 
78 73 84 72 80 83 80 73 80 75 80 78 73 72 81 81 73 74 81 75 
75 69 81 70 80 80 80 70 77 77 80 79 73 71 82 78 72 73 79 74 
80 73 85 73 82 82 82 71 78 75 83 79 78 74 82 82 74 71 79 75 
75 71 80 70 81 80 80 71 80 75 79 79 76 73 83 78 75 71 79 76 
75 72 82 70 81 80 82 73 77 75 79 78 73 71 83 80 72 72 79 74 
77 71 83 71 82 82 82 73 80 76 79 80 75 71 82 81 73 75 79 77 
74 70 80 70 82 81 81 72 79 76 81 80 73 71 83 79 74 73 79 76 
80 74 86 75 80 85 80 76 81 78 83 79 78 75 82 79 74 75 79 76 
74 69 81 70 80 80 80 71 77 75 79 78 74 71 82 78 72 73 79 74 
81 78 86 76 81 86 82 72 80 79 82 80 78 75 83 81 76 72 79 79 
75 70 80 70 81 80 80 70 79 76 79 78 74 72 80 80 74 73 80 74 
75 72 80 71 80 80 82 71 80 75 81 79 75 73 82 78 72 73 79 75 
78 74 80 75 80 83 80 71 77 76 79 78 74 72 84 80 75 74 81 78 
82 79 86 77 81 86 81 73 80 77 83 80 79 75 86 82 74 74 81 80 
77 76 82 76 82 82 82 72 80 79 81 79 76 73 83 79 75 75 80 79 
80 79 85 78 80 86 80 76 83 78 83 79 77 76 86 80 75 75 81 79 
78 71 80 73 82 84 82 71 78 75 82 79 75 73 82 78 73 71 81 78 
78 77 82 74 80 83 82 73 82 76 83 78 78 76 85 82 74 73 81 76 
79 79 84 75 82 86 81 74 82 77 81 78 79 75 86 79 76 72 81 80 
80 74 84 74 80 82 81 72 81 78 83 78 77 74 81 81 72 72 80 76 
77 71 82 71 81 84 80 71 79 78 79 80 77 75 80 81 72 71 79 78 
79 70 84 71 80 83 80 71 81 78 82 80 75 73 81 80 74 72 79 75 
76 73 83 76 80 85 80 74 82 78 81 80 77 74 84 82 74 71 80 79 
76 70 80 71 81 82 82 72 80 75 80 78 73 74 82 78 72 73 79 75 
74 73 80 73 80 83 80 72 80 77 79 80 73 74 80 80 75 73 79 74 
77 70 83 72 82 84 80 71 80 76 82 78 75 71 82 78 72 74 80 75 
78 73 85 75 82 83 81 75 81 77 80 79 74 76 81 79 75 75 81 75 
82 77 86 78 80 86 82 74 82 77 83 80 78 76 86 81 76 75 80 80 
77 73 82 70 81 81 80 70 77 75 79 80 75 72 80 81 72 71 79 74 
74 69 81 70 80 81 80 71 77 77 79 78 73 73 80 80 72 72 80 74 
78 75 83 75 81 83 81 75 81 76 83 80 78 76 86 82 74 75 79 76 
80 75 83 75 81 83 80 75 81 78 83 78 78 74 85 82 76 72 80 76 
79 72 81 72 80 82 82 72 77 76 79 80 73 71 83 80 74 72 79 77 
77 73 84 71 82 81 82 72 78 78 79 78 73 75 80 78 74 72 81 78 
81 74 85 75 80 85 80 75 82 76 83 80 77 74 86 82 76 74 79 76 
81 76 85 76 81 84 81 75 81 77 83 78 77 75 86 82 75 73 79 77 
76 69 83 70 80 81 82 71 77 78 81 78 73 71 80 80 72 73 79 74 
74 70 82 71 80 81 81 72 78 75 81 79 76 74 81 81 75 71 79 75 
76 73 84 72 80 85 82 75 82 79 82 78 76 72 83 79 72 72 80 77 
74 71 80 70 82 81 80 71 77 75 79 78 75 73 80 78 72 71 80 75 
74 73 81 71 80 83 82 71 78 75 79 80 76 71 80 81 74 73 79 74 
82 79 85 76 82 86 82 76 82 79 82 80 77 77 86 80 74 73 81 78 
76 70 82 71 81 83 81 70 77 75 79 78 76 72 81 79 72 71 81 76 
82 79 86 78 80 86 82 76 83 77 81 80 79 75 84 81 74 73 81 80 
77 75 80 71 82 84 81 73 81 75 79 78 74 72 83 81 74 71 80 78 
74 69 81 70 82 80 80 71 77 75 79 78 75 72 82 79 72 71 81 74 
77 70 84 74 82 84 80 73 80 75 81 80 74 73 82 78 74 71 79 77 
81 77 84 75 82 84 82 76 83 79 82 80 79 76 86 81 76 75 81 80 
77 77 84 73 80 84 82 72 83 79 82 80 77 74 82 80 76 73 81 80 
77 71 83 74 81 83 80 71 79 76 79 80 77 72 82 79 72 72 80 74 
74 69 82 72 82 82 80 70 79 75 79 78 73 71 80 78 72 72 81 76 
76 69 80 70 81 80 81 72 77 75 79 79 73 71 82 78 72 71 81 75 
77 71 82 70 81 82 81 70 79 75 80 78 75 74 80 78 72 71 79 75 
78 71 82 73 82 84 82 74 80 76 81 79 75 71 83 79 72 71 81 78 
81 76 85 75 81 86 82 76 82 79 82 80 78 75 86 81 76 74 81 79 
74 69 80 70 80 80 81 72 77 75 79 78 73 72 80 80 72 71 80 76 
77 74 83 73 82 82 80 71 81 77 79 80 76 71 84 78 73 74 79 77 
80 77 86 77 80 83 82 73 82 79 82 80 77 74 86 80 75 74 81 80 
80 78 86 77 80 83 80 73 83 79 80 78 75 74 85 79 75 72 80 80 
81 78 84 75 82 85 81 74 83 76 80 79 78 76 83 79 73 72 80 80 
79 74 83 72 80 85 82 73 82 75 81 80 76 75 82 78 76 74 80 78 
77 71 82 71 82 84 80 72 79 78 79 78 75 71 81 79 75 74 81 76 
79 75 84 71 82 85 82 71 79 77 79 80 77 74 83 80 75 74 81 75 
81 74 86 74 80 85 81 73 83 79 82 80 76 74 83 80 73 75 80 79 
78 74 83 73 80 85 80 75 78 76 79 80 75 72 81 79 72 71 80 75 
79 77 85 78 82 84 82 75 81 77 82 79 76 77 86 79 73 75 79 80 
81 79 86 76 82 85 82 75 83 79 83 80 77 75 84 79 76 74 81 77 
82 79 85 77 81 86 82 76 83 77 83 80 79 77 85 81 76 75 80 80 
77 73 86 77 80 84 82 75 81 77 80 79 79 76 85 82 76 72 79 79 
82 79 86 78 82 84 82 74 80 79 83 79 76 75 86 81 76 74 81 77 
79 72 85 74 81 81 80 71 80 77 83 78 78 76 81 81 74 75 79 79 
77 74 85 76 82 83 80 73 79 79 79 79 76 76 83 82 73 73 79 79 
77 74 85 73 80 84 81 74 82 79 79 80 76 73 84 78 72 75 79 78 
79 74 85 73 80 84 81 76 81 76 83 78 79 73 86 81 74 75 81 77 
80 79 86 78 81 84 80 76 83 79 83 79 77 77 86 82 76 73 81 80 
80 78 83 77 82 84 81 73 83 77 81 80 78 77 84 80 76 74 79 78 
78 77 82 75 80 85 80 74 81 76 83 78 77 75 82 81 74 75 80 76 
76 72 82 74 80 80 81 71 79 75 82 78 73 73 81 79 74 71 80 75 
78 73 81 75 80 81 81 72 81 77 80 78 74 74 82 78 73 71 79 74 
75 71 80 70 80 80 81 73 80 76 79 78 75 71 82 79 73 72 79 77 
78 75 84 73 82 81 81 70 80 78 79 78 74 72 84 80 72 71 81 76 
78 71 82 73 82 84 82 72 81 78 81 80 73 73 80 78 73 71 81 74 
76 71 80 73 81 82 80 70 80 76 79 78 76 73 82 81 74 71 81 76 
74 72 80 73 80 80 80 72 77 78 79 78 73 71 80 78 72 71 81 74 
81 79 86 74 80 85 82 74 81 77 82 80 79 77 83 82 74 72 80 77 
78 71 80 73 80 83 82 70 80 75 82 79 73 73 80 79 72 73 80 74 
76 71 80 74 80 81 82 71 81 75 80 79 76 73 81 78 74 71 79 76 
81 77 86 78 81 86 82 76 82 79 81 79 79 77 85 82 76 74 79 80 
79 76 86 75 82 86 81 73 83 78 82 80 79 76 86 79 75 75 81 80 
78 72 82 74 80 82 80 74 81 79 80 78 78 76 82 80 73 74 79 78 
74 69 83 74 80 81 82 71 77 78 79 78 73 72 80 78 73 72 81 74 
82 79 85 78 80 86 80 76 80 78 83 80 77 74 86 81 74 74 81 77 
77 71 82 71 80 81 80 74 79 76 80 79 75 73 81 80 75 71 81 78 
77 75 84 74 82 85 82 72 80 75 79 79 75 76 82 79 74 72 80 79 
80 75 84 77 82 86 81 74 81 79 83 80 79 76 86 82 76 74 80 80 
77 75 84 75 82 83 82 73 80 78 79 80 74 72 81 78 76 72 79 77 
76 72 81 75 82 82 81 72 81 78 83 79 75 74 83 82 72 73 79 76 
80 74 82 76 82 81 82 75 79 77 81 78 75 75 82 81 73 71 79 79 
82 79 86 78 80 86 81 76 82 79 83 78 79 77 85 81 76 74 81 80 
74 73 82 72 82 83 81 72 78 76 79 78 73 71 80 79 72 73 79 77 
74 72 80 70 82 81 82 70 77 75 79 78 73 71 80 80 72 71 80 76 
80 73 84 75 81 85 80 76 82 77 81 78 77 73 86 80 72 75 81 76 
77 70 80 70 80 80 80 70 79 76 82 79 76 71 80 78 75 71 79 74 
81 75 82 76 82 84 80 76 80 79 83 78 78 75 82 82 76 75 79 78 
78 76 82 77 82 84 80 76 82 76 82 80 75 75 82 81 74 72 81 80 