55 66 51 47 45 47 54 54 62 55 60 56 64 48 59 54 57 46 51 64 
55 64 53 47 45 47 53 53 62 56 57 56 62 48 62 57 56 45 49 66 
52 64 52 44 46 45 52 51 61 54 55 56 62 46 60 55 56 44 46 66 
52 64 53 45 47 45 51 51 63 54 54 56 62 46 58 51 58 44 46 63 
50 64 53 45 45 46 51 50 60 54 54 57 62 48 59 54 56 46 44 64 
51 62 52 46 43 47 48 50 58 53 50 55 62 46 56 49 58 44 44 63 
50 65 52 43 43 47 47 48 62 55 55 55 64 48 58 50 56 44 48 62 
54 65 53 46 45 45 50 50 64 56 58 56 62 46 58 53 56 44 47 65 
56 66 53 46 47 47 54 53 63 55 58 59 64 47 61 57 58 44 48 66 
48 62 53 43 45 46 45 48 58 54 51 53 62 46 59 49 58 44 45 63 
52 66 52 45 46 47 54 51 64 57 57 57 64 47 61 56 58 44 48 65 
53 66 53 46 46 47 53 52 63 57 60 59 64 48 62 57 56 46 48 63 
48 62 51 43 43 45 46 48 58 53 50 53 62 48 56 49 58 45 43 62 
50 62 51 43 45 45 46 48 58 53 52 54 64 46 56 50 56 44 44 64 
56 65 53 44 47 47 52 51 63 55 57 58 62 48 62 57 57 45 51 64 
52 63 52 47 45 47 53 52 60 56 58 55 64 48 61 55 56 46 50 65 
53 64 51 43 44 45 49 49 60 53 53 53 64 46 57 51 58 46 47 62 
48 62 53 43 43 47 45 51 59 53 51 56 63 46 59 52 58 45 44 64 
48 64 51 43 43 46 47 50 58 53 51 53 64 47 56 49 56 45 43 62 
48 62 51 43 45 47 47 48 60 53 50 54 62 48 56 49 56 44 43 62 
49 63 51 45 43 45 45 48 61 54 52 55 62 48 56 50 58 44 47 62 
52 65 53 47 43 46 49 53 60 56 53 58 63 46 59 52 56 45 48 63 
48 62 52 43 43 45 45 49 60 53 51 54 62 46 56 50 58 44 44 62 
50 62 51 44 43 45 47 48 60 53 52 53 62 46 56 51 56 44 43 65 
55 63 53 45 47 47 51 50 61 56 57 55 64 47 57 55 58 44 50 66 
49 62 52 45 43 46 47 48 60 53 51 53 63 46 56 51 58 46 45 65 
56 65 51 46 47 47 55 52 62 56 56 59 64 48 62 55 56 44 47 63 
50 63 53 44 43 47 50 53 62 54 54 58 64 46 61 53 56 46 48 65 
49 64 51 46 43 47 49 49 61 54 54 56 62 46 58 52 58 46 44 62 
56 64 53 45 46 45 55 52 64 54 58 59 64 48 61 55 58 46 49 66 
50 63 53 46 43 45 51 48 62 53 54 56 62 48 60 51 57 46 45 62 
49 62 52 44 44 45 49 51 58 53 53 53 62 46 59 51 56 44 45 63 
51 65 53 43 43 45 46 48 60 53 51 54 62 48 57 52 56 44 44 65 
52 63 52 47 47 45 52 51 62 56 57 56 64 47 59 54 58 46 51 66 
56 66 51 46 44 45 53 54 61 57 59 55 64 48 59 57 56 45 51 63 
50 62 51 46 43 46 47 50 59 56 50 53 62 46 57 51 58 44 45 62 
53 62 53 44 47 45 49 50 59 56 53 55 64 48 58 55 57 45 46 66 
53 62 53 43 47 45 48 53 60 53 52 55 63 46 61 53 57 46 45 63 
55 63 51 43 45 45 53 52 61 53 58 55 62 46 59 54 57 44 47 63 
56 66 51 46 47 47 53 54 64 55 59 58 63 48 62 54 56 44 50 65 
53 63 51 45 46 46 50 49 59 56 55 53 64 46 56 53 58 45 45 64 
55 66 51 47 44 47 50 51 64 55 59 59 64 47 60 56 56 46 50 66 
48 62 52 43 44 47 48 48 61 56 51 53 62 46 58 52 56 45 44 62 
52 63 51 44 46 46 47 51 60 53 55 55 63 46 58 52 57 46 47 62 
50 64 52 44 45 45 45 48 58 55 50 54 64 46 56 49 57 46 45 62 
52 63 51 47 44 45 52 52 60 55 57 57 64 48 62 53 56 46 46 66 
48 63 51 43 43 45 48 48 59 55 52 53 64 47 59 49 56 46 43 62 
48 64 51 45 44 46 48 49 58 53 51 56 62 48 56 49 56 44 43 63 
52 64 51 43 46 45 49 51 61 53 51 53 62 46 56 51 58 44 45 62 
48 62 52 43 43 45 48 48 58 54 52 55 64 46 56 49 57 44 43 62 
49 65 52 44 43 47 51 48 61 56 54 57 62 48 60 50 57 45 46 64 
52 66 53 45 47 47 53 52 61 57 57 59 62 46 62 55 57 46 51 66 
55 65 52 47 47 47 55 54 64 56 59 58 64 48 61 55 58 46 51 66 
48 63 51 45 44 45 46 51 58 53 51 53 62 48 57 50 56 44 45 63 
53 64 53 46 47 45 52 51 64 57 57 56 63 48 59 54 57 44 50 64 
52 63 51 46 47 45 49 53 62 53 54 58 63 46 60 54 56 44 46 64 
55 63 53 47 44 45 54 54 63 54 56 56 64 47 61 54 58 44 51 63 
49 63 51 43 43 46 45 48 60 53 52 53 62 46 56 51 56 44 43 62 
54 65 53 47 47 46 52 52 61 57 58 59 64 48 60 54 57 46 51 66 
54 65 51 45 47 46 51 51 64 57 60 59 63 48 60 57 58 44 47 63 
52 63 51 46 46 46 48 49 59 55 53 55 64 47 59 53 57 44 43 64 
56 64 53 46 47 46 51 54 61 57 59 59 62 48 62 53 57 45 47 63 
51 63 51 44 44 45 49 53 61 54 53 54 64 48 58 55 57 45 45 64 
50 62 51 43 43 47 49 50 61 54 55 54 64 46 58 53 58 46 46 64 
54 66 53 44 45 46 55 54 64 57 56 58 64 48 61 54 58 45 50 66 
51 66 52 47 45 45 50 54 63 55 55 57 62 46 62 56 57 44 50 63 
48 64 51 43 43 47 47 50 58 54 50 53 64 46 58 49 58 44 43 62 
52 66 53 44 46 47 54 53 64 54 59 57 63 48 62 54 58 44 49 66 
54 66 51 47 45 46 52 54 63 57 59 58 63 47 62 54 58 46 51 64 
50 63 51 44 46 45 50 52 60 53 53 53 62 48 56 50 58 46 47 64 
49 62 51 43 43 45 47 48 58 54 51 53 62 46 56 51 58 45 43 62 
54 66 51 46 44 47 53 53 62 57 57 57 62 47 60 57 56 44 47 65 
53 65 53 47 47 45 54 52 63 57 58 59 64 47 60 56 58 46 48 66 
52 65 53 47 45 45 53 50 63 55 57 57 64 46 58 53 58 46 49 63 
48 63 52 44 43 47 45 48 58 55 50 55 62 48 58 49 57 45 43 62 
50 63 51 46 45 47 47 50 61 53 53 53 63 48 58 54 58 46 44 65 
50 62 51 45 44 47 48 50 61 54 53 56 63 46 56 54 57 44 46 65 
49 62 51 43 43 46 46 52 61 54 54 53 64 46 58 52 58 46 45 63 
54 65 51 47 46 47 55 51 64 55 58 59 63 47 59 55 58 44 50 65 
49 63 52 45 43 45 46 48 58 53 51 55 64 48 56 51 56 45 44 62 
53 64 52 47 47 47 50 50 60 55 57 59 64 46 58 56 58 44 50 65 
53 62 51 44 45 45 50 52 59 53 53 57 64 48 57 53 57 44 44 62 
56 64 53 47 45 47 53 53 63 57 60 58 63 48 61 57 58 45 49 65 
51 64 51 43 46 47 49 49 59 55 55 57 63 48 61 51 56 44 45 63 
53 65 53 47 43 47 49 50 61 56 53 57 64 46 59 52 57 46 49 66 
52 62 53 46 46 45 48 51 59 53 54 57 63 46 59 53 56 46 47 62 
50 64 51 47 45 46 51 48 58 57 56 56 64 46 59 53 56 46 46 64 
52 63 51 44 46 45 51 52 61 57 56 55 64 47 57 55 58 45 47 64 
50 65 51 43 46 45 48 49 61 53 54 53 62 46 57 49 56 45 46 62 
53 66 53 47 44 46 48 51 60 55 54 58 64 46 58 53 56 46 47 65 
50 64 52 45 43 47 45 48 59 53 52 54 63 46 56 49 56 44 44 62 
55 66 51 45 47 47 55 51 63 56 60 59 64 48 62 57 57 46 51 63 
51 64 51 44 43 47 51 52 64 54 56 56 62 46 60 53 56 46 49 63 
54 64 52 47 46 47 55 54 62 57 59 59 64 48 62 55 58 46 51 66 
52 64 53 44 47 47 52 52 59 53 57 58 62 47 60 53 56 44 46 65 
55 63 53 44 47 45 54 52 61 55 55 59 64 48 62 56 56 46 50 64 
50 65 53 46 44 47 51 51 61 53 54 58 62 46 61 55 56 44 46 62 
49 62 52 44 43 46 45 48 60 53 51 54 62 46 56 49 57 44 44 62 
50 62 51 44 44 46 45 51 61 54 51 53 62 48 58 51 56 46 47 62 
50 62 51 43 43 45 46 50 59 54 50 54 63 46 58 49 58 44 43 64 
56 64 53 44 46 47 53 51 63 57 58 59 62 48 62 54 58 44 51 65 
50 62 51 43 43 46 45 48 60 53 50 53 64 46 59 49 56 45 45 65 
51 63 52 46 45 45 51 49 63 53 53 56 62 47 60 51 56 46 48 64 
53 62 53 45 47 47 51 49 62 53 57 58 64 46 59 53 56 46 49 64 
48 62 51 44 44 45 46 50 60 53 51 56 62 47 56 49 57 45 43 62 
52 63 53 47 47 45 52 52 61 54 57 55 63 48 61 56 58 44 50 64 
50 62 51 43 44 45 47 51 62 55 54 55 63 46 60 52 58 46 47 63 
52 66 53 46 47 45 50 53 60 56 57 55 62 48 60 56 57 44 50 66 
53 65 53 43 43 47 52 50 59 55 58 57 64 47 58 55 58 46 50 63 
48 64 51 43 43 45 45 48 59 53 50 54 63 46 56 51 56 46 43 64 
49 65 53 46 43 45 49 51 61 55 54 57 62 48 58 51 56 46 46 63 
56 66 51 47 46 45 55 52 64 55 60 59 64 48 60 57 58 46 51 65 
55 62 53 43 45 47 52 50 64 54 58 57 62 48 59 53 56 45 47 64 
48 64 51 43 45 45 47 51 61 53 50 53 64 48 59 50 58 44 43 62 
51 63 53 46 46 45 48 50 59 55 54 56 62 48 57 49 56 46 43 65 
53 63 52 45 43 47 49 51 58 54 54 54 64 48 58 50 56 44 48 65 
50 65 53 43 43 45 45 48 60 56 53 54 63 46 58 53 56 45 45 64 
52 62 53 47 43 47 47 50 62 56 53 54 64 48 56 53 57 44 47 66 
54 63 51 47 46 45 54 52 60 54 56 55 62 46 62 55 56 46 50 65 
53 66 53 47 43 47 50 49 58 53 53 57 63 47 57 54 57 44 46 63 
53 63 51 45 44 47 52 52 64 55 57 58 64 46 60 57 56 46 51 66 
48 62 52 45 45 47 45 49 58 53 50 55 62 46 57 49 57 45 44 63 
53 65 51 46 47 45 53 51 60 55 56 55 64 47 58 55 56 44 46 65 
53 66 52 45 44 46 48 49 61 55 54 54 62 48 57 54 58 44 46 66 
51 64 53 46 47 47 51 52 58 55 54 56 62 48 58 54 58 44 46 63 
50 62 51 43 43 45 45 49 58 55 50 53 62 47 56 51 58 46 43 64 
52 62 51 43 46 45 48 48 61 56 54 53 62 46 58 50 56 44 45 64 
54 64 52 46 46 47 53 53 64 55 56 59 62 48 60 56 58 45 48 66 
54 64 53 45 47 47 51 50 63 55 55 56 64 47 61 56 57 46 49 64 
55 65 53 46 47 47 55 51 64 56 58 58 62 47 61 55 56 46 51 66 
50 63 53 43 43 46 48 48 61 53 50 55 62 46 59 51 56 44 43 65 
53 64 53 47 47 47 50 53 63 57 57 56 63 47 61 53 56 45 51 65 
48 64 53 45 43 45 47 50 59 53 50 54 62 47 58 50 56 44 43 63 
51 62 52 44 43 47 49 52 58 55 51 53 62 46 59 51 56 46 47 62 
51 66 52 47 43 45 53 53 61 55 55 58 62 46 60 56 58 46 48 64 
56 66 51 47 47 47 55 52 62 57 60 58 64 48 60 57 57 46 50 66 
48 63 51 44 45 47 49 51 60 56 53 54 62 46 56 49 58 44 44 63 
55 65 51 45 44 47 50 54 64 54 56 55 63 48 62 57 56 45 49 66 
54 64 52 46 47 47 51 51 63 55 57 57 64 48 61 55 58 46 50 65 
53 64 51 47 46 47 53 53 61 54 60 56 64 48 61 57 58 44 49 63 
51 65 51 45 44 47 51 51 63 55 55 54 63 46 57 53 58 45 45 66 
56 66 53 45 45 47 55 54 61 56 58 59 64 48 59 53 56 46 49 64 
50 64 52 45 43 47 47 50 62 54 55 57 62 47 61 53 58 46 48 63 
54 65 53 47 46 45 51 52 60 55 58 58 62 46 58 56 57 44 48 66 
48 62 53 43 43 45 47 49 58 55 50 55 63 48 57 49 56 45 43 62 
51 62 51 44 45 46 47 48 61 56 53 56 62 46 59 50 56 44 44 62 
51 62 51 43 43 45 48 49 58 53 50 55 62 46 56 52 56 44 43 62 
50 62 53 47 44 47 51 50 62 56 54 58 62 48 59 51 57 46 48 63 
51 62 51 45 44 45 45 48 58 53 50 55 62 47 56 49 57 44 43 64 
53 65 52 45 47 45 55 54 64 56 60 58 64 46 60 53 58 46 48 63 
50 66 53 47 46 47 48 49 60 57 57 54 62 48 59 53 58 45 48 66 
50 64 53 46 47 46 49 52 63 57 54 54 63 46 60 55 56 44 45 62 
54 63 51 43 46 47 51 50 59 54 57 55 62 48 59 55 57 46 46 63 
53 65 51 44 43 46 48 49 59 56 54 57 64 48 56 53 57 44 46 63 
49 65 51 45 43 47 48 49 58 53 54 56 62 47 58 52 58 45 45 65 
48 62 51 43 45 45 45 49 60 53 50 55 62 46 56 51 56 44 43 62 
55 66 53 47 47 47 54 51 64 54 58 59 64 48 62 54 58 46 49 63 
51 65 53 45 45 45 48 48 59 53 55 54 62 46 60 49 56 44 47 64 
51 62 52 43 45 45 46 49 59 53 53 53 62 47 59 51 58 45 45 63 
51 64 51 46 44 45 50 50 61 55 57 58 62 48 57 51 56 46 45 65 
53 64 51 47 47 47 51 49 59 53 56 55 64 46 58 51 57 44 48 62 
50 62 53 47 44 45 51 49 62 54 54 53 64 48 58 52 57 46 44 64 
53 65 51 47 45 47 53 54 64 56 60 58 64 47 60 57 58 45 48 66 
50 63 53 46 47 47 48 52 61 57 55 55 64 46 58 52 58 44 46 66 
48 64 51 43 43 47 45 49 60 55 51 53 63 48 56 49 57 44 43 62 
56 65 53 47 45 47 53 54 63 57 56 57 63 48 61 57 57 45 50 66 
48 65 53 43 43 46 49 50 61 55 50 53 63 46 59 53 56 46 44 62 
55 66 53 46 44 45 54 52 62 56 58 58 64 48 62 56 56 46 50 65 
52 63 51 47 46 47 52 53 64 54 56 59 63 48 61 56 58 44 50 66 
51 62 53 43 43 45 46 48 60 53 52 55 64 46 57 51 57 46 45 65 
54 64 53 47 47 45 50 49 62 54 57 57 62 47 60 53 57 46 46 63 
55 66 53 47 47 45 55 54 62 57 60 57 64 48 62 56 58 45 51 66 
53 66 52 47 46 46 52 53 61 57 59 57 64 48 61 55 57 45 51 66 
48 62 51 43 43 47 47 52 60 55 51 57 64 46 57 49 56 46 47 62 
52 65 51 46 45 45 50 52 63 57 56 55 64 48 58 54 57 45 47 64 
54 64 51 47 44 47 50 50 62 55 55 58 64 46 58 57 56 44 47 65 
50 65 51 46 46 47 47 51 59 53 50 55 62 46 57 50 58 44 46 65 
56 66 53 45 47 47 55 54 63 55 57 59 62 48 59 53 56 44 49 65 
53 66 53 46 45 45 52 51 61 55 57 59 64 48 61 56 58 46 51 66 
49 65 52 43 43 45 46 50 60 54 52 54 62 47 59 52 56 44 45 63 
50 65 51 46 43 47 48 51 58 55 52 56 64 46 58 54 58 45 48 62 
49 65 53 43 46 45 48 51 60 53 51 56 64 48 56 52 56 46 44 62 
56 65 52 47 47 46 54 54 61 55 58 58 63 46 62 55 58 46 51 66 
49 63 51 43 44 45 48 48 58 53 50 55 64 46 59 49 56 44 45 62 
51 62 53 45 44 47 47 48 59 55 53 54 62 48 60 52 58 46 46 65 
51 63 52 47 45 47 50 49 61 53 55 57 62 48 56 50 58 44 45 63 
51 63 51 43 43 47 48 48 61 55 51 56 64 48 58 53 57 44 43 64 
50 64 52 45 43 45 45 50 59 53 53 56 64 48 56 51 56 44 43 63 
54 66 51 45 46 47 49 50 59 54 53 56 64 46 61 54 57 46 45 63 
48 62 53 45 45 45 45 51 59 55 52 53 62 46 56 50 56 46 46 64 
56 66 52 47 47 46 55 54 64 55 60 59 64 48 60 57 56 46 50 66 
49 63 51 43 43 45 45 48 58 53 52 53 62 48 58 49 56 44 43 62 
53 63 51 47 47 47 53 53 61 56 60 59 64 47 61 57 56 46 51 66 
51 62 51 47 44 45 49 52 60 56 55 54 62 46 60 52 56 45 45 66 
53 64 53 47 45 47 55 51 64 56 57 59 64 46 60 54 58 46 49 65 
56 66 52 45 47 47 54 51 63 56 58 59 64 48 59 54 58 46 51 64 
55 63 51 46 47 47 53 53 62 57 60 57 64 48 59 55 57 46 50 66 
53 65 52 44 46 45 49 51 64 54 57 58 64 48 62 55 56 46 47 66 
51 64 51 44 46 46 51 50 61 55 53 57 62 48 61 55 57 45 48 66 
53 65 53 47 47 45 52 51 63 57 57 58 63 48 60 54 56 46 48 64 