25 41 46 45 31 25 40 38 46 39 25 34 32 24 32 27 26 23 39 34 
31 46 47 50 32 26 42 41 48 42 28 36 37 25 37 30 24 23 41 36 
25 41 43 45 31 23 39 37 45 40 25 32 34 23 32 27 24 23 41 34 
30 45 47 49 32 29 42 37 51 43 27 36 35 27 34 28 26 23 41 35 
24 42 44 46 31 23 42 37 45 41 26 32 34 23 35 26 24 24 40 36 
25 43 43 44 32 25 42 37 47 38 28 34 32 24 35 27 24 23 40 35 
27 41 46 47 32 26 40 37 47 40 28 32 32 24 33 26 24 24 39 36 
25 42 44 46 34 25 44 38 50 42 28 34 35 24 35 29 24 25 41 36 
24 41 44 46 34 25 39 37 47 40 28 35 36 23 32 26 24 25 39 34 
25 41 45 44 31 26 40 37 47 39 25 32 34 26 34 29 24 25 39 34 
32 48 49 53 35 31 46 39 53 44 33 40 38 29 38 30 26 25 42 36 
32 49 49 52 34 31 46 40 53 44 30 40 40 29 36 29 25 25 43 36 
30 49 50 53 35 30 47 38 53 44 33 40 38 26 38 28 25 24 40 36 
31 46 49 52 31 27 45 37 51 42 30 38 37 25 37 27 25 25 40 34 
32 49 50 51 33 30 45 41 53 44 33 40 40 29 38 29 26 25 41 35 
28 42 45 48 34 23 40 40 45 40 26 36 33 25 32 29 24 23 39 35 
29 46 49 51 33 26 46 41 52 40 28 36 36 26 38 27 25 25 43 34 
27 43 45 44 31 26 40 37 45 38 28 33 36 24 32 27 24 23 42 34 
31 44 50 51 32 29 43 41 49 44 30 38 39 28 35 29 25 23 42 34 
30 46 48 52 33 31 47 41 53 44 31 38 40 29 38 30 26 23 41 35 
32 49 49 54 34 31 46 41 51 44 31 39 40 27 38 30 25 24 43 36 
25 42 47 46 32 26 40 39 47 39 25 35 36 24 32 29 25 23 41 34 
26 42 44 48 33 27 40 37 47 38 26 33 35 23 34 27 24 24 40 34 
27 43 47 46 33 24 43 41 47 42 28 36 33 27 37 28 24 25 43 35 
26 41 44 46 31 23 41 37 45 38 26 32 34 24 34 26 24 25 39 34 
28 45 49 52 35 28 46 37 51 44 28 38 39 27 36 29 25 25 42 34 
31 46 50 51 33 28 42 37 48 40 32 37 37 29 35 29 24 24 39 34 
27 41 43 47 31 26 39 40 47 41 28 32 33 25 32 26 25 25 40 34 
29 46 46 48 31 28 42 41 49 40 29 38 34 26 34 27 24 23 40 34 
31 48 47 49 35 28 47 38 52 41 30 38 38 26 37 28 24 25 41 34 
28 46 47 49 31 27 41 37 49 40 27 36 33 23 36 27 24 25 40 34 
24 42 45 48 31 24 40 37 45 40 26 35 32 26 32 29 26 23 40 36 
29 48 50 51 35 29 43 38 51 44 31 36 38 25 35 29 25 25 41 36 
27 44 47 45 33 27 39 39 49 39 25 36 36 23 33 29 24 25 39 36 
25 41 45 46 31 25 41 37 45 40 26 35 35 27 32 29 24 23 40 34 
29 46 46 46 35 24 42 38 49 41 29 36 36 25 36 27 26 25 43 36 
31 46 49 53 32 28 43 38 53 43 32 39 36 26 37 29 24 23 43 35 
31 49 49 54 35 29 47 40 53 44 31 40 40 29 37 29 26 24 43 35 
28 47 47 52 31 26 42 40 51 40 32 35 35 25 33 26 26 24 43 36 
32 46 51 52 32 29 46 41 53 42 32 39 40 28 36 28 24 23 41 36 
29 48 48 53 33 27 46 39 50 42 31 35 36 27 34 30 24 23 43 35 
30 47 50 53 35 27 47 39 51 41 30 38 40 28 35 30 25 23 43 36 
31 49 48 50 35 29 45 39 52 44 32 39 39 29 36 28 26 25 43 35 
28 45 50 53 34 27 46 38 53 44 30 40 40 28 35 29 26 25 42 36 
32 49 51 52 33 30 45 41 52 44 32 39 38 29 38 30 26 25 43 34 
26 47 46 48 33 28 45 39 48 39 28 34 35 27 37 28 26 25 42 36 
26 46 48 50 34 27 43 40 46 39 27 35 36 27 35 28 26 23 41 34 
32 47 51 53 35 29 47 39 51 42 30 37 40 27 37 30 26 23 43 35 
31 47 51 54 34 29 47 41 51 42 33 40 40 28 38 30 24 25 43 36 
30 48 50 53 35 30 44 39 53 44 30 39 38 26 35 29 26 24 40 35 
25 41 43 44 31 23 40 37 45 40 25 34 34 23 32 26 25 24 39 34 
26 41 44 44 32 23 40 37 45 38 25 33 32 24 33 28 25 25 39 34 
24 42 43 48 34 26 39 37 47 41 26 33 32 24 32 29 24 23 39 34 
27 47 48 51 32 28 42 40 48 41 28 36 37 25 36 30 26 24 41 34 
25 42 43 47 31 23 41 37 46 38 25 32 34 23 32 26 24 23 40 34 
28 47 46 50 34 29 46 41 51 40 29 35 37 25 38 27 26 23 41 34 
28 49 50 51 35 30 44 39 51 43 32 36 36 25 36 30 26 24 43 34 
24 43 43 46 31 23 39 39 45 38 26 32 33 25 32 27 26 25 39 35 
30 43 48 48 31 25 41 37 50 39 30 38 36 26 34 28 24 25 43 35 
24 44 44 44 31 24 42 39 45 41 25 32 35 23 32 27 25 24 42 34 
26 43 48 50 35 27 41 40 51 43 27 34 36 28 35 27 26 25 41 35 
29 49 50 53 35 31 45 39 53 43 33 39 39 26 35 30 26 25 43 35 
26 44 49 49 35 27 42 37 50 42 31 38 37 27 34 27 26 25 39 34 
29 46 50 53 35 30 44 41 53 44 30 37 37 26 38 30 26 23 43 36 
29 46 47 49 31 27 43 41 49 42 28 36 36 26 33 28 26 23 39 34 
32 48 51 51 35 31 47 40 50 44 33 39 39 27 37 27 26 25 43 35 
29 48 51 53 34 29 47 41 50 41 31 39 39 28 35 30 26 23 43 35 
30 47 46 53 35 28 46 41 51 44 31 37 35 26 36 28 26 24 41 34 
29 44 46 53 35 26 42 39 49 40 29 38 39 25 37 28 24 25 41 36 
30 47 49 50 35 27 44 41 52 43 29 40 38 28 37 30 24 25 43 36 
30 49 51 51 34 31 45 39 52 42 33 40 38 29 38 30 26 23 41 36 
30 47 48 51 35 30 45 38 50 42 31 38 40 29 38 30 24 25 42 36 
28 49 48 52 35 30 45 41 49 44 30 37 38 29 38 30 25 23 40 36 
27 41 46 47 31 24 39 37 45 38 29 32 35 26 32 29 24 25 39 34 
25 44 46 45 32 25 39 38 49 42 29 36 34 23 35 26 26 23 39 35 
24 41 44 46 31 23 39 37 47 39 25 32 33 24 33 27 24 24 39 34 
28 48 50 53 35 31 47 38 49 44 29 39 40 29 36 28 26 25 42 36 
25 41 45 44 33 25 40 38 48 39 28 34 35 26 32 26 24 24 40 35 
31 47 50 49 35 30 46 39 50 42 30 39 39 29 37 30 26 23 42 34 
32 49 51 54 35 31 47 41 51 44 31 38 38 28 38 29 26 25 43 34 
27 42 44 45 31 24 40 38 45 39 29 34 33 25 35 27 25 25 41 35 
29 49 50 53 35 31 45 41 53 44 30 40 40 28 38 29 25 25 43 36 
24 41 46 47 31 27 41 38 49 41 28 36 35 25 32 28 25 24 39 34 
26 41 44 46 31 23 41 37 45 38 27 33 35 23 35 26 24 24 40 36 
25 41 45 44 31 23 41 37 45 39 27 34 33 23 33 26 24 24 41 34 
32 48 50 54 33 30 45 41 53 43 32 37 40 26 36 28 26 25 41 36 
28 47 46 49 32 28 45 38 49 42 30 36 35 27 36 28 26 25 43 36 
32 48 49 53 35 30 47 41 52 44 33 39 38 29 38 30 24 23 41 34 
31 44 46 48 32 26 42 39 49 42 30 38 38 24 36 28 25 24 41 34 
28 46 48 50 31 29 44 41 51 42 27 38 34 24 37 28 24 23 40 34 
27 43 44 49 31 25 42 37 47 41 28 33 35 27 34 26 26 25 41 35 
32 45 51 50 33 30 43 39 53 41 32 37 38 27 35 30 26 23 42 36 
30 48 49 51 32 29 42 41 52 44 32 35 36 25 34 30 26 25 43 36 
30 46 49 53 35 29 46 41 49 42 32 40 36 28 36 27 26 25 40 34 
25 42 47 47 32 24 41 37 47 38 26 35 35 27 35 28 24 24 39 34 
26 42 44 44 31 25 41 37 48 38 28 32 34 23 34 26 24 24 41 34 
25 41 43 44 31 24 39 37 46 38 25 32 32 23 34 27 26 23 39 36 
28 48 48 52 31 26 46 41 51 40 28 39 35 28 34 28 26 23 39 36 
27 42 46 47 31 25 40 38 45 40 26 36 32 23 34 26 24 23 40 36 
27 44 44 46 31 25 39 38 47 39 27 32 32 23 32 26 25 24 40 34 
27 44 45 45 31 25 44 37 47 39 27 36 37 23 33 27 26 24 39 34 
24 41 43 46 33 23 41 39 46 38 25 33 33 24 32 26 24 24 39 34 
26 44 45 46 32 27 41 37 46 42 28 35 35 26 32 26 24 23 39 36 
25 41 43 45 32 23 40 38 45 40 25 33 35 23 32 29 24 25 39 35 
26 45 46 50 31 28 42 38 48 42 30 38 34 24 35 30 26 23 41 36 
24 43 45 46 33 24 41 37 48 41 28 35 34 24 32 26 25 24 39 35 
27 46 48 52 35 27 42 41 51 44 28 36 36 28 38 30 24 23 41 34 
24 41 45 44 31 23 39 39 45 38 26 34 34 23 34 27 24 23 39 34 
28 43 47 48 33 27 39 37 46 40 29 35 32 25 35 27 26 23 40 36 
26 44 48 47 31 28 41 38 50 38 27 36 33 23 36 28 25 25 42 34 
28 46 50 52 32 31 47 40 50 41 33 38 37 25 35 28 24 25 43 36 
31 45 46 52 33 27 44 41 51 44 30 39 36 27 38 26 25 25 43 35 
29 44 47 51 31 27 44 41 47 42 27 37 36 25 37 30 26 25 41 34 
26 44 43 45 31 26 40 37 46 42 26 32 35 25 32 29 24 23 40 34 
25 41 44 45 32 23 39 38 46 38 25 32 32 25 32 26 24 23 40 35 
26 46 46 47 31 28 43 37 48 39 29 37 36 23 36 27 24 25 40 36 
24 43 43 44 33 23 42 39 47 38 26 32 35 23 32 26 24 24 39 34 
26 42 44 48 33 27 44 37 50 40 26 36 33 24 34 27 25 23 39 36 
27 43 47 45 31 27 43 37 46 38 26 35 32 26 35 26 24 24 41 34 
29 46 45 47 31 29 45 41 48 40 29 38 34 28 34 30 24 25 42 34 
29 47 47 47 32 26 42 39 48 40 28 37 34 24 34 30 26 25 39 36 
30 47 49 52 32 28 45 41 49 43 30 35 37 28 34 29 26 24 43 34 
24 45 46 47 32 24 43 40 45 40 26 36 33 25 34 26 25 23 42 34 
31 49 50 50 35 30 47 38 53 44 32 38 37 28 35 30 26 25 41 35 
28 49 50 50 35 28 45 39 50 40 29 39 39 28 36 30 24 24 41 34 
28 44 45 48 32 25 44 40 46 40 26 36 35 27 35 30 26 23 43 36 
32 48 51 54 33 29 45 41 52 42 33 40 38 28 38 30 26 25 43 34 
24 45 43 49 33 23 39 37 45 42 25 35 33 27 36 28 26 23 40 36 
32 48 51 54 35 29 44 40 53 43 32 37 38 27 35 30 26 25 43 34 
27 42 45 47 33 23 39 38 45 38 26 32 33 23 35 29 24 25 40 35 
29 45 45 48 32 24 41 40 48 41 26 35 36 25 33 27 26 25 40 35 
28 43 47 48 32 26 41 39 45 38 25 33 36 26 32 27 25 23 41 36 
32 48 50 54 35 31 46 39 51 42 32 40 38 29 38 30 24 23 41 36 
27 42 44 47 32 27 41 37 46 39 27 36 36 23 35 27 24 23 42 36 
24 41 44 45 31 25 40 37 48 38 25 34 32 23 32 28 26 23 39 34 
32 49 50 52 33 29 44 41 52 43 30 38 39 29 35 28 26 23 40 36 
28 43 49 50 33 25 43 41 51 40 31 35 35 24 37 26 26 23 39 36 
27 44 46 44 31 26 41 39 48 38 28 36 32 26 32 27 24 23 42 34 
28 45 50 50 33 31 45 40 50 41 30 39 36 27 38 28 26 24 43 34 
29 45 48 46 31 26 40 37 47 39 27 33 37 27 33 26 24 25 39 34 
32 47 51 54 35 30 45 40 53 44 33 40 39 26 37 28 25 25 43 36 
24 43 43 48 32 27 43 37 47 38 25 32 34 27 36 26 25 24 41 34 
32 49 51 54 35 28 46 39 52 43 33 40 40 29 38 28 26 23 42 36 
32 45 48 54 35 30 46 41 50 43 29 39 36 26 35 30 26 24 43 34 
31 48 47 51 34 29 46 39 49 41 29 36 39 27 34 27 26 25 42 36 
29 42 46 46 34 26 43 41 46 42 27 37 36 27 36 30 24 25 41 35 
24 43 44 46 31 26 39 37 45 38 25 32 32 24 34 26 26 23 39 36 
31 47 47 51 35 30 43 40 51 43 29 37 38 25 38 29 26 23 41 34 
29 46 49 54 32 31 46 40 50 43 33 37 40 27 36 30 25 23 42 36 
31 48 51 51 35 29 44 41 49 41 30 40 38 29 38 29 24 25 41 36 
24 41 43 44 31 23 39 37 45 39 25 34 32 23 33 26 24 24 41 35 
28 45 46 52 35 29 43 38 48 40 29 35 36 27 35 29 24 25 43 35 
25 45 46 46 34 25 42 37 47 42 26 37 36 26 33 26 24 25 41 36 
24 44 45 44 31 26 40 37 48 40 25 34 33 23 32 26 24 23 39 34 
28 45 49 51 35 30 47 40 51 44 31 36 39 26 38 29 26 23 43 34 
27 47 46 47 33 28 43 37 51 43 29 34 34 26 36 30 24 25 40 36 
25 42 44 48 32 28 41 38 49 39 30 34 35 26 35 28 24 24 41 35 
26 44 46 45 33 24 39 40 46 39 27 32 35 23 32 28 24 24 42 34 
31 45 48 52 32 26 42 41 49 42 28 38 36 26 37 28 26 25 43 34 
25 43 48 46 32 27 43 39 49 40 30 37 35 24 36 30 24 23 41 34 
24 41 46 44 31 23 41 38 45 39 25 32 32 25 33 26 26 23 39 34 
29 48 48 53 35 31 47 39 53 44 33 40 38 28 38 30 25 23 43 36 
30 49 48 54 33 30 47 41 53 43 33 39 37 29 38 29 26 23 43 36 
25 44 44 48 33 25 40 40 47 40 29 33 37 27 36 29 25 24 40 34 
24 41 44 44 33 23 39 37 48 40 27 35 32 23 35 26 24 25 41 34 
27 44 43 44 31 27 41 37 47 38 27 33 35 23 34 26 26 24 40 35 
26 41 45 44 31 23 41 38 45 39 27 34 33 23 32 28 25 23 39 36 
24 41 45 46 31 23 39 37 45 40 25 34 32 23 33 26 26 25 39 34 
32 49 48 52 35 29 45 40 51 41 33 40 38 27 37 30 26 25 41 34 
28 43 48 50 35 27 44 40 49 40 29 37 34 25 33 30 26 25 40 36 
24 41 45 44 31 25 40 37 47 38 27 32 34 26 32 28 24 23 41 34 
24 41 45 47 31 24 41 38 46 41 25 35 32 23 35 29 25 25 39 34 
29 46 44 49 32 25 42 39 48 39 26 35 36 24 35 26 26 23 41 34 
27 42 47 45 31 25 43 37 45 41 28 34 33 27 33 29 26 25 41 35 
24 41 45 46 31 23 39 37 46 38 26 33 32 23 32 26 25 23 39 35 
24 42 44 46 31 23 40 37 46 41 27 32 32 26 33 26 24 25 39 34 
32 47 51 52 34 28 47 40 51 44 30 40 38 29 36 30 24 23 43 36 
27 46 48 49 33 25 44 37 47 39 26 37 34 25 34 27 25 23 39 34 
26 47 48 51 35 29 45 39 50 40 28 36 36 26 36 29 24 25 40 36 
31 47 47 49 35 28 46 38 49 43 30 36 35 29 37 30 26 25 43 36 
28 45 45 47 32 29 41 39 49 41 29 37 36 26 36 28 26 23 39 35 
25 42 43 49 33 24 40 37 45 42 29 36 32 23 36 27 26 25 39 34 
31 48 51 51 34 31 46 39 53 41 32 39 37 29 36 27 26 25 42 35 
25 43 45 49 33 28 42 38 47 41 26 35 33 24 32 29 26 23 41 36 
26 42 43 48 33 27 41 38 49 40 28 33 36 27 34 28 26 25 41 34 
31 47 47 48 35 27 45 37 48 39 29 36 38 24 33 29 24 23 41 35 
31 46 51 50 35 29 47 38 51 44 30 39 38 27 35 29 26 25 43 35 
29 48 51 54 34 29 47 40 51 42 31 38 38 28 36 30 24 23 41 36 
28 43 47 48 34 25 44 39 46 40 26 34 34 25 35 26 25 24 43 36 
26 44 45 48 34 28 41 39 49 42 28 34 37 27 34 26 24 24 40 34 
29 46 48 50 32 25 43 40 49 40 28 37 34 26 34 30 24 25 42 35 
30 45 51 53 35 30 45 41 52 41 32 38 38 29 35 29 25 25 41 36 
25 44 46 48 34 25 42 40 48 39 28 33 32 26 34 28 25 25 41 34 
31 49 51 50 34 31 47 39 53 44 32 39 38 29 37 30 26 25 41 34 
26 45 45 49 34 25 41 39 49 41 29 38 37 25 36 28 25 23 39 36 
29 45 49 52 35 27 43 41 51 42 29 39 37 29 34 28 25 25 40 34 
24 41 45 44 32 25 39 37 47 39 28 33 33 25 33 26 24 23 39 34 
24 41 44 44 31 23 39 37 45 38 25 33 32 24 33 26 24 25 41 35 
28 44 47 49 34 28 42 40 51 40 28 38 35 28 36 30 24 23 41 34 
24 41 43 44 31 23 39 37 45 38 27 32 32 25 32 28 26 23 39 34 