24 30 28 42 20 29 47 54 20 44 36 35 35 54 43 40 33 50 57 25 
26 27 28 39 21 30 47 55 20 42 36 34 35 52 44 41 32 51 56 24 
21 25 27 39 17 22 43 48 16 40 29 28 33 52 40 33 27 51 55 21 
23 26 26 39 21 26 46 52 19 41 36 31 33 53 41 39 30 50 56 24 
19 24 26 38 17 23 43 50 16 40 29 28 31 49 41 36 27 50 51 17 
23 30 28 41 18 28 45 55 19 41 34 33 36 55 44 38 33 52 55 24 
23 29 28 41 19 27 45 54 20 44 37 35 37 55 44 39 32 52 56 26 
22 28 26 40 20 28 46 52 19 44 36 30 37 53 41 38 32 50 54 24 
21 26 27 39 19 20 44 48 17 41 30 27 32 52 40 36 28 50 51 20 
22 26 27 38 17 23 43 51 16 40 31 26 33 53 40 37 27 51 53 20 
23 24 26 38 20 23 43 49 16 40 31 30 32 50 41 38 29 50 55 21 
18 24 27 38 18 20 43 49 17 40 29 26 31 49 40 33 27 51 51 17 
23 24 28 37 17 24 46 48 18 43 32 27 34 52 40 38 27 51 51 21 
19 26 26 38 19 22 45 48 16 42 29 28 33 51 40 35 27 50 53 19 
26 27 28 41 20 26 45 55 19 43 35 32 37 54 43 41 33 51 54 24 
19 28 26 36 17 22 45 47 18 40 29 29 31 50 43 35 31 50 54 19 
22 26 26 36 18 22 44 49 16 42 30 26 31 49 42 34 27 51 51 20 
26 30 28 41 18 26 46 53 17 43 37 32 36 52 44 40 33 51 56 25 
20 26 26 37 18 20 44 51 19 42 30 29 32 50 40 34 30 52 52 20 
19 25 28 39 18 20 43 49 16 40 32 25 31 50 40 33 27 51 53 19 
21 27 26 40 19 23 43 51 16 43 34 28 31 51 42 36 29 50 51 23 
25 30 28 38 21 29 44 52 20 44 33 32 33 53 43 38 30 52 56 25 
22 27 28 38 21 25 47 52 17 41 37 34 34 54 42 39 32 50 53 26 
21 29 27 39 21 27 43 50 18 43 35 31 36 54 44 36 29 52 54 23 
25 28 26 42 21 30 47 53 20 44 36 33 35 54 44 38 33 51 57 24 
20 29 28 39 20 26 44 51 20 41 32 30 33 51 43 38 28 51 53 23 
25 30 27 42 20 28 47 54 20 42 36 33 37 55 44 41 33 52 57 26 
24 27 28 39 21 30 46 52 18 42 35 32 37 55 43 41 33 52 55 27 
19 24 27 36 17 20 43 47 16 42 31 25 31 49 40 34 27 50 51 18 
20 24 28 36 17 22 43 47 16 40 29 26 31 49 41 34 27 51 51 19 
24 28 27 40 19 30 44 53 20 41 36 34 37 55 41 41 33 52 56 24 
25 30 26 41 20 28 46 55 20 44 37 35 37 54 42 41 32 52 56 27 
21 29 28 42 21 25 47 50 17 43 36 31 37 51 43 38 32 50 54 24 
22 30 27 39 20 28 47 55 17 42 35 35 34 53 44 38 32 51 57 24 
25 28 26 42 21 25 45 53 17 41 34 34 33 51 44 38 31 52 53 23 
23 26 26 42 17 26 44 53 16 43 34 33 35 55 40 37 32 52 54 23 
26 27 28 42 21 30 47 53 18 44 36 33 37 52 43 40 31 52 56 25 
24 27 28 40 20 26 43 52 18 41 34 30 32 50 44 36 31 50 55 21 
24 26 27 38 17 27 47 53 17 44 36 29 35 53 40 39 30 50 54 23 
24 30 28 40 21 30 45 55 20 43 36 33 37 55 43 41 33 52 57 27 
19 24 27 36 17 22 43 49 18 40 29 25 31 50 42 33 27 51 52 19 
19 24 26 36 17 22 43 48 17 42 29 26 31 50 40 33 29 51 51 19 
22 25 28 39 17 24 46 48 16 42 33 25 32 52 42 36 30 50 52 20 
26 28 28 42 21 30 46 55 19 43 36 33 35 55 44 41 33 51 57 24 
24 25 27 41 19 28 43 53 16 41 36 33 35 50 43 39 31 50 56 21 
24 29 26 42 19 27 47 52 20 42 34 35 34 53 43 38 33 50 57 25 
18 25 28 36 19 20 44 47 16 40 29 26 33 50 40 34 28 51 52 20 
22 30 27 42 17 24 46 54 17 41 34 29 35 55 42 36 29 50 57 21 
24 29 28 42 19 26 45 51 18 44 36 31 36 55 41 41 32 52 57 27 
23 27 28 41 17 26 44 52 18 44 34 30 35 53 44 38 28 50 52 21 
24 29 27 42 21 30 46 55 19 43 36 35 37 55 44 40 33 50 57 26 
21 27 26 36 18 21 43 50 16 41 30 28 34 52 40 35 31 50 51 20 
18 24 26 37 17 23 44 47 16 41 29 25 31 49 40 36 30 50 53 20 
18 26 26 36 17 21 43 50 17 42 32 29 34 49 40 36 27 50 52 19 
24 28 28 39 19 29 44 52 17 44 37 30 36 52 41 37 29 50 53 25 
25 26 28 38 21 29 45 51 18 43 37 31 33 51 44 40 31 50 57 26 
26 30 28 42 19 30 47 54 20 44 37 35 37 54 42 41 31 51 55 27 
23 28 26 42 20 26 44 54 19 41 36 33 33 52 43 36 29 50 53 23 
22 28 26 36 18 23 45 48 20 43 30 29 31 52 43 35 28 50 55 19 
24 29 26 39 20 25 43 54 19 43 32 30 35 53 40 37 31 50 57 23 
22 27 28 39 19 28 45 51 19 41 37 31 37 55 41 40 31 50 54 26 
24 26 28 41 21 26 46 52 20 44 35 30 36 54 41 39 32 50 55 26 
25 27 26 38 17 26 44 53 17 40 34 31 33 52 40 37 33 52 56 24 
19 27 28 38 20 20 43 50 16 43 30 25 32 52 43 34 27 51 54 19 
26 28 28 42 21 30 47 55 19 44 37 33 36 53 44 41 31 52 57 24 
23 30 28 38 19 27 44 53 18 43 36 33 33 51 43 41 30 50 55 22 
26 28 26 41 21 28 47 55 20 44 37 35 37 55 42 40 33 52 56 27 
25 28 28 38 18 25 45 50 20 44 32 32 36 51 42 37 32 50 54 24 
26 30 28 40 20 27 47 53 19 44 37 33 34 52 42 39 33 52 57 26 
22 27 26 37 19 22 43 48 17 40 31 31 33 53 44 34 31 52 55 23 
20 25 27 41 18 23 43 49 16 43 32 30 32 50 42 39 31 52 55 21 
20 28 27 39 19 23 43 48 19 40 32 28 31 52 40 33 31 50 52 19 
22 26 27 38 20 26 47 54 20 41 36 30 37 54 44 40 29 52 57 24 
23 25 27 38 19 22 44 49 19 40 30 28 31 49 42 38 28 50 54 19 
24 27 28 42 21 27 47 54 20 42 37 34 36 55 44 39 33 52 55 24 
19 24 28 40 20 26 45 48 20 40 32 31 33 53 43 35 29 50 54 20 
25 29 28 42 21 27 47 55 17 44 37 35 36 55 43 40 32 52 56 26 
21 25 26 36 20 21 44 49 16 42 32 28 33 50 40 37 31 52 54 19 
26 30 28 41 21 30 46 53 20 41 35 32 35 54 44 39 32 52 54 23 
24 26 26 41 17 23 46 49 18 42 33 29 33 54 43 38 32 51 55 23 
22 27 26 39 18 26 47 52 19 42 33 30 35 51 41 39 31 50 53 21 
23 29 26 38 17 23 45 51 16 44 33 32 33 51 41 35 28 50 52 22 
20 26 28 37 21 24 44 50 20 43 31 29 33 51 41 36 32 52 53 22 
18 24 28 36 19 23 46 47 19 43 32 26 33 50 42 35 29 52 54 17 
22 26 28 41 17 26 43 52 18 44 33 28 32 52 41 38 31 50 56 20 
20 27 26 40 20 23 46 50 20 40 32 32 35 50 43 37 29 50 53 22 
23 29 26 40 18 26 46 52 20 44 33 34 37 54 41 40 30 50 54 26 
21 25 28 37 18 23 44 52 17 42 32 31 34 53 42 34 27 50 55 19 
23 24 28 39 17 23 45 48 19 42 30 29 32 49 43 35 30 50 51 22 
23 29 27 40 20 25 46 51 20 42 32 32 36 52 44 36 31 51 56 22 
21 30 28 38 19 29 47 50 20 44 36 30 37 54 41 39 33 50 57 26 
18 25 28 39 17 21 43 48 16 40 32 29 31 51 40 34 28 51 51 21 
23 26 28 40 17 25 46 52 17 42 31 30 35 53 40 35 31 52 55 18 
22 27 27 36 18 23 43 48 18 41 32 29 33 50 41 37 27 50 53 18 
24 27 28 40 20 25 46 52 17 43 33 33 34 55 41 39 33 50 55 22 
26 29 27 42 21 28 45 55 18 44 35 33 36 54 44 39 33 52 56 26 
18 26 26 36 17 22 44 48 16 40 29 27 31 49 42 35 29 52 53 17 
18 25 26 36 17 20 43 49 18 40 29 26 31 49 42 35 29 50 53 19 
22 29 28 39 18 28 47 51 18 42 33 33 35 54 41 38 30 50 54 24 
19 24 26 36 19 20 43 47 16 43 31 26 33 50 40 33 30 52 51 21 
19 24 27 36 19 21 43 48 16 40 31 25 31 51 40 35 29 50 53 18 
20 26 26 36 18 23 44 50 19 43 32 26 34 49 41 35 30 50 52 21 
25 30 28 41 18 27 44 55 18 44 36 30 35 55 41 39 33 50 56 24 
22 27 27 40 21 23 47 51 17 41 30 31 33 50 43 35 32 52 56 19 
24 28 28 42 19 28 47 53 20 42 37 35 35 55 44 41 33 52 55 25 
20 28 27 40 20 25 45 51 17 43 29 29 32 49 41 33 31 50 52 21 
24 27 26 38 18 27 44 53 18 41 34 29 36 53 44 36 28 51 56 21 
22 27 26 42 20 26 45 52 17 44 33 32 35 52 41 40 31 50 57 25 
19 25 28 38 17 24 46 51 16 40 30 27 32 49 40 33 31 50 53 20 
22 25 27 37 18 28 46 51 18 44 35 29 35 53 42 40 29 52 53 23 
20 26 26 37 17 22 43 48 19 43 30 28 31 52 41 35 28 51 51 21 
21 26 28 39 20 26 43 50 17 40 32 27 31 50 43 36 30 52 51 21 
26 28 28 38 21 29 47 55 18 43 34 32 35 53 44 37 29 50 55 23 
26 30 28 42 21 30 47 54 18 44 37 35 37 55 44 41 33 50 57 26 
21 26 28 40 19 25 45 53 16 40 32 31 32 52 43 39 32 52 53 20 
20 27 28 40 18 26 47 50 20 43 34 28 34 51 40 35 30 50 55 21 
19 24 26 36 17 20 43 47 17 40 29 27 31 51 41 34 28 52 53 19 
22 30 28 40 21 30 47 54 18 44 34 32 34 55 42 41 33 52 57 27 
22 29 27 39 21 26 45 49 17 44 32 30 35 50 43 36 29 52 55 21 
25 27 28 41 21 28 47 53 20 44 34 34 37 55 42 40 31 52 56 26 
19 24 28 38 17 22 43 47 19 40 32 29 33 49 41 33 29 52 54 21 
26 28 28 39 20 29 45 52 20 43 36 33 35 52 41 38 31 50 56 26 
21 25 28 39 17 23 46 51 19 42 32 29 33 51 40 34 30 52 52 20 
23 29 28 40 19 25 44 54 17 44 36 31 34 51 41 36 31 52 55 24 
19 28 28 36 17 22 46 52 17 40 33 27 31 49 43 36 28 51 51 23 
19 24 26 36 17 22 45 47 16 40 30 25 33 49 40 34 28 50 51 17 
18 26 26 38 17 21 44 49 16 40 30 27 32 50 40 35 30 50 54 20 
26 27 28 42 21 27 47 54 19 43 37 32 37 55 44 41 33 51 56 25 
26 30 28 42 21 28 46 53 20 44 36 35 37 53 42 41 33 52 57 27 
22 29 28 38 19 27 44 50 18 40 36 30 35 53 43 40 32 50 54 22 
25 27 27 40 18 28 47 51 20 42 37 31 35 55 44 38 30 52 54 24 
21 24 26 37 19 25 44 49 16 41 31 28 31 49 40 36 29 50 51 23 
21 26 28 39 21 25 43 54 19 40 34 31 33 54 42 38 30 52 56 24 
21 26 26 40 17 25 43 47 16 40 30 27 32 51 40 33 28 52 52 22 
22 27 26 41 21 28 46 52 18 44 33 34 34 53 42 38 32 50 57 27 
25 29 26 40 20 28 46 52 20 44 34 34 37 52 44 40 33 52 57 26 
26 29 28 40 21 30 46 54 18 44 35 35 35 55 44 41 32 52 55 27 
20 24 26 36 19 21 45 47 16 40 29 27 31 49 40 35 29 50 52 19 
21 27 28 40 21 26 43 52 17 44 32 31 31 49 44 35 28 51 55 21 
25 30 28 42 19 29 44 55 20 44 37 34 34 53 41 41 30 51 57 25 
20 24 26 38 17 21 43 49 16 40 29 25 33 49 40 34 28 50 52 19 
25 27 26 39 17 25 43 53 19 44 33 32 32 50 42 37 31 52 56 25 
20 26 28 39 19 22 43 47 18 43 30 29 31 49 43 37 29 52 51 19 
25 30 28 42 21 29 46 54 20 44 37 34 36 53 42 40 33 52 57 27 
21 26 28 36 17 20 43 50 16 40 32 28 32 51 42 33 27 50 53 17 
20 25 28 36 19 21 46 50 16 40 30 28 34 51 40 33 27 52 51 17 
20 28 28 37 20 26 44 51 20 40 34 28 34 52 40 39 28 50 55 20 
22 28 26 37 18 21 44 49 16 40 34 30 35 52 41 38 31 50 52 20 
20 25 26 36 18 22 45 50 17 43 32 25 31 49 41 33 30 52 51 19 
23 30 28 41 21 26 44 55 20 44 33 32 37 54 43 40 30 51 56 27 
21 26 27 39 17 21 43 47 16 42 31 26 34 50 40 33 29 50 54 17 
18 26 26 36 17 21 43 47 18 42 29 26 32 51 40 33 27 51 52 17 
18 26 26 39 19 21 43 50 16 40 30 25 31 50 41 34 27 50 51 17 
23 26 27 42 21 26 45 52 18 42 36 31 37 55 41 40 32 52 55 21 
19 25 28 36 18 20 45 47 18 40 29 26 31 49 40 33 27 51 51 17 
18 24 26 36 19 21 43 47 17 40 29 25 33 51 42 35 27 50 51 19 
21 26 26 42 19 25 47 50 18 41 32 31 35 55 41 37 32 52 56 22 
20 27 28 39 19 24 46 51 16 44 35 32 36 54 41 37 29 50 52 22 
19 27 28 39 17 23 44 49 16 42 32 28 34 51 42 34 27 50 53 20 
18 24 26 36 17 22 43 47 17 40 31 26 31 51 40 35 29 50 52 17 
23 30 27 41 21 28 44 52 17 44 33 29 33 54 44 37 33 52 55 24 
18 25 28 36 17 21 46 48 18 40 29 29 34 49 40 35 29 50 52 19 
20 24 28 38 18 23 43 47 16 41 29 28 34 50 40 36 27 50 53 17 
23 30 28 40 21 28 47 53 20 44 37 33 36 53 44 38 31 51 56 23 
18 24 28 37 19 20 43 47 16 41 29 27 34 49 43 35 27 51 54 18 
25 30 26 40 19 30 44 51 19 43 35 31 36 54 41 39 30 50 57 23 
21 26 28 40 18 27 43 50 17 43 34 29 32 54 43 40 32 52 54 25 
25 30 27 41 19 29 47 55 19 44 37 35 37 55 43 41 33 52 56 26 
26 30 28 42 21 30 47 55 20 44 37 34 37 53 44 40 32 52 57 27 
21 28 26 40 21 25 47 48 19 44 31 27 34 50 40 37 28 50 55 23 
24 30 27 41 21 29 47 51 18 42 33 31 37 52 44 41 31 50 54 22 
24 29 28 39 21 27 47 54 20 44 34 34 34 53 44 38 30 51 57 27 
22 26 28 38 17 21 45 49 18 40 30 29 31 51 40 37 31 50 54 22 
20 26 26 36 18 20 43 48 17 41 30 25 31 51 42 33 27 51 51 19 
21 26 28 38 19 25 45 54 17 44 36 30 33 54 41 37 33 52 55 21 
21 24 26 37 17 21 43 50 16 40 29 25 31 51 41 33 27 51 53 17 
23 29 28 38 20 28 47 52 20 41 35 33 37 53 41 39 32 52 53 23 
21 27 28 37 17 26 44 50 18 43 34 30 35 51 41 36 30 52 52 20 
20 25 28 37 20 27 45 53 16 40 34 29 34 52 43 35 28 50 56 24 
18 24 28 39 20 23 46 47 17 40 29 25 31 51 43 33 29 50 51 17 
24 27 28 37 17 27 47 53 20 40 35 31 33 52 41 37 30 50 55 24 
21 24 27 36 17 22 43 49 16 41 29 28 31 52 40 33 30 50 51 17 
26 29 28 42 19 29 47 53 18 44 36 32 34 55 44 40 31 52 54 26 
22 30 28 40 20 26 46 54 19 44 33 33 36 52 42 39 33 52 57 26 
24 29 28 41 20 23 45 51 20 40 34 30 35 50 43 37 28 50 55 24 
18 27 26 39 17 20 43 48 16 40 29 26 31 49 40 36 30 52 51 19 
26 26 26 40 21 26 45 55 20 42 35 34 36 55 44 40 33 51 54 24 
18 24 26 36 17 21 43 48 18 40 31 25 33 49 40 33 28 51 51 19 
24 29 26 41 21 27 47 54 19 43 37 35 37 52 44 39 32 51 57 24 
23 27 28 38 17 23 46 48 18 40 31 27 31 52 40 37 28 52 55 22 
19 25 26 38 17 20 44 47 16 41 29 25 31 49 40 33 27 51 51 17 
24 30 27 40 18 29 44 55 20 43 34 31 36 51 44 38 33 52 57 23 
25 29 28 40 21 26 44 51 20 43 34 34 37 53 42 39 31 52 57 26 
25 27 27 39 21 30 47 55 18 43 36 35 37 55 44 41 30 51 54 27 
26 28 26 42 19 30 47 54 20 44 37 34 37 54 44 38 30 52 54 27 
19 24 27 40 20 21 44 49 16 41 30 30 33 50 41 33 28 50 51 18 
26 28 28 40 20 27 46 54 20 43 36 34 35 55 44 39 33 52 57 25 
24 30 28 42 19 27 45 52 20 43 35 33 37 53 42 41 30 52 56 25 
18 27 26 39 17 20 43 50 16 41 31 25 31 52 42 33 27 51 51 17 
22 27 26 39 19 24 43 48 16 42 32 29 33 50 40 37 27 50 51 20 