84 41 81 46 62 56 85 65 37 39 61 73 85 78 55 64 77 49 48 67 
84 40 81 42 58 52 84 61 39 38 57 71 85 77 56 60 79 48 51 63 
77 40 81 38 57 49 76 61 37 38 53 73 79 71 54 61 77 47 47 60 
79 41 79 38 56 49 76 61 37 38 54 71 79 70 52 61 77 47 47 59 
78 42 79 40 59 48 79 61 37 40 53 71 79 71 53 60 77 48 49 62 
84 44 81 43 60 53 86 65 37 40 60 73 89 77 56 62 78 48 51 68 
81 44 79 43 57 52 83 65 38 40 58 73 82 76 55 63 77 47 48 64 
83 42 81 45 57 51 83 62 38 40 59 73 83 73 56 63 79 47 48 66 
84 43 79 46 62 56 82 62 39 40 60 71 87 74 53 61 79 49 49 68 
82 44 81 46 62 54 86 65 39 39 60 73 89 76 56 64 79 47 51 68 
83 41 81 43 61 53 85 64 39 38 59 71 88 76 56 61 77 47 51 65 
82 41 79 41 62 51 84 64 37 40 59 73 86 76 56 64 78 48 49 63 
78 44 81 41 57 51 78 61 37 38 54 73 83 73 54 63 77 47 48 63 
81 42 81 41 58 52 81 63 39 39 57 71 85 74 55 63 79 47 49 65 
78 40 79 38 57 49 76 61 38 38 53 72 80 72 52 60 77 49 47 59 
81 41 79 39 58 48 76 61 37 38 56 71 80 74 54 63 77 47 50 63 
82 41 79 44 60 51 80 63 39 40 58 71 83 76 52 60 79 49 48 63 
79 42 81 41 56 49 80 62 37 40 57 72 82 74 55 60 77 48 48 61 
85 44 79 45 62 55 85 63 38 39 60 73 89 78 56 64 78 49 49 69 
80 42 80 38 57 48 77 63 37 38 54 72 79 70 55 60 77 47 48 60 
84 41 81 45 59 53 84 64 39 38 58 71 86 76 55 61 79 49 51 67 
78 40 79 40 56 49 81 62 38 40 55 72 81 73 54 60 77 47 50 64 
85 44 81 46 62 56 83 64 39 38 61 73 88 75 56 64 79 47 49 67 
82 40 80 40 60 51 79 61 39 39 57 72 86 73 53 64 77 47 48 63 
82 41 81 42 59 56 83 65 39 38 58 72 84 78 56 64 77 47 50 64 
83 42 81 44 62 54 86 65 39 40 61 73 88 77 56 64 77 47 49 69 
80 43 81 43 58 52 80 65 39 39 57 73 84 72 56 62 78 47 49 63 
82 40 80 40 60 51 81 63 39 40 57 72 82 74 53 61 77 49 47 64 
82 44 80 45 61 53 84 65 39 40 59 72 87 78 55 62 77 47 51 67 
81 43 80 39 57 49 79 64 39 38 55 72 84 73 54 61 79 49 50 62 
80 43 79 38 59 48 77 63 37 38 53 71 79 72 55 61 77 47 48 61 
83 44 80 45 62 56 84 63 39 38 59 73 89 76 56 64 79 48 50 69 
79 44 81 43 58 51 81 63 37 38 58 73 85 76 55 60 79 48 48 66 
81 43 81 42 60 49 80 61 39 38 56 71 82 71 55 60 79 49 49 65 
78 42 79 39 56 51 77 61 38 38 54 73 82 71 52 60 77 47 47 62 
83 42 80 45 61 55 85 63 37 40 59 71 87 75 54 61 77 48 51 67 
78 40 79 40 56 48 78 61 37 38 55 71 82 72 52 60 79 47 50 59 
80 40 81 42 57 54 81 65 38 40 59 72 86 75 55 63 79 49 47 65 
79 40 79 38 58 48 80 61 38 40 53 72 82 74 54 61 77 47 47 62 
84 43 81 44 61 53 84 63 39 39 61 71 84 76 54 62 78 47 51 64 
82 41 81 44 62 52 82 63 39 40 57 72 88 75 54 64 77 48 50 67 
78 41 79 39 59 49 81 61 37 39 58 71 81 72 53 60 78 49 50 60 
83 44 81 46 61 56 84 65 39 38 61 72 86 77 56 64 79 49 49 66 
83 42 81 43 59 56 84 65 39 40 59 73 89 78 56 63 78 48 51 67 
79 41 81 42 58 54 80 64 37 38 57 71 81 73 55 61 79 49 51 65 
84 44 81 43 59 52 81 65 38 39 56 72 84 76 53 62 79 49 49 66 
81 42 79 38 56 49 79 63 39 40 54 71 82 70 54 60 78 47 47 61 
79 41 81 43 56 51 78 61 38 38 58 73 82 74 52 60 78 48 47 62 
79 42 81 39 59 52 78 61 38 40 54 72 85 73 55 60 79 48 51 65 
85 43 81 45 58 52 85 65 37 38 61 72 85 77 56 64 77 48 51 67 
82 44 81 44 58 52 83 62 38 40 57 71 83 73 56 64 78 47 47 65 
78 43 80 39 58 50 78 62 39 39 55 71 81 70 55 60 78 47 48 62 
77 40 79 40 56 48 79 61 38 38 54 71 82 70 52 60 77 48 48 59 
85 43 80 46 61 55 86 65 39 40 61 72 87 78 56 64 79 49 51 69 
78 40 79 38 57 48 76 61 37 38 53 71 79 70 54 60 79 49 48 59 
83 44 81 41 60 51 83 64 39 39 60 71 85 77 56 64 79 47 51 66 
82 44 81 43 60 55 84 63 39 40 59 72 89 77 54 63 79 47 50 68 
81 42 79 45 61 52 83 62 37 40 57 71 84 77 56 61 79 47 50 64 
77 41 80 38 58 48 77 61 37 39 54 72 79 70 53 60 79 48 48 59 
78 43 79 39 59 51 79 63 37 38 53 72 83 70 52 60 79 48 50 61 
85 44 81 45 61 56 84 65 37 40 60 71 89 77 56 63 79 48 50 69 
78 43 79 39 58 49 78 61 38 38 54 71 79 72 52 60 79 47 47 61 
78 41 81 40 56 48 78 63 39 39 54 71 79 70 53 60 77 48 47 59 
81 41 80 44 60 55 82 64 37 40 61 72 87 78 56 63 78 47 51 68 
80 41 79 40 60 50 80 61 39 38 56 71 82 74 56 62 77 47 51 62 
77 42 81 41 59 51 80 61 39 39 53 73 83 73 54 60 77 47 49 63 
81 42 79 38 56 49 80 62 38 40 56 73 81 73 55 62 78 47 50 63 
84 43 79 45 60 54 85 62 38 38 59 73 86 75 56 64 77 49 51 68 
77 40 79 41 57 48 77 62 37 38 54 71 80 73 52 61 77 49 47 61 
77 40 79 38 56 48 77 61 37 38 55 73 79 70 52 60 77 49 48 59 
83 42 81 42 60 54 80 63 37 40 58 73 87 76 55 62 77 49 49 65 
85 44 81 46 61 53 85 64 38 40 59 71 86 77 55 64 78 49 49 68 
79 42 81 44 60 52 80 65 38 38 59 73 86 73 52 60 78 48 48 65 
83 42 79 42 61 54 83 62 39 40 57 73 89 76 55 61 77 48 49 69 
78 40 81 38 56 49 76 61 37 38 53 73 80 71 52 60 77 47 48 59 
77 40 79 38 56 50 78 61 38 38 56 71 79 72 53 60 77 47 47 61 
78 42 79 42 60 52 80 61 39 38 56 73 80 72 54 62 79 47 49 64 
81 43 80 43 61 56 82 64 38 40 58 73 89 76 56 63 79 49 50 66 
78 42 81 41 57 50 78 62 37 39 56 71 82 72 54 62 79 48 50 63 
77 42 79 39 58 51 78 63 37 38 53 71 80 71 52 60 78 47 49 61 
79 42 81 41 59 53 82 62 38 40 59 71 85 75 55 62 77 47 48 64 
77 40 79 39 58 50 76 61 37 39 55 71 79 70 54 60 79 47 47 59 
81 42 81 43 61 54 79 62 37 40 59 73 84 72 54 60 77 49 49 62 
78 40 79 40 58 50 80 64 39 38 56 71 79 70 52 62 77 47 50 59 
81 41 81 44 59 50 83 63 37 40 57 71 86 73 56 63 78 49 50 63 
85 44 81 46 62 56 83 64 38 40 60 71 89 76 56 62 78 48 51 68 
81 44 79 43 59 54 81 64 39 40 58 72 86 74 56 62 79 47 48 62 
80 43 79 38 59 48 77 63 38 40 54 71 80 72 55 63 79 49 47 59 
84 44 79 46 58 56 82 65 37 40 57 71 86 74 55 61 79 48 51 65 
78 41 79 40 57 50 76 61 39 38 53 73 83 74 52 62 79 48 47 60 
78 42 81 39 56 51 78 61 37 38 58 71 81 75 52 60 79 47 48 61 
85 44 80 46 62 56 85 65 39 40 60 73 88 76 56 64 79 49 51 67 
78 43 81 42 56 52 79 63 39 38 55 71 83 74 52 61 77 47 48 62 
79 41 79 41 57 49 79 61 37 40 55 73 83 73 54 63 77 47 48 63 
82 44 81 43 59 56 86 62 37 40 59 73 88 78 53 63 79 49 49 66 
85 41 81 45 61 54 82 62 39 40 58 72 87 77 54 64 79 48 49 68 
80 42 81 42 59 53 79 64 38 38 55 73 81 71 54 63 77 47 50 61 
81 42 79 43 61 52 85 63 39 40 60 73 85 75 53 62 79 49 48 67 
82 44 81 46 58 56 81 65 39 39 59 73 87 77 56 64 79 49 50 64 
81 40 80 41 59 53 79 63 39 39 54 73 84 72 52 62 79 49 48 62 
85 43 81 43 62 55 82 65 39 38 57 72 86 74 56 61 79 48 50 67 
85 43 79 45 61 52 83 64 38 38 58 71 86 74 54 63 79 49 50 66 
80 43 79 39 58 52 80 61 39 39 57 73 80 75 55 63 79 47 50 63 
81 44 81 44 60 51 81 65 37 38 60 71 85 76 55 64 77 49 50 67 
77 41 79 38 58 48 79 61 37 39 54 72 82 73 52 60 77 48 47 61 
84 44 81 45 59 53 81 62 39 38 59 71 86 77 54 62 79 48 49 65 
82 43 80 44 59 53 82 61 39 38 58 73 83 77 56 61 79 47 49 64 
84 42 81 43 58 55 82 62 37 40 61 71 87 77 55 64 77 49 50 68 
79 42 79 39 57 49 79 64 38 38 56 71 84 70 53 62 78 48 49 60 
82 43 81 44 61 53 83 63 39 38 61 71 87 74 53 64 78 47 51 65 
79 40 80 38 58 48 77 63 38 40 53 71 79 70 52 62 78 47 47 59 
78 41 79 41 60 51 82 64 38 40 57 71 84 71 56 61 79 49 51 65 
79 42 81 43 58 52 79 62 39 38 57 71 84 71 52 61 78 47 48 63 
79 40 81 40 57 50 78 64 37 40 57 73 83 74 55 60 77 47 50 63 
77 40 81 39 56 51 80 63 37 38 55 71 80 71 55 61 77 48 48 61 
82 43 81 46 59 55 86 65 38 40 60 71 87 78 54 64 79 49 51 66 
80 42 81 40 56 49 77 64 39 40 56 73 83 70 53 60 79 47 47 61 
83 41 81 42 57 54 79 63 39 38 58 73 82 73 56 62 78 49 51 66 
79 43 80 39 57 50 80 62 37 38 54 71 82 72 53 62 79 49 48 61 
81 44 81 42 60 54 84 63 39 40 57 73 88 77 56 61 77 47 50 66 
83 44 80 45 61 56 82 63 39 39 58 72 86 75 56 63 78 49 49 68 
84 44 79 46 59 54 86 64 37 40 61 73 85 77 56 64 78 49 49 69 
85 41 79 44 61 56 84 65 38 39 59 71 87 76 56 61 79 49 49 66 
82 43 81 40 57 51 83 61 39 38 59 71 85 75 55 64 77 49 51 66 
82 43 79 43 59 55 86 65 39 40 61 71 87 78 56 64 78 47 50 69 
81 42 79 43 61 54 79 65 38 38 58 72 82 75 52 61 79 47 49 64 
81 40 79 42 58 50 83 64 37 38 56 71 84 75 55 64 79 49 51 65 
78 41 79 42 56 53 79 63 38 40 58 72 80 75 52 62 77 47 47 64 
85 42 81 46 61 56 86 63 39 38 61 71 89 78 56 64 77 48 49 69 
82 41 81 39 59 50 79 61 37 40 55 72 84 74 53 60 77 49 50 63 
84 41 81 45 60 52 85 65 39 38 60 71 86 76 54 64 78 48 51 66 
83 41 81 42 59 55 82 64 39 39 58 71 85 76 55 61 77 49 48 64 
82 43 79 42 61 55 80 65 37 39 58 72 83 74 54 61 77 48 48 63 
83 40 79 41 57 53 83 64 39 40 57 73 83 75 53 60 79 47 47 62 
79 40 80 38 56 50 77 61 37 38 56 72 83 74 53 62 77 49 50 61 
80 42 79 42 58 52 81 65 37 40 57 73 82 73 53 61 78 47 49 65 
82 41 81 46 61 53 84 63 39 40 57 73 87 76 54 64 79 49 51 67 
82 42 81 39 59 51 81 61 37 39 57 73 84 75 54 60 77 47 47 62 
84 43 81 46 62 56 86 63 39 40 59 71 89 78 56 62 79 48 51 69 
83 42 81 46 60 56 86 65 37 39 59 73 89 78 54 64 79 49 50 69 
77 41 80 38 56 49 76 61 37 38 53 73 80 70 52 62 79 47 47 61 
81 41 80 42 58 53 81 63 38 40 58 71 83 75 53 61 79 47 50 62 
81 41 79 40 60 50 80 63 39 39 58 73 86 75 53 61 79 49 49 63 
82 44 81 39 57 52 79 65 38 39 54 71 84 74 54 64 77 48 51 62 
82 44 80 43 62 53 86 65 37 38 59 72 87 78 54 62 79 49 51 66 
79 41 81 39 60 50 77 64 37 38 53 72 83 71 54 60 79 48 49 61 
85 42 79 43 60 53 83 64 39 40 59 73 89 76 56 62 79 49 50 66 
79 42 79 39 57 52 78 63 39 38 55 72 82 72 52 63 78 49 50 62 
82 40 81 41 58 52 81 64 37 40 54 72 82 75 55 60 79 47 49 62 
84 43 80 44 59 56 83 65 39 40 57 73 84 74 54 64 79 47 49 65 
78 43 79 38 58 49 78 64 37 40 56 72 81 73 54 63 78 49 48 62 
84 41 79 43 62 52 82 63 37 39 60 73 87 77 53 62 77 49 51 65 
82 43 80 42 59 54 81 63 38 38 57 73 83 74 55 60 79 49 48 65 
84 44 80 44 62 53 83 64 37 40 59 73 84 76 56 63 79 47 51 64 
78 43 79 38 58 48 77 64 37 40 56 73 80 74 52 60 78 47 47 60 
81 43 81 41 61 52 81 64 39 38 57 72 83 75 53 64 78 49 49 67 
77 42 80 38 56 49 77 61 37 39 57 73 81 71 54 61 77 47 47 60 
81 44 80 45 59 55 81 62 37 40 57 73 85 75 54 64 77 47 51 64 
79 40 80 39 56 52 81 61 39 39 54 71 82 70 53 60 78 47 49 62 
78 42 79 41 56 51 79 61 37 38 53 73 80 71 54 60 77 47 48 59 
80 43 79 43 61 52 82 61 37 40 60 71 84 75 55 61 77 49 51 63 
81 44 79 41 61 54 80 65 39 40 59 71 81 72 54 63 78 48 51 65 
78 43 79 38 59 51 78 61 39 39 53 71 79 71 52 60 77 47 47 60 
84 41 81 46 59 56 83 62 39 38 60 73 87 78 55 63 79 49 51 67 
82 42 79 43 60 52 81 65 39 38 57 73 88 75 56 64 77 47 48 66 
79 43 79 41 58 53 79 63 37 38 57 73 82 74 54 62 79 48 47 61 
80 43 79 40 57 51 77 61 37 38 54 72 80 73 52 62 77 47 48 59 
81 40 80 42 56 52 80 64 37 38 56 71 81 72 52 60 79 47 47 59 
83 42 79 45 61 54 85 65 38 39 61 73 89 78 54 62 79 49 51 69 
82 42 79 41 60 52 83 62 37 38 57 72 83 75 53 64 77 49 50 67 
79 40 79 39 56 48 76 61 37 40 53 71 79 70 54 60 79 48 49 59 
80 43 79 41 58 50 82 62 37 38 56 71 82 72 54 64 79 47 47 62 
83 44 79 42 62 52 83 62 37 40 60 71 86 75 55 64 78 48 49 66 
81 43 80 40 57 54 79 61 39 38 56 71 86 76 53 61 79 47 51 64 
80 41 79 44 58 53 83 62 37 40 59 72 84 76 56 63 79 48 51 65 
84 43 81 44 59 55 82 62 37 38 57 71 87 76 56 62 77 47 51 66 
84 44 81 46 61 55 86 65 37 39 60 73 88 78 56 64 79 49 49 68 
78 40 79 39 58 49 79 63 37 38 53 71 80 70 55 63 77 47 47 61 
82 40 81 41 60 54 82 61 39 39 58 71 84 72 54 63 77 48 49 62 
82 42 81 44 59 50 81 63 37 38 58 73 85 72 55 61 77 48 48 64 
81 43 80 45 60 52 84 61 38 38 59 73 84 76 55 64 77 49 50 67 
84 43 79 44 60 55 85 63 39 38 58 71 89 78 56 64 79 49 51 69 
77 40 80 40 56 49 76 63 37 38 54 72 81 70 54 62 79 47 48 60 
80 40 81 43 58 53 81 61 38 40 59 71 84 73 54 62 79 47 50 66 
84 43 79 44 61 53 81 63 37 40 57 73 87 77 53 61 79 49 49 67 
85 44 79 44 61 56 86 65 37 39 59 73 89 78 56 64 79 49 51 67 
79 40 79 38 58 51 76 63 37 38 56 73 79 70 54 61 78 47 47 60 
83 41 79 44 59 55 80 63 38 40 56 71 86 73 53 63 79 47 48 66 
77 40 79 42 58 48 78 61 37 38 53 73 83 72 53 60 79 47 50 63 
80 40 81 39 56 49 79 61 39 39 54 73 82 73 53 60 77 49 47 60 
78 44 80 40 60 52 78 65 39 40 55 73 81 75 56 61 79 47 47 64 
83 43 79 45 62 53 82 63 39 39 61 71 85 78 56 62 79 47 51 68 
85 41 81 44 61 55 85 63 38 38 61 72 87 74 53 64 77 49 50 67 
85 44 81 43 60 54 86 64 39 40 61 73 89 75 56 64 78 49 50 66 
81 43 81 40 59 49 79 61 38 38 55 72 84 72 52 60 78 47 50 63 
81 42 80 39 58 50 76 63 39 38 54 73 81 74 54 60 78 47 47 60 
80 44 81 41 62 55 82 63 39 39 60 73 83 75 55 64 78 49 51 67 
78 40 81 43 58 50 77 63 39 39 57 71 84 74 53 63 79 47 49 64 
84 43 81 43 62 54 82 64 39 38 60 73 86 75 54 64 79 47 51 66 
79 41 79 38 56 50 78 61 37 38 55 71 82 70 52 61 78 47 47 61 