60 41 67 51 51 41 40 69 81 57 51 58 81 38 74 45 29 31 66 49 
53 31 61 49 49 37 38 66 77 54 42 57 81 35 67 39 30 29 63 47 
57 36 65 49 49 38 39 68 80 57 44 57 79 35 66 40 30 30 63 50 
61 41 65 53 53 41 40 67 79 59 52 59 79 39 73 43 29 31 69 51 
55 36 64 48 49 41 40 65 80 56 46 58 79 37 70 42 30 29 65 50 
55 34 66 49 49 39 38 68 79 59 45 59 79 37 69 43 30 29 64 51 
55 35 63 48 51 37 38 65 79 55 43 58 81 37 70 42 30 29 64 47 
60 36 65 49 50 41 38 69 78 57 49 58 81 41 70 44 30 31 69 50 
54 31 64 47 51 37 39 65 77 56 45 57 79 37 68 39 29 29 66 47 
60 38 67 53 52 40 38 69 81 58 50 59 81 40 75 45 30 29 67 51 
57 34 62 49 52 38 38 65 77 54 45 59 79 37 66 39 28 30 65 48 
58 39 65 53 52 41 40 68 81 60 52 57 79 41 75 42 28 31 66 51 
60 37 65 52 53 39 39 66 79 60 48 57 81 39 72 42 28 29 66 51 
54 31 61 49 49 37 38 65 78 54 42 57 80 35 67 39 30 29 63 47 
57 36 63 53 53 41 39 68 81 60 51 59 79 40 74 42 28 29 65 51 
56 32 64 49 50 38 40 65 80 58 44 58 79 38 70 43 30 30 63 47 
60 41 67 53 53 41 39 69 81 60 52 59 79 41 75 45 28 31 69 50 
60 39 64 50 52 38 38 66 80 60 49 57 81 41 73 41 30 31 66 51 
55 31 62 47 50 37 38 65 77 55 45 57 81 35 67 39 28 29 63 47 
53 32 62 50 49 37 38 67 79 56 42 57 79 37 66 39 28 29 63 47 
54 32 61 47 50 39 38 65 77 54 42 57 79 35 66 39 28 29 63 48 
60 38 67 52 53 39 39 69 79 59 46 57 79 40 69 41 30 31 65 48 
61 41 67 53 53 41 40 69 79 59 49 57 81 41 73 43 30 30 69 51 
57 36 63 52 52 40 40 66 77 58 48 59 81 40 71 43 28 29 68 51 
60 36 64 50 53 40 39 67 79 57 49 57 79 39 72 44 28 29 69 51 
57 40 65 53 50 41 39 69 78 57 52 59 81 41 75 44 30 30 69 51 
56 33 62 48 49 40 38 65 77 57 44 57 81 36 67 41 28 30 64 49 
58 36 65 52 53 41 38 69 81 60 51 57 79 41 73 45 29 31 68 51 
57 37 66 52 51 39 39 65 78 60 47 58 81 39 70 42 29 29 65 48 
57 37 64 52 53 41 40 69 81 57 52 57 81 40 75 42 30 31 69 50 
60 35 65 53 52 38 40 66 79 60 47 58 81 39 72 42 28 31 68 48 
55 37 65 52 53 41 38 68 78 56 47 57 81 39 67 40 30 29 67 47 
55 32 61 49 50 38 38 65 80 57 44 57 79 36 67 39 28 29 66 47 
58 39 67 49 53 41 40 66 81 59 47 57 80 39 73 41 29 30 66 51 
59 41 67 51 53 39 40 67 81 58 52 59 79 40 74 42 30 29 67 49 
58 36 64 51 49 38 39 66 77 58 47 57 79 39 69 42 30 29 65 50 
60 40 67 53 50 39 39 69 81 60 49 59 81 39 75 42 30 29 69 51 
60 39 67 53 53 40 40 69 81 60 52 58 81 41 75 45 29 31 69 49 
54 31 64 47 51 37 40 67 77 55 42 59 79 38 65 39 30 31 66 49 
54 31 61 50 49 38 38 65 80 54 43 58 79 36 68 39 28 29 65 47 
54 32 61 47 52 37 38 67 77 57 44 57 81 35 66 42 28 29 65 48 
58 38 62 52 50 38 40 67 80 55 45 57 80 37 72 40 30 29 66 49 
59 41 67 51 53 41 40 69 78 59 51 57 80 41 72 45 30 30 66 50 
56 31 64 48 52 39 38 68 78 56 43 57 79 37 68 39 28 30 66 50 
53 32 61 47 49 37 38 65 77 55 44 57 79 35 67 39 28 29 63 48 
59 41 66 52 51 40 39 69 81 58 52 57 79 41 73 43 30 29 69 51 
54 31 61 47 49 37 38 65 77 54 44 57 79 36 66 40 29 29 63 47 
53 31 63 47 50 39 38 65 77 56 44 58 79 35 67 40 29 29 63 49 
53 34 64 48 49 39 38 67 78 54 45 57 79 35 65 42 30 29 65 49 
59 37 64 51 50 40 40 69 80 60 46 58 81 38 73 44 30 29 65 49 
61 38 67 51 52 41 40 67 81 59 50 59 80 38 73 45 29 31 68 51 
56 36 65 49 53 41 39 67 80 60 46 59 81 37 71 44 28 29 66 49 
59 41 65 52 52 40 39 69 79 59 51 59 81 41 72 44 29 31 66 51 
59 37 67 52 52 41 39 68 79 60 49 59 80 38 74 45 30 30 69 51 
61 37 65 51 52 40 40 69 81 59 51 58 81 41 72 45 30 29 69 48 
57 36 66 50 50 40 40 69 81 55 49 57 81 37 72 42 28 31 67 48 
56 37 63 52 53 39 38 65 79 57 46 59 80 40 71 43 28 29 66 51 
56 32 61 48 50 37 40 65 77 54 45 57 80 35 67 39 30 30 65 47 
58 36 65 49 51 37 38 69 79 58 48 57 80 36 70 42 28 29 67 47 
55 35 62 50 51 40 40 65 77 56 47 57 79 36 70 43 28 30 65 47 
58 37 65 48 51 40 39 67 81 59 46 57 79 39 70 44 30 29 64 48 
60 40 67 53 50 40 40 66 81 57 50 59 81 38 75 45 29 29 68 51 
58 40 66 51 50 38 38 68 81 60 49 57 79 40 74 45 29 29 67 51 
57 40 63 50 52 41 38 67 78 59 48 58 81 38 73 42 28 29 65 51 
57 33 61 47 49 37 38 67 77 55 44 58 79 35 67 40 28 29 63 50 
60 36 66 53 49 40 38 68 78 58 47 58 80 40 70 42 28 29 65 48 
56 36 62 51 51 39 38 67 77 57 46 59 79 36 67 39 28 29 63 49 
55 33 61 50 52 41 39 66 78 56 48 57 81 39 68 42 30 31 63 48 
56 36 62 49 49 39 40 66 77 54 43 57 79 38 66 42 28 31 65 47 
53 32 63 47 49 37 40 67 79 56 43 59 80 35 67 39 29 29 63 49 
53 32 61 49 49 37 38 65 79 57 45 57 79 35 69 42 29 29 65 47 
60 41 66 51 51 40 38 68 81 59 51 59 80 41 74 44 28 31 69 51 
54 35 65 48 49 37 40 66 77 58 44 57 79 38 66 42 28 31 65 47 
59 39 65 51 52 39 39 69 79 59 52 59 79 39 75 44 30 31 69 49 
58 41 67 50 51 41 39 67 81 58 49 57 81 41 74 45 28 30 66 48 
55 31 61 50 49 37 38 65 79 54 42 57 80 35 69 39 28 31 63 48 
58 39 66 49 52 41 38 66 78 57 48 58 80 39 70 45 28 29 69 49 
54 33 61 47 49 37 38 67 77 57 45 57 80 38 66 42 28 31 63 48 
56 32 64 47 49 37 38 66 79 54 42 57 79 35 65 41 28 31 63 49 
59 41 67 53 53 41 39 68 79 60 49 58 81 40 75 45 30 31 67 51 
57 37 66 52 53 41 40 69 78 57 50 57 79 41 72 43 29 31 67 49 
60 35 62 50 50 37 38 66 79 59 49 57 79 36 70 42 30 31 68 49 
55 34 66 52 53 38 38 68 79 58 48 57 81 36 69 43 30 30 65 50 
55 33 62 49 51 37 38 67 78 54 42 59 79 37 66 40 28 29 63 47 
55 34 61 47 49 38 40 66 79 58 45 57 81 38 66 41 30 31 65 48 
53 31 61 48 50 39 39 65 77 56 42 57 79 35 67 41 29 29 64 47 
61 37 66 51 53 39 40 67 81 59 49 59 79 40 73 42 29 30 69 48 
53 31 63 48 49 37 40 65 78 57 45 58 80 35 66 39 28 29 66 49 
59 41 66 52 51 39 38 67 80 60 50 59 79 40 72 43 28 30 69 50 
53 35 61 47 50 37 39 67 78 55 42 57 79 37 69 41 28 29 63 47 
56 37 66 52 50 38 39 65 81 57 45 58 79 40 70 41 30 29 68 47 
53 33 63 51 50 37 38 68 79 56 43 58 79 35 70 42 30 29 65 47 
60 39 65 49 52 39 38 69 80 58 50 57 81 37 71 44 30 31 66 51 
60 38 66 50 53 41 38 68 80 57 51 58 79 37 73 41 28 29 67 49 
53 34 62 47 51 40 39 66 80 54 43 57 81 38 65 40 28 29 63 48 
59 37 63 51 52 41 39 69 80 60 48 59 79 41 70 42 28 29 69 48 
55 33 63 49 49 39 40 68 77 55 43 57 80 38 69 40 28 31 64 47 
56 39 66 53 53 41 38 68 81 59 49 57 81 37 72 43 28 31 69 49 
58 36 65 51 49 37 40 65 79 56 44 57 81 35 66 39 29 29 64 48 
61 38 67 51 53 38 40 67 78 58 49 57 79 39 74 43 30 30 69 51 
59 39 67 51 51 41 40 69 80 60 48 59 81 39 74 43 30 30 68 48 
56 35 65 49 51 40 38 67 80 59 47 57 80 41 73 41 30 31 67 47 
59 35 63 49 49 37 38 67 79 55 45 57 79 40 71 44 30 31 66 50 
56 32 61 47 49 37 39 65 79 56 44 58 80 35 67 41 28 31 65 47 
57 35 62 50 52 37 38 68 80 54 44 57 79 38 67 39 30 29 63 50 
58 36 65 48 51 41 39 67 80 59 48 59 79 38 69 42 30 29 65 49 
61 38 67 52 52 41 40 68 81 60 52 59 79 41 74 45 28 29 69 51 
54 33 61 49 52 38 40 68 79 58 46 59 81 39 67 40 28 31 64 47 
55 35 62 48 50 39 38 68 77 57 44 59 79 38 71 43 28 29 66 47 
53 33 62 47 52 37 38 65 77 54 45 57 79 35 66 40 28 29 65 50 
55 33 62 47 49 38 40 65 79 54 43 57 81 35 65 39 30 29 63 47 
56 32 63 47 52 40 39 68 78 54 46 57 80 35 65 39 29 29 63 50 
54 31 61 47 49 39 38 67 77 57 45 58 79 35 65 42 28 31 66 47 
56 33 62 47 49 38 40 66 77 54 47 59 81 37 68 42 28 29 63 50 
58 36 65 49 51 40 39 69 80 58 49 59 79 40 73 43 30 30 67 51 
53 31 61 47 49 38 38 65 77 54 42 59 79 35 67 41 30 30 63 47 
53 32 63 48 49 38 39 65 77 56 42 59 79 36 65 40 30 29 63 47 
53 33 63 47 49 37 39 67 78 54 44 59 79 35 65 39 30 29 65 47 
53 31 62 47 49 37 39 65 77 54 44 57 79 37 65 39 28 29 64 47 
53 33 61 48 49 40 38 67 80 56 43 59 81 36 67 39 28 30 63 48 
57 39 66 50 51 40 40 66 81 59 49 57 79 37 72 43 29 29 69 50 
60 41 67 53 53 39 40 69 81 60 52 58 81 41 75 45 30 31 69 51 
54 36 63 50 50 39 38 68 77 56 44 58 81 37 68 43 28 30 66 49 
54 33 62 49 49 37 38 65 77 54 42 57 81 37 67 39 29 29 63 47 
58 34 62 50 52 39 38 65 77 55 47 58 80 35 70 42 29 29 66 47 
59 39 66 50 53 38 40 69 80 56 49 59 81 40 71 41 28 31 66 49 
55 34 65 49 53 41 40 69 77 55 48 59 81 40 68 44 30 31 66 49 
58 34 62 48 52 37 40 65 79 55 47 58 79 37 68 41 30 31 63 47 
60 41 67 52 53 39 38 67 81 59 52 57 79 41 75 44 30 31 66 50 
60 40 66 52 52 39 40 69 81 58 52 57 81 41 74 42 30 31 68 51 
55 33 61 47 51 37 40 65 78 54 43 57 79 35 65 39 28 29 63 49 
54 32 61 48 49 37 38 65 77 55 42 59 80 35 65 40 29 29 65 47 
61 41 65 52 53 41 40 69 81 58 52 57 79 41 75 45 29 31 69 49 
54 33 63 49 49 38 38 66 79 56 42 57 81 35 65 39 29 29 65 49 
61 40 67 53 53 41 39 67 79 60 52 59 80 41 75 45 28 31 68 51 
55 35 64 51 51 39 40 68 78 57 49 57 80 38 68 41 29 30 65 49 
56 35 61 47 49 39 40 65 78 54 45 57 80 35 68 41 30 29 66 47 
60 39 67 53 53 41 38 68 81 59 52 59 81 41 73 45 29 31 69 51 
54 31 61 47 50 37 39 66 77 54 42 59 80 36 65 41 30 31 65 47 
59 39 67 51 50 41 40 69 79 59 48 59 80 41 71 44 28 31 68 49 
59 35 65 48 51 39 39 67 79 55 48 58 81 40 68 44 28 29 65 51 
53 36 61 51 52 38 38 66 78 56 45 57 79 35 70 39 30 29 65 48 
58 33 64 48 50 38 40 65 80 55 44 59 79 37 66 40 30 31 63 48 
58 33 63 51 49 37 39 66 80 57 48 57 81 37 70 43 29 30 67 47 
56 38 66 50 50 39 40 66 78 56 48 57 81 39 69 44 30 29 64 51 
57 38 63 49 50 38 40 68 79 59 50 58 79 40 72 41 30 31 66 47 
53 32 61 47 49 37 38 65 78 54 43 57 79 36 65 40 28 29 63 48 
59 40 65 52 52 41 40 67 81 58 51 59 79 40 72 45 30 31 68 51 
57 39 65 53 50 38 38 68 81 60 51 59 81 41 72 42 28 29 68 51 
58 39 67 52 53 40 39 69 81 58 51 59 81 39 75 44 28 30 68 50 
54 34 61 47 52 38 38 65 77 57 46 59 81 36 69 42 28 31 67 47 
54 34 64 48 51 38 39 66 80 54 47 57 81 35 70 43 28 31 66 49 
61 39 67 51 53 41 38 68 79 58 48 57 80 39 73 42 30 31 66 51 
55 32 61 47 49 40 38 66 77 54 44 57 79 35 69 39 30 29 66 47 
61 40 66 52 51 41 40 66 78 57 50 58 81 39 74 43 30 29 69 51 
58 35 64 51 52 39 40 68 81 56 47 59 79 39 72 40 30 29 64 48 
59 37 64 48 51 40 38 67 81 56 47 57 81 39 69 42 29 31 68 51 
57 34 66 51 52 41 38 69 77 58 47 59 79 40 71 44 28 29 66 48 
54 34 62 47 49 37 38 65 80 54 46 59 80 35 68 40 28 29 66 47 
57 31 64 49 51 39 38 67 78 57 43 59 79 37 67 39 28 29 66 49 
56 38 64 48 51 38 40 69 81 56 46 58 79 36 69 41 30 31 66 47 
58 40 65 50 53 41 40 68 80 60 52 57 80 39 74 45 30 31 69 50 
61 38 67 53 53 41 40 69 78 60 50 59 81 40 72 43 30 31 68 50 
56 37 63 50 50 38 40 67 77 58 48 57 81 37 68 41 28 29 65 47 
56 35 62 48 51 39 40 65 79 59 46 57 81 38 69 44 29 31 68 50 
59 36 63 50 51 38 38 66 79 58 48 57 81 41 71 44 30 31 66 48 
55 35 64 50 49 41 38 67 78 59 47 59 81 39 69 43 28 29 65 50 
56 34 65 49 49 38 39 65 77 57 45 57 79 36 68 42 28 31 63 48 
60 39 64 52 53 40 40 69 81 57 50 59 81 39 73 43 30 29 68 50 
53 34 61 47 49 39 38 65 77 54 42 57 80 36 65 39 28 29 63 47 
56 36 63 52 52 38 39 66 80 56 50 57 80 37 72 40 30 29 68 49 
56 39 65 51 53 38 39 66 80 59 46 57 80 39 73 42 30 29 66 51 
58 38 64 53 53 40 38 68 81 59 52 59 81 38 72 43 29 29 69 50 
58 34 62 47 51 37 39 65 79 58 43 59 80 37 67 40 30 29 67 48 
57 37 64 48 53 37 39 65 79 55 46 59 80 37 71 42 30 29 66 48 
54 33 63 49 49 39 38 68 78 56 45 57 81 36 65 41 30 29 63 47 
55 31 61 50 52 39 38 65 77 56 42 59 79 37 68 39 28 30 66 47 
56 33 63 50 50 40 40 66 80 56 48 57 81 39 69 43 30 31 66 50 
55 33 62 51 51 40 40 67 77 55 43 59 80 35 68 39 28 29 63 47 
61 38 67 50 53 41 40 69 81 60 51 57 81 38 72 44 28 31 67 51 
59 37 64 50 51 41 38 67 81 56 46 59 79 38 67 42 30 29 66 49 
53 32 62 47 49 37 38 65 77 54 44 57 79 35 65 39 28 29 63 49 
58 34 66 49 49 38 40 65 79 57 45 58 81 37 70 44 28 29 68 49 
56 33 63 47 51 37 40 68 77 54 44 59 80 35 69 41 30 29 63 47 
55 32 61 47 49 37 40 65 79 56 42 57 80 35 65 39 28 30 65 48 
56 34 63 47 52 39 39 67 79 55 44 57 81 35 68 41 28 30 63 48 
58 36 64 53 53 41 39 66 80 59 50 59 79 37 70 42 30 31 66 51 
53 32 62 47 52 40 39 66 77 54 43 58 79 35 65 42 28 29 63 47 
58 35 61 50 50 37 39 65 78 57 46 59 80 38 70 41 29 29 65 49 
56 34 61 50 49 40 40 68 77 54 43 58 80 35 67 40 28 29 63 47 
59 41 67 50 50 40 40 69 80 57 52 59 79 40 73 44 29 31 69 51 
54 36 65 51 50 37 39 65 77 54 44 59 79 35 68 43 28 29 67 50 
53 34 63 50 50 40 38 68 78 58 44 58 81 35 69 41 28 29 66 50 
56 33 61 47 50 38 38 66 80 58 45 57 79 39 67 40 29 31 63 47 
61 41 64 53 53 40 39 66 79 60 51 59 81 40 75 43 28 29 69 50 
61 41 67 51 53 40 38 68 80 58 52 57 80 40 75 45 30 30 69 51 
58 40 67 51 52 41 40 69 81 60 52 59 80 41 74 45 28 31 68 51 
57 35 66 50 53 41 40 65 77 58 46 59 79 40 69 44 30 29 65 47 
55 36 61 51 51 39 40 65 77 54 44 57 81 36 69 43 29 31 66 49 
57 33 64 49 49 39 40 65 77 55 45 57 81 38 67 40 28 31 63 50 