28 32 47 65 44 25 53 75 70 84 39 39 73 60 25 90 34 82 24 33 
25 28 42 63 41 23 49 73 69 83 34 37 73 60 25 84 32 80 22 30 
25 29 46 61 43 21 53 75 69 80 35 39 75 59 21 87 33 81 25 29 
26 30 45 65 42 22 51 74 70 84 41 39 75 58 24 90 34 82 26 32 
29 31 48 64 42 25 51 75 69 86 39 37 73 58 25 88 34 84 26 32 
23 27 39 61 43 18 49 74 67 80 32 39 73 58 23 81 32 77 20 28 
29 32 49 65 43 24 53 76 68 87 41 38 75 58 24 91 34 82 24 33 
29 32 47 64 44 23 53 76 70 87 39 38 73 60 25 91 34 82 26 31 
23 29 44 61 40 19 50 72 64 81 33 37 75 58 24 85 33 79 23 27 
29 31 46 65 44 22 53 76 67 85 38 37 74 60 24 89 34 84 26 31 
26 31 47 65 41 25 52 76 69 86 41 39 75 60 25 88 34 80 26 31 
22 26 40 61 40 19 49 72 64 79 32 37 73 59 22 81 34 75 21 28 
29 32 47 65 44 23 53 74 68 87 41 37 73 60 25 91 34 82 25 32 
28 31 48 63 44 25 53 76 68 85 37 37 73 59 22 88 32 79 25 30 
21 30 43 63 43 17 52 72 67 79 35 38 73 60 23 82 32 76 24 26 
24 30 42 64 41 18 50 73 65 79 36 38 73 59 21 86 32 78 20 30 
22 29 41 61 42 20 50 73 68 83 34 38 73 59 24 83 32 78 23 28 
28 31 49 65 44 23 53 76 68 87 41 39 73 60 25 89 33 82 24 31 
24 26 39 64 40 19 51 74 67 80 33 37 73 58 22 83 32 75 20 28 
23 27 39 63 41 19 52 74 67 79 32 37 73 58 21 81 32 74 22 28 
25 26 41 62 40 21 52 72 68 83 37 39 75 59 24 83 32 78 22 29 
21 26 41 63 41 17 49 72 66 77 32 38 75 59 22 81 32 74 20 25 
26 32 49 62 44 22 51 75 70 87 39 38 75 60 25 91 33 83 24 33 
25 29 48 63 44 25 51 76 66 83 37 39 74 58 25 86 32 80 23 30 
25 30 46 63 42 20 51 73 65 81 34 39 74 58 23 87 32 81 22 31 
28 28 44 64 43 20 53 75 67 82 35 39 74 58 21 86 32 81 26 28 
28 32 45 63 41 22 51 73 70 84 37 37 75 60 23 87 34 80 24 29 
26 29 47 62 41 22 53 76 69 84 39 37 75 60 22 89 34 84 24 33 
23 28 42 65 41 22 49 72 69 80 38 38 73 58 21 84 34 77 22 27 
22 27 41 64 41 17 49 75 65 81 33 38 73 58 21 85 32 78 23 27 
23 26 39 62 40 17 49 73 64 79 31 38 74 58 22 81 33 76 21 25 
29 29 45 64 41 25 52 74 67 85 38 39 73 58 23 88 34 83 24 32 
29 32 47 65 44 25 53 76 70 86 38 38 75 60 23 89 34 83 26 31 
28 32 49 64 44 25 52 74 70 86 41 39 75 58 25 91 32 82 26 33 
25 31 42 62 41 22 53 74 66 81 35 37 74 59 21 84 34 77 23 31 
21 26 41 61 40 17 49 73 64 79 32 37 74 59 22 81 32 76 20 27 
25 32 46 64 41 22 52 73 66 85 36 38 73 60 24 89 34 82 24 30 
24 30 42 62 43 21 51 75 66 79 33 37 73 58 21 87 34 77 21 27 
29 32 49 65 43 25 53 76 69 86 40 37 75 60 25 89 32 84 26 31 
25 31 45 64 44 25 53 76 66 83 40 37 75 59 22 87 32 81 26 31 
24 31 44 64 42 20 50 74 70 84 36 39 73 59 22 87 32 79 26 29 
25 28 47 64 44 22 50 76 68 83 37 38 75 59 22 85 34 78 22 31 
28 29 48 65 42 23 53 76 68 85 39 39 73 58 25 90 32 83 26 32 
24 27 46 65 43 22 51 72 65 80 35 37 75 59 25 87 34 81 25 30 
28 29 45 64 43 22 50 75 68 82 37 39 75 60 22 85 32 80 24 30 
22 26 45 61 42 19 50 75 67 81 36 39 75 59 25 85 34 78 20 26 
26 32 49 63 44 23 51 76 70 87 41 39 75 59 23 88 34 81 26 32 
25 29 49 65 41 23 53 76 68 84 40 39 75 58 25 87 34 82 24 31 
26 29 48 65 41 22 53 75 70 87 39 39 73 60 24 90 34 82 25 33 
24 29 44 62 42 20 50 76 65 84 35 38 73 60 21 87 34 77 22 28 
26 26 45 63 40 18 52 72 65 80 37 39 73 60 22 85 34 79 20 28 
23 26 39 61 41 17 49 72 64 77 32 37 73 60 21 84 33 77 20 27 
27 29 46 62 42 23 53 73 68 85 37 38 73 59 22 89 32 82 23 30 
27 28 44 65 43 23 50 74 66 84 36 37 74 58 25 87 33 80 23 28 
25 32 46 65 41 23 50 75 69 84 37 38 75 58 25 90 32 80 26 28 
22 30 44 64 40 18 51 72 64 81 32 39 73 60 21 82 32 76 24 26 
29 32 47 65 44 25 52 76 69 87 41 39 74 58 24 89 34 84 26 33 
27 30 44 63 41 22 50 73 66 84 39 39 74 59 23 89 34 80 21 31 
21 27 41 61 40 19 51 72 64 80 31 39 73 60 23 82 33 76 21 26 
24 30 42 65 42 23 52 76 69 83 37 37 73 60 22 88 34 78 21 31 
29 32 47 63 44 25 53 76 70 86 40 39 75 59 23 91 34 82 26 32 
26 27 44 62 42 22 50 72 65 80 35 39 75 59 22 87 34 81 21 27 
26 26 43 64 40 22 49 72 67 79 34 37 74 58 24 84 32 78 22 29 
25 30 48 62 44 25 53 74 67 86 40 38 75 59 25 86 33 81 25 33 
21 28 42 63 41 19 50 72 64 79 32 37 75 58 21 81 34 76 22 25 
22 27 39 61 40 17 49 74 65 77 31 39 73 59 23 81 32 74 20 27 
23 30 42 63 40 17 49 75 67 80 36 38 73 60 23 85 32 75 22 28 
21 27 39 62 40 17 49 72 64 77 31 39 73 59 22 84 32 75 22 27 
23 27 45 65 43 19 50 72 67 83 38 37 73 58 21 86 34 79 21 30 
21 28 40 64 40 17 49 73 66 78 31 38 73 60 21 81 32 75 22 25 
28 30 49 65 44 25 52 74 68 87 41 37 74 60 22 90 34 84 26 33 
21 26 39 61 40 17 50 72 66 78 31 38 74 58 21 81 34 74 20 27 
23 29 42 64 41 17 49 72 67 78 33 37 74 58 24 81 33 74 22 27 
22 29 39 61 40 18 49 72 65 79 34 37 73 60 21 81 33 76 20 25 
25 32 44 65 43 20 50 74 67 85 40 37 75 58 25 90 32 79 24 32 
22 27 45 62 40 18 49 72 67 79 33 39 73 58 21 86 32 78 23 27 
21 28 39 62 40 18 51 74 64 77 31 37 75 59 21 81 32 74 20 26 
27 31 42 61 42 22 52 76 66 82 36 39 75 58 22 86 34 81 25 31 
25 29 39 61 40 21 49 72 66 79 32 37 73 59 21 84 32 74 21 26 
25 31 47 64 42 23 51 76 70 84 40 37 74 58 25 90 32 80 23 31 
27 29 47 62 43 25 52 76 70 87 38 39 75 58 23 88 34 83 26 29 
23 29 41 61 41 18 50 72 65 77 31 39 74 59 23 83 32 74 21 27 
25 30 41 65 44 23 50 76 68 82 36 37 75 58 25 83 34 77 25 27 
27 31 49 64 41 25 53 76 68 86 41 38 74 60 22 91 34 84 25 31 
24 29 41 62 42 20 52 72 67 81 33 39 73 58 21 82 32 78 20 26 
21 27 41 61 41 17 49 72 67 77 32 37 73 59 23 84 32 77 22 26 
21 26 41 64 40 19 49 74 64 77 34 37 73 58 24 83 33 75 20 25 
22 26 39 63 40 17 49 72 66 77 31 37 75 60 21 81 32 74 22 26 
22 28 41 63 43 17 49 73 65 79 33 39 73 58 23 85 32 78 20 26 
21 26 40 62 40 19 49 72 64 79 31 37 73 58 23 83 32 74 20 28 
27 32 44 65 42 20 53 76 68 85 37 39 73 60 25 86 34 79 23 32 
23 30 45 63 40 19 51 73 69 82 34 37 73 58 25 87 34 78 21 31 
27 32 48 62 43 22 50 73 70 87 39 39 73 60 25 88 34 84 24 31 
29 32 48 63 44 24 51 76 70 87 41 37 73 60 25 90 32 84 26 31 
25 31 41 63 41 18 51 72 67 79 36 39 73 60 22 85 33 78 21 26 
28 29 44 63 41 20 52 75 65 85 37 37 75 58 25 89 34 78 24 30 
27 30 49 65 44 24 51 76 68 85 40 37 75 60 23 89 34 84 24 31 
23 28 41 64 41 21 52 73 68 82 36 37 73 58 23 87 34 79 22 27 
28 31 49 65 44 25 53 75 70 86 39 39 75 59 25 90 32 83 24 33 
21 26 39 61 41 17 49 74 64 77 31 39 75 59 22 81 33 74 20 25 
26 31 49 63 44 25 52 73 67 86 38 39 75 60 25 91 32 84 26 31 
23 30 45 63 41 21 51 74 68 81 35 37 75 60 24 86 32 80 24 31 
26 32 44 64 44 23 53 75 67 83 38 39 73 58 24 89 34 80 22 32 
24 28 42 64 42 19 50 72 69 81 35 39 73 58 25 87 32 77 25 28 
24 26 44 62 40 18 52 72 67 81 34 39 74 58 22 86 34 75 23 26 
24 27 43 61 42 19 52 75 67 82 35 39 73 58 22 86 33 76 21 29 
21 29 40 61 40 19 51 74 67 82 36 37 75 59 24 85 33 78 23 29 
27 32 48 65 44 23 53 76 68 87 41 39 75 59 23 91 34 83 24 33 
27 27 41 62 43 19 53 75 65 81 36 37 73 59 21 83 34 80 24 28 
29 31 49 65 41 22 52 74 69 87 38 39 75 58 24 91 34 83 26 31 
22 27 40 61 41 17 49 72 64 78 31 37 73 60 21 82 34 74 22 25 
28 31 48 63 42 24 53 75 70 87 39 39 75 60 25 90 34 84 26 31 
29 32 47 65 44 25 50 74 70 85 38 39 74 59 25 89 34 83 25 33 
24 30 43 64 43 19 49 72 67 79 36 39 75 58 22 84 32 80 23 26 
23 26 39 61 41 17 49 75 67 80 32 37 73 58 22 83 33 76 22 28 
21 29 41 61 41 20 51 72 66 80 32 39 74 58 23 82 34 75 20 26 
26 31 45 62 44 21 52 73 67 87 39 37 74 59 22 88 32 84 26 31 
27 28 47 64 40 21 49 72 69 81 37 39 75 58 23 88 32 80 22 30 
29 29 48 65 42 22 52 75 68 87 40 37 75 59 25 91 34 83 26 29 
26 27 45 65 42 21 53 72 66 85 37 37 73 58 21 89 32 80 21 31 
27 29 43 65 41 24 49 76 68 85 35 37 73 58 21 87 34 78 25 30 
21 26 41 62 40 19 49 72 64 80 31 37 73 60 21 81 32 77 20 27 
28 32 48 62 44 23 53 73 67 87 38 39 73 60 22 89 34 82 24 30 
24 30 46 65 44 21 52 73 69 83 36 39 73 58 25 87 33 80 22 29 
28 32 47 63 44 25 52 76 68 83 37 39 75 59 23 89 34 80 23 32 
29 32 48 63 42 24 52 76 70 85 40 39 75 60 25 91 34 83 24 33 
26 28 42 61 41 23 53 72 68 83 34 38 73 58 23 88 34 79 21 28 
26 26 42 61 41 19 52 74 68 83 34 37 73 58 21 83 32 78 24 28 
26 32 49 64 42 23 52 73 70 87 38 37 74 60 22 91 34 83 26 33 
22 26 39 64 40 17 52 72 64 80 33 38 74 59 24 81 32 75 20 29 
21 27 39 61 42 17 49 73 66 77 34 37 74 59 21 82 33 78 23 27 
25 28 43 65 41 20 51 72 65 83 35 37 73 60 22 84 32 76 23 28 
23 26 40 61 43 18 49 73 67 81 33 39 73 59 21 82 32 78 23 30 
24 29 46 62 40 23 52 75 70 82 37 37 73 58 21 85 32 81 25 31 
26 32 46 65 43 23 51 76 70 87 38 39 75 60 24 89 33 81 26 30 
28 32 47 64 44 23 50 74 68 82 36 39 75 60 25 86 32 82 22 28 
24 31 44 63 41 20 50 73 67 82 38 37 75 58 22 90 32 82 26 31 
26 30 45 61 41 23 52 73 67 80 34 37 74 59 23 88 33 81 22 28 
21 27 39 63 40 19 50 72 66 77 31 38 74 60 22 81 32 74 20 25 
22 29 41 61 40 19 50 75 66 79 35 37 73 59 24 85 34 76 21 29 
29 32 49 65 42 24 53 76 70 85 41 37 73 60 25 91 33 84 26 31 
22 26 42 61 40 17 50 73 64 77 32 39 75 58 22 84 32 74 20 27 
23 26 41 63 40 20 49 73 64 77 35 37 73 58 24 82 33 74 23 27 
25 27 40 63 42 21 52 72 65 78 34 37 73 58 23 82 34 77 20 25 
22 28 41 64 40 20 52 72 64 80 35 39 75 58 21 85 32 78 22 27 
29 32 47 65 44 23 53 76 67 86 41 38 75 58 25 91 34 84 26 33 
21 29 39 62 43 17 51 74 64 80 31 39 73 60 21 81 32 74 23 25 
27 29 42 63 42 20 52 75 68 84 37 39 73 59 25 86 32 77 24 27 
23 30 40 61 42 20 49 75 66 78 33 38 74 60 22 85 33 79 22 29 
22 26 40 61 40 18 49 75 64 79 35 37 73 58 21 84 32 76 20 26 
26 26 41 65 42 22 49 73 66 81 36 37 73 58 24 85 32 80 21 27 
28 32 47 63 44 25 53 76 70 87 41 39 74 59 25 91 32 83 26 30 
28 32 48 65 44 25 53 76 70 87 40 39 75 60 25 91 34 84 24 31 
25 31 47 64 44 23 53 75 68 82 36 37 74 60 22 89 32 83 22 32 
23 29 44 61 40 19 50 72 66 80 33 39 73 60 22 85 34 80 23 29 
28 29 44 61 43 22 51 76 65 83 37 37 75 60 25 86 34 80 25 31 
26 29 45 62 44 20 51 76 67 85 37 38 75 58 23 88 32 81 25 29 
26 28 40 61 40 18 49 73 64 81 36 37 73 59 21 83 34 78 22 29 
21 26 40 61 40 17 50 74 65 78 31 38 73 58 22 83 32 76 22 26 
22 28 44 63 40 20 49 72 66 80 32 39 74 60 24 85 34 75 24 26 
25 28 42 65 44 20 53 74 67 83 37 39 73 60 24 86 32 80 21 28 
25 27 39 64 41 20 49 72 67 78 35 38 73 58 21 83 34 74 21 26 
24 28 41 64 43 22 49 72 64 83 37 37 74 60 22 85 34 79 20 29 
28 32 47 65 44 25 52 76 70 86 39 39 74 58 24 89 34 81 24 33 
21 26 42 61 41 20 52 72 64 80 34 37 74 60 24 85 34 76 23 28 
29 32 46 62 41 23 51 76 69 87 39 39 75 58 24 91 34 82 25 30 
28 32 49 63 44 23 51 76 70 87 41 39 75 60 25 91 33 83 25 31 
23 29 42 61 44 20 49 74 65 80 38 39 73 58 24 86 34 77 25 31 
23 29 43 61 42 22 49 74 68 81 37 39 74 58 22 87 32 80 24 27 
23 29 42 62 43 20 53 73 67 82 38 37 73 60 24 84 32 79 24 31 
22 27 40 61 40 17 50 72 64 79 32 37 74 58 21 83 32 76 20 25 
29 29 47 65 42 25 51 76 70 87 41 39 75 60 22 89 34 84 25 31 
26 32 49 65 43 25 52 73 68 87 38 38 75 60 22 91 33 83 26 32 
21 26 39 61 41 19 52 74 65 78 31 37 73 58 21 82 32 75 23 26 
25 27 44 62 43 20 49 75 67 78 33 39 75 60 24 83 34 78 20 25 
27 32 48 65 44 22 50 75 69 87 41 38 75 59 25 87 34 84 26 31 
21 29 43 62 40 17 49 74 68 82 35 39 75 60 21 84 32 78 24 26 
26 29 44 65 44 24 50 76 66 84 36 37 74 60 22 89 32 81 22 32 
21 28 41 62 43 20 52 72 64 80 32 39 73 58 22 82 32 74 23 25 
24 30 44 61 40 18 50 72 65 78 33 38 73 58 22 84 34 78 22 25 
23 27 41 61 42 18 52 74 65 78 32 39 75 58 22 86 33 75 22 25 
22 26 41 63 43 17 50 72 67 81 35 37 73 59 21 81 32 77 20 29 
23 27 39 63 40 18 49 72 64 80 32 37 73 58 21 84 33 75 20 25 
21 26 39 62 40 19 50 73 65 77 33 37 75 60 23 81 33 74 20 25 
23 30 43 62 42 19 52 74 66 78 35 39 74 59 22 82 32 77 22 29 
26 30 41 62 41 22 51 75 64 82 32 37 75 59 23 85 34 79 23 26 
24 27 40 63 42 21 50 73 65 78 34 38 75 58 22 82 34 77 22 25 
28 28 47 65 42 24 51 76 70 86 37 37 73 59 25 86 34 79 24 31 
27 31 42 62 41 21 51 76 69 80 37 39 73 60 24 87 32 79 21 29 
21 29 42 62 40 18 51 73 64 79 32 37 73 59 21 84 33 74 21 26 
24 27 42 63 40 19 51 72 68 80 32 39 73 60 23 84 33 78 24 28 
29 31 47 63 42 23 53 76 70 86 40 38 75 58 23 89 34 82 26 33 
27 32 46 65 41 22 50 75 69 85 39 39 75 60 22 87 33 84 26 30 
27 31 48 63 43 25 52 76 67 83 41 39 75 60 23 87 34 80 26 30 
24 30 41 61 40 18 50 72 64 82 33 38 73 60 24 84 34 76 20 26 
25 29 45 62 41 25 53 76 69 83 38 38 73 60 22 89 34 80 25 33 
21 27 42 61 42 18 50 72 66 79 34 39 73 58 21 83 33 78 20 25 
27 30 47 65 43 24 53 76 67 86 41 39 75 60 25 90 32 84 24 31 
26 29 48 65 43 25 53 74 70 83 40 39 75 59 23 90 33 83 24 30 
21 26 42 61 41 20 52 72 66 81 35 39 75 60 22 83 33 78 21 25 