28 84 76 83 26 50 84 63 92 96 24 82 90 99 30 99 99 52 53 39 
24 83 71 81 28 51 80 64 92 98 23 83 90 99 30 96 98 47 49 40 
22 84 72 79 24 49 83 62 90 95 22 79 90 96 29 98 97 48 50 39 
22 82 71 82 24 48 81 59 90 97 20 79 92 95 25 96 94 48 48 41 
25 83 69 82 23 47 80 58 88 94 20 79 90 94 26 94 93 46 46 41 
22 84 68 81 26 47 82 60 92 96 19 79 90 97 29 96 94 47 49 40 
25 83 74 82 24 50 80 63 89 96 20 80 92 99 27 97 97 47 52 40 
23 83 69 78 26 46 78 58 88 96 22 82 90 98 27 95 93 46 48 41 
23 81 68 78 24 48 81 59 90 94 20 80 91 94 25 92 95 45 45 39 
23 83 70 83 24 48 83 62 92 95 21 80 90 97 27 97 99 49 51 39 
28 83 74 83 25 51 83 63 92 95 23 83 91 99 29 97 97 51 52 41 
26 81 72 83 25 49 80 60 89 97 22 83 90 95 28 95 95 49 52 39 
25 85 70 79 26 47 82 62 89 96 20 81 91 98 27 99 96 50 50 39 
24 84 73 81 25 48 81 63 92 97 24 84 92 98 30 96 99 50 54 39 
20 81 66 78 24 45 78 57 88 95 18 78 91 94 25 92 94 44 45 40 
28 85 75 84 27 50 84 66 92 96 23 81 92 99 33 99 98 53 55 41 
25 82 74 81 28 47 80 61 92 96 23 84 92 98 29 96 96 50 54 41 
20 83 66 78 24 45 80 58 89 95 18 79 90 96 26 92 93 46 48 39 
22 84 69 80 26 47 82 61 90 97 23 80 92 95 26 94 97 47 47 39 
21 81 66 78 22 45 78 56 88 94 18 79 92 92 25 92 92 43 47 41 
22 83 68 81 23 47 80 59 90 94 18 80 90 92 27 96 92 47 48 41 
25 85 75 83 27 48 83 66 91 98 23 84 92 99 30 99 99 50 52 39 
20 82 69 78 22 46 78 56 89 94 20 80 92 94 24 92 94 45 48 41 
27 83 75 84 28 48 84 65 92 98 24 81 92 99 30 97 99 49 55 39 
28 84 76 84 28 51 84 66 91 96 24 84 92 99 32 99 98 52 55 41 
23 85 75 82 28 51 81 62 90 95 21 83 92 97 28 99 97 48 50 40 
25 83 70 81 23 46 81 60 92 98 22 82 92 96 28 96 97 48 49 41 
28 83 76 84 26 50 84 64 92 96 24 84 90 99 33 99 99 51 53 41 
23 81 71 83 27 47 82 60 91 97 23 79 92 97 26 97 98 47 51 39 
22 81 68 78 22 45 79 56 89 94 20 80 92 92 25 92 92 43 45 39 
28 85 75 84 27 51 83 63 90 98 24 81 90 99 31 98 99 52 52 41 
24 82 73 79 27 47 81 59 88 94 22 83 90 98 28 96 98 48 51 39 
24 83 69 82 26 50 83 60 91 94 22 82 90 96 28 96 98 46 52 39 
27 84 72 81 28 49 81 65 89 96 24 81 92 99 32 98 97 51 51 41 
27 83 74 83 28 48 83 62 91 95 21 80 92 99 32 99 98 49 53 41 
24 84 74 84 26 47 81 62 91 98 21 80 92 97 30 97 97 50 50 41 
21 85 69 79 22 46 81 62 90 95 21 78 91 96 29 96 93 47 49 39 
22 82 74 80 25 48 81 60 89 98 19 81 92 99 31 97 98 50 51 39 
27 84 71 81 25 50 80 64 92 98 22 82 90 98 31 97 97 51 51 40 
22 81 69 78 22 47 78 58 88 95 19 78 90 93 23 92 92 46 46 39 
24 84 69 79 23 45 81 57 88 96 18 79 90 93 27 95 93 46 46 39 
24 83 75 84 28 48 82 63 91 98 21 81 92 99 32 98 99 51 55 41 
20 83 68 78 22 45 78 57 88 96 19 79 90 95 27 94 92 46 49 41 
27 84 72 80 24 49 83 64 89 97 23 80 91 98 28 98 97 49 53 41 
25 84 75 82 25 48 81 65 90 97 23 81 92 99 30 99 99 51 52 40 
24 81 71 81 26 50 83 62 90 98 21 81 92 99 30 97 94 49 49 39 
22 84 71 81 27 49 81 60 90 94 21 82 92 97 29 97 97 46 48 41 
25 82 72 80 23 50 80 59 92 97 19 83 91 97 30 96 96 50 51 39 
23 82 70 82 23 46 79 62 92 97 21 79 91 99 26 96 95 49 51 39 
26 85 71 83 27 48 80 63 89 96 23 83 92 97 30 97 95 49 50 41 
20 81 66 78 22 45 78 59 88 94 18 78 90 94 26 94 92 45 45 39 
28 85 76 81 28 51 81 63 91 98 21 83 92 98 30 99 98 49 53 41 
22 81 66 78 22 45 78 56 89 94 18 79 91 92 23 92 92 43 45 40 
22 83 66 80 24 47 80 57 88 94 18 78 90 92 23 94 94 46 47 41 
23 83 68 81 25 45 81 59 90 94 22 79 92 96 26 96 94 49 49 41 
23 84 72 79 25 47 82 59 90 95 23 81 92 95 27 94 98 49 50 40 
23 84 71 78 25 49 80 59 91 97 18 78 91 96 27 97 94 48 48 39 
20 82 69 82 24 46 79 61 90 97 22 79 92 94 27 95 93 45 48 39 
20 82 66 78 22 47 78 58 89 94 18 79 90 92 23 93 94 44 46 41 
23 81 69 79 22 47 78 59 89 95 21 79 90 95 23 93 96 46 45 39 
28 85 74 82 27 51 84 66 90 98 22 84 90 99 33 99 99 53 55 41 
23 85 70 80 26 46 80 60 92 95 18 82 90 94 27 93 96 46 51 40 
20 81 70 79 23 45 80 60 90 97 18 80 90 95 25 93 94 44 45 41 
25 85 73 82 28 51 84 65 91 98 24 82 92 99 33 99 97 53 55 41 
24 82 69 80 23 50 81 60 92 95 20 79 92 96 27 94 98 47 52 40 
22 84 68 78 22 49 81 61 88 95 20 81 92 95 24 96 92 47 46 39 
23 81 68 81 26 47 79 58 91 97 19 80 91 94 27 95 92 47 47 41 
23 81 70 78 24 49 79 60 90 96 20 81 91 95 26 93 93 48 47 41 
22 81 70 78 22 46 80 58 88 94 19 81 90 93 23 92 95 47 46 39 
23 81 66 81 22 45 80 56 88 95 21 80 90 95 24 92 93 43 45 40 
22 81 68 78 23 45 81 57 89 96 18 79 90 94 24 93 95 47 46 41 
24 85 71 80 26 49 84 62 91 98 20 83 92 99 30 97 97 48 52 41 
27 85 76 84 28 49 81 63 92 96 22 83 90 99 33 97 97 51 55 41 
26 85 74 84 26 51 84 64 90 98 24 84 92 99 33 97 99 51 55 41 
23 81 68 82 26 48 79 60 88 94 22 79 90 96 26 97 94 46 49 39 
26 85 71 81 24 49 82 63 92 98 22 84 92 96 28 95 96 50 53 39 
26 84 72 84 27 48 80 60 88 95 24 82 92 98 28 96 97 47 49 40 
27 84 73 79 23 47 81 60 91 98 23 80 91 99 29 98 96 50 53 41 
25 84 72 78 23 48 78 60 88 94 20 78 90 94 27 96 96 45 51 39 
27 81 71 82 25 46 80 61 90 96 21 80 90 97 31 98 98 49 50 41 
21 82 66 78 24 45 79 56 88 97 19 79 90 95 26 96 96 46 46 40 
24 84 71 80 25 49 83 64 91 95 24 84 90 99 30 99 97 48 51 39 
24 83 75 81 28 48 82 65 90 98 21 82 92 99 29 99 96 53 53 39 
24 84 74 83 26 49 84 64 92 97 21 82 90 99 30 96 97 52 53 41 
24 82 72 82 28 47 80 63 92 98 21 81 90 97 32 97 98 50 51 39 
20 81 68 79 25 48 80 59 88 94 18 81 90 93 25 94 92 43 45 39 
28 85 73 81 25 48 81 65 92 95 22 81 92 97 29 99 97 50 51 41 
21 81 69 81 26 47 78 60 90 97 18 78 90 93 25 96 92 48 46 41 
26 84 73 81 26 47 84 65 89 96 23 84 92 98 32 98 97 49 54 41 
28 83 76 84 28 50 84 66 90 97 23 82 91 99 33 99 98 53 53 41 
23 81 72 83 27 48 80 63 88 96 23 79 92 99 30 98 97 48 49 41 
28 85 76 84 28 50 84 65 92 98 23 84 91 99 32 99 98 53 55 39 
26 85 75 81 26 51 80 62 89 98 21 82 91 99 32 97 99 50 50 40 
25 83 73 84 26 47 81 63 89 95 24 83 91 99 32 95 98 52 54 39 
21 81 66 81 24 48 80 58 88 94 21 78 90 92 23 92 95 46 48 39 
28 85 75 84 28 50 83 63 90 97 24 84 92 99 33 98 99 53 52 40 
27 85 74 84 28 50 82 66 92 98 23 83 92 99 33 99 99 53 55 41 
27 84 72 83 27 50 81 62 91 97 24 84 92 99 33 97 99 53 54 41 
21 84 71 83 27 50 79 62 88 98 21 81 92 95 27 97 95 47 47 40 
25 83 76 84 27 49 84 66 91 98 21 84 92 99 32 98 99 53 53 41 
26 85 76 84 28 48 84 64 92 97 24 84 92 99 31 97 98 53 55 41 
28 82 76 84 27 51 84 63 91 98 21 84 90 99 33 99 99 52 54 40 
28 85 74 82 28 51 84 66 90 97 24 84 90 99 30 98 98 53 55 40 
27 85 76 82 27 51 84 66 92 96 24 84 92 99 32 99 99 52 52 40 
25 85 74 82 28 50 81 65 92 96 22 82 92 99 33 98 99 49 51 41 
25 85 70 81 26 48 80 60 90 98 21 79 91 97 27 98 95 49 50 40 
21 83 68 78 22 47 80 60 88 94 18 79 90 94 25 95 93 43 49 40 
28 84 76 84 25 49 83 66 92 98 22 83 92 99 33 96 99 52 55 39 
20 82 67 79 22 45 78 58 90 95 18 78 92 94 23 92 92 45 45 39 
25 83 72 84 24 51 83 63 92 98 24 82 91 99 28 97 99 52 53 41 
27 83 76 84 28 49 82 66 92 98 24 84 92 99 31 98 99 51 55 41 
25 85 73 82 25 51 82 66 92 98 24 81 90 99 33 98 99 53 54 41 
26 85 74 80 26 47 83 60 89 98 23 82 92 96 27 98 99 47 53 39 
27 84 73 83 27 51 84 64 89 98 21 84 92 99 32 99 99 53 55 40 
20 83 68 78 24 47 80 60 88 96 18 79 90 95 23 94 93 45 46 40 
21 84 70 79 23 49 81 60 89 95 21 82 92 97 27 93 95 47 50 39 
21 84 67 81 22 45 78 60 90 95 19 79 92 95 26 92 95 47 49 39 
27 82 73 80 26 51 83 63 90 95 24 84 90 98 29 99 98 49 50 39 
22 85 70 81 26 48 78 61 92 95 21 81 91 98 29 93 93 47 48 39 
22 84 67 78 22 45 78 56 88 94 19 80 90 92 23 95 95 46 47 39 
28 85 76 84 26 51 84 64 92 98 24 84 91 99 33 99 99 52 55 39 
24 84 71 80 24 46 82 64 92 94 19 83 92 98 30 95 98 47 51 40 
25 81 68 80 25 50 83 58 89 96 22 81 91 95 26 94 96 46 50 39 
22 83 71 78 26 46 80 59 88 94 18 78 92 93 24 95 93 46 48 41 
20 81 70 79 25 45 80 56 90 94 18 80 90 95 27 92 94 47 48 39 
27 85 71 84 26 47 82 63 89 96 21 80 91 98 31 97 99 49 52 40 
24 85 72 83 24 48 83 61 89 97 22 80 90 98 28 97 95 49 51 41 
25 82 69 80 24 46 78 57 88 94 21 81 91 93 26 94 93 46 47 41 
23 82 66 81 23 46 78 58 90 94 20 80 91 95 24 92 94 45 47 39 
27 84 75 82 28 48 82 63 91 96 23 84 92 99 29 96 96 50 54 41 
25 81 68 81 22 45 79 61 89 94 21 81 90 96 28 96 96 44 50 41 
27 83 74 83 26 49 83 66 90 98 22 84 91 99 32 99 99 52 55 41 
28 84 75 81 28 51 81 66 92 97 21 81 92 99 33 98 99 50 53 41 
24 81 69 79 25 47 80 58 91 95 20 78 91 96 24 95 92 45 49 40 
26 85 73 84 28 51 84 64 92 97 24 84 91 99 30 97 99 53 53 40 
27 85 74 84 28 51 84 66 92 98 22 82 90 99 33 99 99 52 55 39 
20 81 68 78 22 47 80 59 88 94 18 80 91 97 27 96 96 47 47 40 
28 85 76 82 27 50 82 62 89 98 21 83 92 99 32 97 99 53 54 41 
23 82 72 79 24 48 79 60 91 98 22 81 92 98 28 97 95 47 48 39 
24 83 71 78 25 48 78 60 89 94 19 78 91 94 25 95 96 48 50 41 
28 84 76 82 28 48 84 66 91 97 24 84 92 99 33 99 99 53 52 41 
26 83 73 81 26 50 81 63 92 98 23 83 92 99 29 96 96 50 51 39 
21 82 66 78 22 47 78 56 90 96 18 78 91 92 23 94 94 45 45 41 
25 85 74 82 25 50 81 65 92 98 24 81 90 99 31 99 99 51 54 41 
21 82 66 79 23 46 79 56 88 95 20 78 90 92 24 92 92 43 45 39 
26 85 75 84 26 49 82 65 92 97 21 82 92 99 33 97 99 53 53 41 
21 81 69 78 23 45 81 60 88 94 18 79 90 96 26 96 94 45 47 40 
25 83 68 81 24 46 80 59 88 96 21 82 92 93 28 96 96 48 50 39 
26 82 72 81 26 51 83 64 90 98 23 80 91 97 27 95 97 47 51 40 
28 85 73 83 25 50 81 66 92 95 24 84 92 99 30 99 97 50 52 40 
27 83 73 84 28 49 83 64 91 98 23 84 92 99 33 99 99 53 54 41 
20 81 68 79 22 45 80 59 88 96 18 78 91 92 24 94 94 46 45 41 
20 81 66 78 23 47 78 56 90 96 18 79 90 92 23 92 92 43 45 39 
27 83 74 84 27 50 82 64 92 98 24 83 90 99 33 99 98 53 54 39 
24 82 72 79 23 47 81 59 91 97 20 82 90 95 26 94 94 47 48 40 
23 84 73 81 24 49 79 62 92 95 20 80 90 95 27 98 95 47 50 39 
25 85 70 83 23 50 81 62 88 95 22 80 92 95 30 95 96 49 52 41 
26 83 74 82 26 50 79 61 89 94 22 82 90 98 27 98 97 50 49 41 
27 85 76 83 25 51 82 66 92 98 23 82 91 99 29 99 98 51 51 41 
23 83 68 79 22 45 78 56 89 97 20 78 91 96 27 92 92 46 46 39 
20 81 69 78 24 45 81 56 88 96 18 79 92 93 25 92 92 43 46 41 
24 82 74 84 24 51 82 64 91 97 21 84 92 99 28 95 96 48 52 39 
28 85 76 81 25 48 84 66 92 98 21 84 91 99 33 99 97 52 55 41 
24 81 68 78 22 49 78 58 88 95 21 80 92 97 27 93 94 47 51 41 
22 83 70 78 22 47 80 60 88 94 21 78 90 92 25 92 92 43 49 39 
23 83 72 80 26 48 82 60 89 95 20 83 92 99 27 98 95 51 52 41 
28 83 76 84 26 49 84 65 92 97 23 81 91 99 31 99 99 51 54 41 
26 85 76 83 28 50 81 62 91 98 24 82 92 98 29 97 98 49 52 39 
27 83 72 80 28 50 83 63 89 98 24 81 92 99 31 97 96 50 50 39 
26 85 71 80 26 49 80 62 88 94 20 83 92 97 26 96 95 48 50 40 
22 82 70 83 25 48 79 60 90 94 21 79 92 99 28 94 97 51 52 41 
21 85 69 81 23 48 81 60 90 96 23 81 90 95 25 96 95 48 49 39 
27 84 72 82 26 50 82 63 91 98 23 82 90 99 32 98 98 49 52 39 
28 85 72 84 25 49 84 62 90 97 22 82 92 98 32 97 99 49 53 40 
26 82 74 81 27 50 83 62 91 96 22 84 92 99 33 97 99 53 55 41 
23 81 67 80 24 46 80 56 89 97 19 80 91 92 25 92 94 45 49 39 
21 82 70 79 25 45 80 60 88 94 19 81 90 92 23 94 92 46 46 39 
24 85 70 83 28 48 81 64 89 98 21 81 92 99 29 97 96 49 52 41 
26 85 75 84 28 51 84 66 92 98 24 83 90 99 32 98 99 53 55 39 
27 82 73 80 28 47 83 63 88 97 20 82 92 98 30 97 97 48 52 40 
26 84 75 83 28 47 84 63 92 95 23 84 92 97 32 95 95 51 53 40 
28 82 74 83 28 48 84 63 92 98 24 83 92 98 33 98 98 53 54 39 
26 83 71 81 28 51 82 61 90 98 23 81 90 97 28 99 98 50 50 40 
21 82 69 82 25 46 80 59 88 98 23 80 90 94 25 96 95 46 47 41 
22 81 66 78 22 47 80 59 90 94 18 81 90 93 23 95 93 44 47 40 
20 83 70 79 25 46 78 60 88 95 18 80 90 96 23 94 96 43 46 41 
22 85 72 81 23 48 83 59 91 97 21 82 92 97 29 97 98 49 52 40 
22 85 70 80 24 50 79 59 91 97 22 83 92 99 26 98 94 48 49 40 
25 84 73 80 23 49 79 64 88 98 22 83 90 98 27 98 99 49 51 39 
23 82 69 79 22 46 81 58 89 94 18 81 90 92 24 93 95 46 45 39 
24 85 74 83 25 49 81 65 89 96 22 84 90 97 31 98 96 51 53 39 
20 83 67 78 24 45 78 56 88 96 19 78 92 95 25 92 92 44 48 39 
24 84 73 83 25 50 81 61 88 96 19 83 90 97 29 96 98 50 49 41 
27 85 76 82 26 51 82 63 92 96 23 84 90 99 31 97 96 50 51 41 
26 85 75 81 28 50 83 66 92 98 24 84 92 99 33 99 97 53 54 41 
24 82 73 81 27 49 83 62 89 98 23 84 92 99 29 98 99 53 54 39 
26 83 73 82 25 51 84 64 90 97 23 83 92 99 32 99 99 50 52 41 
25 85 70 82 25 47 82 62 91 96 20 82 90 99 27 98 98 50 52 40 
25 85 76 84 27 49 83 64 92 96 23 81 91 99 33 99 99 53 52 39 
24 84 68 79 23 49 78 57 88 95 19 78 90 96 27 92 93 46 49 39 