55 40 43 36 74 55 59 41 65 88 38 69 53 19 77 11 94 37 84 29 
57 40 47 40 77 61 60 40 67 87 43 73 54 23 77 11 96 41 84 29 
62 44 49 44 82 62 65 42 67 88 45 77 54 24 77 13 97 47 83 29 
61 44 51 46 82 63 64 43 67 88 46 78 54 22 79 13 97 45 84 29 
56 43 45 37 74 58 61 40 66 87 42 70 53 22 79 11 94 39 84 27 
62 42 51 45 82 63 65 43 65 87 43 76 54 23 79 13 98 45 84 29 
62 43 51 43 82 64 65 41 66 87 44 79 54 24 79 13 96 46 84 27 
54 41 44 37 74 56 59 39 65 86 38 70 52 18 78 12 94 40 83 27 
56 42 46 40 76 55 63 40 66 88 42 73 54 22 77 9 94 40 84 29 
59 44 47 43 81 63 65 43 67 88 46 79 52 23 79 13 95 46 84 27 
54 40 43 36 74 54 59 39 65 86 38 69 53 19 77 9 94 38 82 27 
59 42 48 41 81 62 60 41 67 86 41 73 52 21 79 10 95 43 84 27 
59 42 45 40 77 59 62 42 65 87 44 75 52 19 79 13 97 40 82 29 
60 40 48 42 81 61 64 42 65 88 44 76 53 22 78 11 95 42 84 29 
61 41 50 46 78 60 65 43 66 86 45 75 52 24 77 11 98 44 84 29 
57 42 48 41 76 61 63 43 67 88 44 73 52 22 77 10 98 40 82 28 
61 44 46 43 79 58 62 42 65 87 41 77 52 19 77 9 98 42 83 28 
62 44 51 46 81 62 65 43 66 86 45 79 54 24 79 13 98 47 84 29 
54 42 45 39 76 57 59 40 67 88 38 74 54 18 77 10 96 42 84 27 
59 44 47 39 80 60 60 41 66 86 44 75 54 21 79 13 96 44 82 29 
54 41 44 38 74 54 59 39 65 88 39 70 53 18 77 9 95 37 82 27 
59 44 50 42 78 63 63 43 67 86 45 78 54 23 78 10 98 43 83 27 
60 43 46 43 79 61 64 40 67 86 41 73 54 22 78 12 98 42 84 27 
54 42 43 39 74 54 59 39 65 87 39 69 53 18 77 9 94 38 82 28 
56 40 46 42 78 59 62 40 65 86 39 73 53 18 77 10 96 43 82 27 
57 40 43 37 77 55 61 39 65 87 40 69 52 19 79 9 94 37 82 27 
59 42 47 42 78 61 65 40 65 86 45 76 52 23 79 11 98 46 83 27 
55 40 46 38 79 55 60 42 65 88 43 74 54 22 79 12 97 38 82 29 
54 42 43 36 74 54 61 40 65 86 38 71 52 18 78 9 96 38 83 29 
61 44 51 44 82 64 62 43 65 88 46 76 54 21 79 13 98 47 84 29 
56 41 45 40 76 57 64 41 65 87 42 74 52 21 79 12 95 40 84 29 
61 41 47 40 77 58 60 40 65 88 45 77 54 20 79 10 94 45 83 27 
59 44 47 43 80 62 62 43 66 86 41 77 54 23 77 11 95 43 82 27 
55 42 45 41 77 56 62 41 65 88 43 73 53 20 79 13 94 42 83 27 
54 40 43 38 76 57 59 39 66 88 41 70 52 20 77 10 94 40 82 29 
60 43 49 40 78 60 64 39 65 88 42 76 54 23 79 13 95 45 83 29 
59 44 49 45 82 61 65 43 65 87 45 76 54 24 78 13 97 45 84 29 
54 40 43 39 77 56 62 39 65 88 38 73 53 21 77 12 95 40 82 27 
59 41 49 44 78 63 64 43 65 88 41 74 53 21 79 13 98 43 83 27 
58 41 44 42 79 58 60 39 65 87 39 74 53 21 79 13 98 41 82 27 
55 40 44 36 74 54 59 39 65 86 38 71 52 18 77 9 94 37 83 27 
62 44 51 44 80 64 62 43 67 88 46 77 52 24 77 13 98 46 84 27 
60 43 49 41 81 59 65 41 66 87 42 77 52 22 79 12 95 43 84 27 
56 41 45 40 80 58 64 43 65 86 40 73 54 19 79 10 96 44 83 28 
55 40 46 37 74 59 59 39 66 87 40 72 54 21 77 12 96 38 82 29 
58 41 43 41 78 56 63 39 65 88 42 70 52 21 79 9 97 42 82 29 
61 44 50 44 80 63 62 42 65 86 46 77 54 23 79 12 98 46 83 29 
56 41 43 38 77 56 62 39 65 86 41 70 54 18 77 11 95 40 82 27 
59 44 49 45 78 62 64 41 65 86 42 74 53 20 78 13 95 42 84 29 
57 41 43 40 76 56 59 41 67 86 42 70 54 18 79 11 97 41 82 28 
54 40 43 38 74 54 61 40 66 86 38 70 52 18 79 9 94 37 82 27 
58 43 48 43 79 58 62 41 67 87 44 73 53 22 79 10 97 44 83 28 
57 40 46 38 77 58 60 40 67 86 39 71 52 22 79 10 95 40 84 27 
62 42 48 44 82 63 63 43 66 86 43 79 52 24 78 12 98 46 84 29 
61 42 51 46 82 63 65 41 66 88 46 77 53 22 78 13 97 47 84 29 
58 40 44 38 75 57 61 42 65 87 40 72 54 20 78 12 94 38 84 29 
60 44 47 45 81 61 64 43 66 87 45 78 52 20 77 11 95 44 84 28 
56 43 44 42 79 60 63 39 65 87 40 71 53 18 78 11 94 41 82 27 
56 44 48 39 79 60 64 43 65 87 40 75 54 21 78 10 94 42 84 29 
58 41 49 44 82 60 63 40 67 86 45 75 53 24 79 13 96 45 83 28 
56 43 43 36 75 57 60 40 67 88 38 70 52 18 77 9 97 39 82 27 
57 41 48 42 77 59 65 42 66 86 41 73 54 22 79 11 98 43 84 29 
62 43 51 45 80 62 63 43 65 88 46 79 54 24 79 13 98 47 83 27 
57 40 46 38 76 56 60 42 65 86 38 72 52 19 79 10 96 40 84 27 
59 43 47 41 78 58 62 39 65 88 41 72 54 21 79 12 96 43 82 27 
58 44 48 45 81 60 65 43 67 86 44 78 54 22 79 12 98 43 82 27 
57 40 46 39 74 54 62 39 67 86 41 70 54 19 77 9 94 38 82 27 
58 41 48 39 79 59 63 40 66 86 43 75 54 21 77 13 97 42 84 28 
61 44 49 46 82 62 65 42 67 88 46 77 54 24 79 13 96 45 83 29 
59 43 45 41 76 56 61 43 65 86 42 73 52 21 78 9 96 41 84 28 
54 40 43 39 74 56 61 41 65 86 38 69 54 19 77 11 95 40 82 29 
60 43 50 46 82 64 65 41 67 86 43 79 54 22 79 12 98 44 84 29 
57 43 47 40 75 56 59 39 67 88 42 71 52 19 79 10 94 42 84 27 
60 44 49 46 82 62 63 42 67 88 46 77 54 24 79 11 97 47 84 29 
60 43 51 44 82 64 65 43 67 88 43 76 53 23 79 11 98 47 84 29 
62 42 49 46 82 63 64 42 67 87 45 77 53 23 79 13 98 47 83 28 
62 42 49 44 82 63 63 42 66 88 44 78 53 22 79 11 97 46 84 29 
59 41 47 40 75 58 59 39 67 86 40 71 53 18 77 9 94 40 82 29 
61 44 51 42 82 61 65 41 67 87 42 75 52 24 79 12 98 47 84 27 
62 44 49 45 82 61 63 43 65 88 46 78 53 24 79 12 98 46 84 29 
62 44 49 44 81 64 65 42 67 86 46 77 52 24 77 13 96 47 84 29 
56 41 44 40 76 54 61 39 65 87 38 69 52 18 77 11 96 37 84 27 
57 44 47 43 81 61 64 40 65 86 41 77 52 24 79 12 98 42 82 29 
59 44 47 40 76 57 62 41 65 87 40 71 53 19 77 9 95 40 84 29 
54 40 43 36 74 55 59 39 66 88 38 69 52 18 77 9 94 39 82 27 
58 42 45 40 80 58 61 39 67 88 41 74 53 21 77 9 98 41 82 27 
59 41 48 46 82 64 64 41 65 88 42 79 54 21 77 13 98 46 82 29 
55 40 47 38 78 59 60 40 67 88 41 74 53 20 78 9 96 39 84 27 
58 43 44 38 76 58 59 42 65 86 42 74 52 18 77 9 96 39 84 27 
57 43 47 37 75 59 61 41 65 88 40 73 54 22 78 11 97 42 82 29 
58 40 46 38 76 58 61 39 65 87 39 73 54 21 77 12 95 43 84 28 
58 40 49 41 79 59 62 42 67 86 40 76 53 20 79 11 94 42 82 27 
56 41 47 41 76 58 63 42 67 87 43 75 54 19 79 11 94 40 82 29 
56 40 43 36 74 54 59 39 65 88 38 71 54 20 77 9 95 39 84 28 
60 40 46 43 78 61 62 40 67 86 41 72 52 20 78 11 97 43 82 29 
58 41 43 40 75 56 59 39 67 86 41 70 52 22 77 9 94 41 83 29 
54 42 46 39 74 55 59 39 65 88 39 69 53 18 77 9 96 38 82 29 
62 43 49 45 79 61 62 41 67 86 44 77 54 23 79 12 98 43 82 29 
60 41 51 44 79 63 65 43 66 86 43 76 52 21 78 10 96 47 84 28 
54 42 44 41 74 55 59 40 67 87 41 73 53 18 77 10 94 38 84 27 
56 40 43 36 74 54 60 41 67 86 40 71 52 18 78 12 96 40 84 27 
62 43 51 43 82 63 65 42 67 88 46 77 54 24 79 13 98 45 84 29 
57 40 45 38 76 57 62 39 67 86 39 73 54 18 79 9 94 42 84 29 
56 42 45 40 78 56 61 40 67 88 43 71 52 20 77 13 96 41 84 29 
62 42 51 45 81 62 65 43 66 87 46 79 52 23 79 12 98 46 83 29 
58 41 49 43 80 59 62 43 65 88 45 76 52 20 79 12 96 43 84 29 
61 42 48 42 81 59 65 43 65 88 45 78 52 22 77 10 98 42 82 28 
56 40 46 36 77 57 60 39 65 86 41 69 54 20 77 9 96 40 82 29 
59 43 48 44 81 62 61 43 66 86 45 76 54 24 79 11 95 43 83 29 
61 42 51 46 82 64 63 43 65 88 46 77 54 24 77 13 98 47 84 29 
57 40 43 37 74 58 61 39 65 88 38 70 53 19 78 10 96 40 82 27 
55 41 43 38 76 54 59 40 65 87 38 69 52 20 79 9 95 38 84 27 
59 42 48 41 77 57 63 40 65 87 40 74 53 20 79 10 94 41 82 29 
58 43 45 37 76 58 59 39 65 86 42 73 52 21 77 12 94 42 82 27 
59 40 46 43 77 58 61 42 65 88 43 74 53 19 77 9 95 43 84 29 
59 43 50 45 80 61 65 42 66 88 45 78 54 23 79 13 98 47 84 29 
58 43 50 42 79 59 62 40 66 86 45 76 52 20 79 11 95 44 84 29 
55 41 44 36 76 54 59 42 65 86 39 70 53 19 77 9 94 37 82 28 
54 40 43 38 74 57 60 40 65 86 38 73 52 20 77 11 97 41 82 29 
58 40 45 38 77 58 60 41 67 86 40 72 54 21 79 11 97 39 84 27 
56 44 46 39 79 60 62 40 65 88 40 72 54 19 77 9 95 43 82 27 
58 41 48 45 79 63 64 42 67 88 42 78 52 20 77 13 97 44 82 27 
59 44 48 45 81 64 62 43 65 86 46 77 54 22 77 12 98 47 84 29 
59 41 49 45 78 62 65 43 67 88 43 76 54 23 79 11 95 45 84 27 
55 40 43 38 75 57 59 41 66 88 39 69 53 18 77 11 95 37 82 27 
60 42 49 44 82 63 62 43 65 86 45 78 52 20 79 10 97 44 83 29 
60 43 51 44 82 62 65 43 67 87 44 79 54 24 79 13 96 47 83 27 
59 44 50 43 81 58 65 43 66 87 41 74 54 20 77 9 98 43 83 29 
62 43 51 46 81 62 65 43 67 88 45 79 54 24 79 11 96 46 84 29 
56 43 45 44 78 58 63 43 65 87 43 74 53 20 79 10 98 44 84 29 
57 40 43 36 74 57 62 39 65 87 38 71 52 18 79 11 94 38 84 27 
59 42 49 43 80 61 63 40 67 88 42 77 54 22 77 11 95 47 84 28 
60 40 47 39 80 60 62 42 65 88 44 72 52 23 79 13 95 41 82 29 
58 40 48 42 75 59 62 40 67 87 40 71 54 19 77 9 94 42 84 29 
59 44 48 46 80 61 65 41 67 88 44 79 52 24 77 11 97 46 83 28 
61 43 48 42 82 59 62 43 67 86 43 74 52 24 79 12 95 43 82 29 
54 40 44 38 74 54 61 39 65 86 38 70 52 18 77 9 96 38 82 29 
56 44 49 38 77 56 63 39 66 86 42 71 52 23 77 12 96 43 84 28 
58 40 44 39 75 58 63 40 67 86 41 70 53 22 79 9 95 39 83 27 
57 40 45 36 78 55 60 39 65 86 40 69 52 20 79 9 94 40 82 27 
57 41 43 38 75 54 60 42 66 87 38 72 54 18 77 10 95 37 84 29 
59 43 48 39 78 58 61 43 65 87 43 75 54 18 77 13 98 42 82 29 
56 42 44 40 75 58 61 40 65 88 41 71 53 19 77 9 97 38 84 29 
58 44 48 43 78 62 63 40 65 88 43 76 53 23 79 12 98 43 83 29 
61 44 47 44 80 59 61 42 65 88 42 73 54 22 77 11 97 44 82 28 
60 44 48 46 80 62 65 43 66 88 44 78 54 24 79 12 97 47 84 29 
62 44 50 46 82 64 65 42 66 88 46 79 54 23 79 11 97 47 83 27 
61 44 47 40 80 59 61 43 66 86 44 75 52 22 77 10 98 42 83 27 
60 43 47 42 78 64 65 40 67 86 42 79 53 24 78 10 96 46 84 28 
59 42 47 41 81 62 63 43 65 88 44 75 52 22 77 11 97 46 84 29 
58 44 48 40 80 58 63 39 67 86 42 72 53 21 79 10 95 42 83 29 
59 42 47 44 81 60 64 43 67 88 44 74 54 22 79 11 96 43 82 28 
56 41 44 38 75 58 59 39 66 86 39 70 52 18 77 11 96 40 82 29 
61 42 47 42 81 59 65 43 65 87 45 77 54 21 79 13 95 42 82 27 
59 44 49 46 79 62 64 43 65 88 42 78 52 24 78 10 96 46 82 28 
60 43 51 46 78 64 63 43 65 88 44 75 54 21 79 10 96 43 84 29 
59 43 46 41 79 59 64 43 67 88 45 77 54 24 79 9 94 45 82 29 
58 42 44 36 77 57 59 39 65 87 42 72 52 19 77 9 94 38 82 29 
58 42 49 40 79 61 61 40 66 86 44 74 53 19 79 9 94 40 84 27 
59 44 49 46 82 62 65 42 67 88 46 76 53 24 79 12 98 44 84 29 
57 43 48 43 78 59 62 42 65 87 44 74 54 19 79 13 98 40 82 27 
57 40 44 39 77 55 59 39 67 86 39 71 52 19 77 11 94 39 84 27 
62 41 51 45 81 63 65 43 65 88 43 77 52 23 79 13 98 45 84 29 
61 44 49 42 78 58 65 43 67 87 42 74 53 23 79 11 95 42 82 29 
57 44 47 42 75 56 60 39 65 88 39 73 52 20 79 10 95 41 82 29 
55 40 45 40 74 54 59 42 65 86 41 73 52 21 77 9 94 40 83 29 
58 42 48 42 81 61 64 42 67 88 45 77 54 20 77 12 95 42 82 27 
59 44 46 38 76 57 64 43 65 87 44 72 52 22 77 11 94 39 83 27 
59 43 48 40 77 58 62 40 65 87 42 73 52 22 78 13 98 42 83 28 
55 40 43 36 74 54 61 39 65 88 40 70 54 19 77 9 94 39 82 27 
62 44 48 45 81 63 61 40 65 86 42 77 52 22 77 12 98 44 84 27 
56 43 47 41 75 60 63 42 65 88 39 72 52 22 79 12 96 41 83 29 
55 43 45 39 75 55 59 39 65 87 38 70 52 21 77 10 94 40 84 28 
55 43 44 39 76 55 61 42 67 86 42 71 54 22 78 9 97 41 84 28 
55 41 43 39 74 54 59 40 65 86 40 71 52 19 77 9 94 37 83 27 
62 41 50 44 79 63 63 40 67 86 43 75 54 22 79 11 98 45 84 29 
58 44 51 45 79 60 63 40 67 86 45 75 54 24 79 10 98 43 84 29 
56 43 45 39 77 57 60 39 67 87 38 70 52 21 77 12 95 40 82 29 
58 43 48 41 80 62 64 43 67 86 43 75 52 23 77 11 98 44 84 29 
60 43 46 42 78 61 64 43 67 87 41 76 52 22 79 13 98 45 82 27 
62 44 49 43 82 64 65 42 65 87 44 79 52 21 78 13 98 47 84 29 
59 43 48 42 79 62 63 41 65 86 41 73 53 20 77 11 97 43 83 28 
60 44 47 44 82 60 63 42 66 88 45 76 54 21 77 11 98 46 83 28 
58 44 47 42 77 60 60 40 65 88 45 76 53 23 77 12 98 41 84 28 
54 40 43 38 74 54 61 39 65 86 38 69 52 20 77 11 96 39 83 27 
55 40 45 38 74 54 60 39 66 88 38 71 54 18 79 10 94 37 82 27 
60 41 47 41 80 59 61 43 67 88 44 78 54 21 78 11 95 43 82 29 
54 42 45 36 77 54 59 41 65 88 41 70 52 18 78 10 95 37 83 28 
55 40 44 37 75 54 60 42 67 86 39 72 53 20 79 11 96 37 82 27 
61 44 51 46 80 63 65 43 65 88 46 79 54 24 77 13 98 45 83 29 
61 44 48 42 80 59 64 40 65 86 43 78 52 21 79 10 98 44 84 27 
61 42 51 43 82 63 65 41 67 86 46 79 52 22 77 13 98 44 84 29 
59 40 45 41 75 59 59 43 67 88 42 74 54 22 78 9 95 41 83 27 
55 40 43 36 74 54 61 39 65 88 38 70 52 18 77 10 95 37 82 27 
56 44 46 41 80 59 60 42 65 86 43 75 53 21 77 12 97 42 84 29 
60 44 48 43 77 60 63 41 66 86 43 73 53 22 79 12 97 44 84 28 
60 44 49 46 80 62 65 43 67 88 46 76 53 23 79 13 98 47 84 29 
58 41 43 39 78 58 62 42 65 86 39 72 52 19 77 9 95 38 83 27 
61 41 51 46 80 63 65 43 66 88 44 79 53 24 79 13 98 46 83 29 
60 44 49 44 81 61 63 41 66 86 46 79 54 24 77 13 97 47 84 29 