10-50
instance 0
 150.0 1000
40
49
11
11
46
22
18
31
40
25
33
39
18
47
42
36
16
14
22
21
21
34
47
22
31
29
32
37
41
31
29
22
24
20
19
35
21
30
11
42
36
44
20
20
33
26
15
36
29
26
26
10
47
39
50
24
14
22
29
44
35
32
33
48
38
28
22
36
22
49
44
48
30
49
42
45
33
45
47
29
19
28
28
36
46
44
11
24
31
27
15
36
49
35
34
41
32
22
18
35
27
26
24
37
16
23
42
33
27
43
25
13
50
19
19
39
48
34
14
20
28
22
40
48
14
17
17
29
25
39
46
42
12
25
17
41
45
40
45
43
30
47
29
40
50
27
29
30
17
20
26
18
45
31
48
47
18
46
45
35
30
36
12
22
34
24
43
12
46
37
30
45
24
38
19
49
42
47
13
16
36
47
45
34
37
41
17
18
47
31
11
45
39
43
49
12
37
25
28
49
11
34
32
27
14
15
45
26
29
12
34
19
38
10
50
31
20
41
30
35
12
34
17
37
11
22
37
45
22
44
31
28
16
22
38
43
38
30
30
14
44
46
35
36
33
31
30
19
30
32
30
43
39
46
20
25
10
38
35
44
37
12
28
11
48
27
36
21
10
23
19
27
27
42
15
24
41
20
21
50
37
23
19
41
23
15
27
10
29
35
18
46
31
49
17
19
42
13
23
21
22
44
23
12
36
26
36
17
30
13
15
17
21
45
26
29
14
49
47
26
14
25
36
17
14
38
18
48
43
23
29
23
47
20
40
25
20
12
20
15
10
19
34
38
22
36
45
10
48
27
32
46
21
13
27
41
50
44
49
31
41
44
49
49
25
26
46
12
10
18
40
43
13
47
16
28
27
25
15
49
12
39
19
33
14
15
27
39
22
20
11
44
14
46
45
25
13
42
46
33
18
31
29
46
19
13
41
23
26
15
44
21
16
26
46
44
48
34
42
40
34
16
43
28
36
46
43
26
13
23
42
11
11
49
21
47
16
34
25
23
20
22
11
30
46
35
30
47
26
45
10
34
37
34
27
34
21
29
42
36
31
43
23
29
26
34
19
50
10
47
26
44
15
28
41
26
29
33
36
20
23
20
36
16
39
38
34
39
11
28
40
22
23
12
11
39
27
15
18
33
30
25
26
23
30
42
34
49
16
12
22
13
35
23
14
37
43
44
44
46
17
40
22
16
28
46
24
46
47
32
33
46
31
30
37
24
27
11
38
36
38
24
44
43
45
28
29
38
28
46
16
12
22
35
18
10
14
33
19
46
17
20
42
45
10
24
39
32
45
48
32
29
21
28
23
32
43
26
46
15
34
25
26
38
29
39
18
30
10
16
10
23
39
20
34
28
21
30
26
14
50
30
35
38
18
42
16
41
43
41
17
31
16
24
20
42
40
29
35
27
33
25
26
11
31
11
33
15
23
30
15
26
48
18
10
37
25
23
45
33
47
15
17
33
26
35
23
12
38
20
42
13
20
22
19
27
15
20
22
37
43
43
13
17
16
10
42
40
32
35
33
29
14
17
19
33
44
29
18
17
32
46
47
32
25
42
40
39
22
30
23
31
22
47
38
22
29
21
43
23
15
47
17
39
11
25
17
14
10
39
11
42
30
16
40
42
46
20
47
49
25
25
40
10
23
16
45
31
33
46
23
42
47
14
25
47
10
45
42
38
18
36
21
13
42
15
47
34
35
39
40
25
29
10
31
13
29
50
28
13
22
33
23
23
27
48
28
36
27
38
35
16
10
28
33
24
17
47
40
30
29
12
31
24
12
44
12
32
35
32
30
39
26
49
21
37
44
25
47
44
15
24
17
48
23
23
30
19
24
19
14
26
17
16
13
38
25
35
30
19
35
31
11
39
44
16
50
30
19
18
44
34
18
41
36
20
34
47
25
29
33
26
29
32
50
38
38
48
49
48
41
34
36
18
21
37
45
48
27
15
36
45
16
32
34
23
41
32
44
14
23
50
18
40
13
32
40
44
33
25
46
47
14
10
11
48
31
50
39
20
12
39
32
29
28
27
28
35
37
31
45
24
50
50
36
45
17
20
17
15
44
20
29
15
35
28
24
40
20
46
34
47
17
22
47
44
47
45
11
50
29
27
24
27
45
32
13
20
45
38
19
43
12
19
45
23
41
27
17
21
23
46
33
12
20
27
46
11
40
42
21
47
36
12
44
46
50
23
30
34
30
32
50
48
12
23
16
37
42
44
20
45
12
50
48
44
35
27
17
43
26
13
24
29
41
19
40
17
15
36
