44 43 63 56 72 49 76 28 1 57 49 13 92 4 21 16 44 60 7 70 
43 42 62 59 71 48 77 31 1 56 50 12 90 1 22 17 43 59 6 71 
43 40 62 53 70 45 71 26 1 56 48 9 90 1 21 12 42 57 4 65 
45 40 62 55 70 48 73 29 1 56 50 10 90 1 20 15 41 60 6 69 
46 47 64 60 70 47 76 33 2 62 50 14 91 6 23 19 44 61 7 70 
46 43 62 58 71 47 78 30 2 61 48 12 92 1 19 15 43 58 5 69 
45 44 64 58 71 47 76 31 1 59 48 13 90 4 23 16 41 61 7 67 
45 46 63 60 72 50 77 33 2 59 48 15 92 2 23 19 42 61 8 71 
46 42 62 54 71 45 72 29 1 59 48 9 90 1 19 13 41 58 6 69 
45 45 63 60 71 48 74 31 2 60 50 12 90 4 23 15 43 61 6 68 
43 46 64 56 72 50 77 31 2 59 48 10 90 3 21 15 41 59 5 67 
46 50 64 63 72 50 79 35 7 60 50 17 90 4 21 20 44 59 6 72 
45 46 62 57 70 49 75 28 3 58 49 14 92 3 19 16 45 58 6 67 
46 47 63 62 70 47 77 32 5 58 50 13 90 3 20 18 45 61 8 74 
44 48 64 59 72 48 80 33 6 61 48 17 92 4 21 19 45 59 8 72 
46 48 63 63 70 50 81 36 4 62 50 15 92 6 22 20 43 61 6 74 
43 40 62 53 70 45 71 28 1 57 48 11 90 2 20 15 43 57 4 66 
47 50 62 62 72 48 78 32 5 60 48 17 92 6 23 16 45 59 7 71 
46 47 64 60 70 50 74 32 1 57 50 12 90 2 19 16 44 59 8 71 
45 40 63 53 72 47 73 28 1 56 48 11 90 1 21 12 43 57 6 65 
44 43 62 54 71 49 74 27 1 56 50 9 92 3 20 15 41 57 6 66 
43 41 64 58 71 49 76 30 1 56 50 12 90 1 21 16 44 60 4 70 
45 48 63 60 70 48 79 33 1 61 48 14 92 2 19 15 43 57 4 73 
46 47 64 61 72 47 78 34 3 62 49 16 90 6 23 19 42 60 8 73 
47 50 64 62 71 49 81 36 7 61 50 16 92 7 22 17 44 61 6 74 
43 40 63 53 70 47 71 27 1 59 48 9 90 1 21 13 41 57 6 67 
47 47 62 63 72 50 78 36 6 60 49 14 92 7 23 18 45 59 8 74 
47 50 64 63 72 50 81 36 7 60 50 16 90 7 23 19 45 60 8 75 
45 43 62 54 70 45 71 27 1 57 49 12 90 1 20 14 44 58 6 65 
45 49 63 62 72 51 79 32 5 59 50 17 92 7 21 19 42 60 6 74 
45 45 64 59 70 47 80 32 6 58 48 17 90 3 23 16 43 60 8 71 
47 45 64 59 72 47 76 33 1 59 50 13 92 5 20 16 43 59 8 73 
47 44 64 57 72 48 78 33 4 60 50 13 92 4 20 17 45 61 4 69 
47 46 64 58 71 49 79 33 2 58 48 17 92 7 21 19 43 60 7 73 
46 48 64 63 72 51 81 36 6 62 50 14 90 4 23 18 43 61 8 74 
43 40 63 53 71 45 73 26 1 56 48 9 90 1 19 12 41 59 4 65 
46 42 62 56 71 46 71 27 1 57 50 12 90 1 22 14 42 57 4 65 
46 42 62 56 70 45 73 27 1 57 48 11 90 1 20 12 41 57 6 67 
47 48 64 61 71 50 80 35 7 61 49 15 92 6 23 20 42 60 6 72 
43 40 62 54 70 45 74 29 1 57 48 9 92 1 19 13 41 57 4 68 
43 43 62 53 72 45 72 26 1 56 50 9 91 1 19 12 43 57 4 68 
46 41 64 54 71 48 74 28 1 60 50 9 90 2 20 13 41 57 4 67 
47 47 63 59 72 48 79 35 6 61 50 17 91 6 23 19 45 59 6 74 
43 44 64 60 70 50 79 30 3 61 50 15 92 6 22 18 42 58 4 69 
47 45 62 57 70 48 75 28 1 57 48 11 90 1 21 15 44 60 8 68 
47 42 62 55 70 48 74 32 2 56 50 10 91 3 20 14 44 58 6 71 
44 45 64 59 71 47 78 30 2 59 50 11 91 5 22 17 44 59 8 68 
44 49 64 62 71 47 76 33 2 59 50 14 90 3 20 19 42 60 8 73 
44 42 63 55 70 46 73 30 1 59 48 9 91 1 20 12 41 60 4 69 
45 43 63 58 72 46 75 30 3 58 48 11 90 2 21 17 43 57 5 69 