66 64 64 56 62 67 63 65 67 63 69 70 66 63 62 65 67 66 65 65 
67 64 68 66 62 73 63 67 69 64 74 72 66 69 66 67 72 69 66 68 
66 64 67 64 62 73 64 67 71 64 73 72 68 68 65 65 71 68 67 66 
66 62 63 61 60 66 60 68 66 61 67 70 66 66 61 64 70 64 64 65 
65 64 63 58 62 68 61 67 67 62 67 71 66 66 58 67 66 65 67 63 
63 61 68 61 62 71 63 68 67 64 72 71 66 67 62 64 70 65 65 64 
67 61 68 61 61 71 63 67 68 64 68 72 66 64 64 67 70 69 66 67 
63 62 63 57 62 65 61 65 65 59 67 72 66 64 58 66 66 66 65 62 
65 64 67 61 60 68 64 69 68 65 71 71 68 66 62 65 71 67 66 64 
67 63 69 65 62 71 63 69 71 66 74 72 68 69 65 66 74 70 67 69 
63 62 65 57 60 66 60 65 67 60 69 71 68 63 58 64 69 65 64 61 
63 64 65 57 61 65 60 67 66 62 69 70 66 64 60 64 66 64 65 63 
66 62 69 66 62 72 62 69 70 65 72 72 67 66 64 68 71 69 66 67 
67 63 69 63 60 69 63 69 68 67 74 72 67 69 62 66 71 70 68 66 
63 61 64 60 61 65 62 65 67 62 69 71 66 63 60 64 67 64 64 62 
67 65 67 63 60 72 64 67 71 65 71 71 68 67 64 68 72 70 68 69 
67 63 69 65 61 70 61 69 68 66 73 71 66 65 66 68 72 69 67 65 
63 61 63 60 60 66 60 65 65 61 67 70 66 63 61 67 66 67 66 61 
66 62 68 62 61 73 61 69 71 64 71 70 66 66 66 65 72 68 68 69 
67 65 70 66 62 73 64 67 71 67 74 72 68 69 65 68 74 68 66 69 
64 62 68 64 62 71 62 69 68 66 74 71 66 69 65 65 71 70 68 69 
67 64 69 62 62 70 61 67 70 66 73 72 68 67 63 66 71 69 65 66 
64 61 64 60 62 67 64 68 70 61 72 70 67 67 64 65 71 65 68 65 
63 61 65 56 62 67 60 67 67 60 66 71 66 63 59 64 66 64 64 61 
63 61 65 59 61 66 60 65 66 59 68 72 66 63 59 64 66 66 64 63 
63 61 63 57 60 66 61 67 65 61 67 70 66 65 58 66 66 66 65 61 
65 62 68 64 62 73 63 69 70 64 74 72 67 67 62 66 73 69 68 66 
63 63 62 56 62 65 60 65 65 59 67 71 68 66 60 64 67 64 65 63 
65 63 70 66 61 70 64 67 71 66 72 72 68 67 63 65 71 69 65 68 
67 64 67 64 62 71 63 66 68 63 73 71 66 66 64 64 73 67 65 64 
63 65 67 59 60 66 61 69 65 63 71 70 67 65 61 67 71 64 64 63 
63 63 65 57 61 69 63 65 68 61 69 70 66 63 61 64 66 64 65 62 
63 63 65 56 60 67 60 65 65 59 66 70 66 63 58 64 66 65 64 63 
63 61 66 59 62 65 62 65 68 63 69 72 67 65 60 67 69 66 64 62 
64 65 68 64 62 70 62 69 70 65 72 72 68 69 65 65 73 67 65 66 
65 63 70 64 60 72 63 68 68 67 73 72 66 69 62 67 70 67 68 67 
66 65 67 66 61 73 64 67 71 65 74 70 68 67 63 66 73 69 66 69 
63 63 62 56 60 66 60 65 65 60 66 72 67 63 59 65 69 64 65 61 
66 62 67 59 62 70 60 68 67 65 70 72 68 65 63 66 69 65 64 67 
64 62 64 61 61 69 60 65 65 62 67 71 66 63 63 66 67 65 67 66 
63 63 67 63 61 71 62 67 66 64 71 72 66 64 64 66 72 69 67 67 
65 64 65 60 62 69 63 66 68 62 71 72 66 67 63 64 70 66 65 66 
63 61 62 58 61 65 61 65 65 61 67 70 66 65 59 66 66 64 66 61 
63 62 62 57 60 68 60 65 66 61 66 71 66 63 58 64 66 65 64 61 
66 65 68 65 60 71 62 68 68 65 74 72 67 69 66 66 73 68 67 68 
64 64 65 62 61 69 62 66 70 66 71 70 67 66 61 68 73 66 66 68 
65 62 69 60 62 68 61 67 70 63 72 72 67 69 63 65 70 66 68 64 
63 61 65 56 60 68 61 67 65 61 67 71 66 66 60 64 69 66 64 61 
66 63 69 62 62 72 61 68 71 67 73 72 66 69 66 68 73 67 68 68 
63 61 63 60 61 66 60 68 69 64 67 72 66 67 60 67 68 68 66 63 