75 55 57 57 69 62 61 71 67 60 70 65 61 60 66 59 64 63 55 68 
77 56 58 55 74 63 61 71 66 62 73 70 61 61 69 60 65 63 57 69 
73 55 57 55 70 57 57 72 63 54 69 65 61 57 65 61 61 59 53 68 
76 53 57 55 70 61 60 73 64 56 72 64 62 60 65 63 64 61 55 70 
75 54 57 57 74 59 64 71 69 59 71 66 61 63 70 61 68 62 59 71 
73 54 57 57 74 59 60 71 65 62 71 68 61 64 71 60 65 59 55 72 
75 57 58 56 71 63 64 71 68 60 72 66 61 63 69 62 67 61 56 71 
76 56 56 55 73 64 63 73 69 64 72 71 63 66 71 63 69 63 59 70 
77 57 57 57 71 60 60 71 69 60 73 67 61 63 67 60 65 61 58 71 
77 54 56 56 74 63 64 71 69 60 73 68 61 62 69 61 66 60 60 71 
77 55 58 57 72 63 62 73 66 64 73 71 61 63 68 63 69 63 60 72 
74 54 57 57 72 58 59 71 65 57 72 69 63 62 66 60 65 61 57 72 
77 55 58 55 74 63 62 73 69 63 72 69 61 62 69 61 69 62 58 71 
76 55 56 55 69 56 58 71 66 57 72 63 63 58 66 60 62 60 55 70 
75 54 58 57 74 64 63 73 69 63 72 67 63 64 69 61 66 62 58 70 
73 53 58 56 68 59 55 71 63 54 69 65 63 59 67 61 61 59 53 68 
73 53 56 56 70 61 59 73 65 55 70 67 61 61 67 61 64 62 53 68 
75 54 57 57 73 61 61 72 65 59 69 70 61 61 70 59 67 61 55 68 
75 53 56 55 69 56 58 72 63 57 69 64 61 59 67 62 64 59 54 70 
73 53 56 57 71 56 55 71 63 55 69 63 63 59 65 60 61 61 52 68 
76 53 56 55 69 58 56 71 65 54 69 66 61 56 66 60 61 59 52 70 
74 57 58 57 74 60 64 71 69 60 71 71 63 62 70 63 65 63 59 71 
76 55 57 55 73 64 62 72 68 61 71 67 61 64 67 63 65 62 57 71 
76 54 56 57 69 61 61 73 66 56 70 64 61 61 66 61 62 62 54 68 
73 54 56 57 70 56 58 71 64 54 70 63 63 56 67 59 64 59 53 68 
75 55 57 57 71 61 61 71 66 60 71 68 63 65 67 60 65 62 59 70 
73 54 56 57 68 60 56 73 67 55 71 66 61 59 69 59 62 59 53 70 
75 57 58 57 74 64 63 73 68 64 72 68 63 66 68 62 69 63 58 70 
77 55 58 55 71 64 65 73 69 61 71 70 63 63 71 63 69 61 58 71 
77 57 57 57 72 62 63 73 67 64 72 71 63 65 69 63 69 61 60 72 
76 54 56 55 71 60 55 71 65 58 70 64 61 56 67 59 64 61 53 69 
75 53 56 55 70 57 58 71 64 59 72 64 63 61 65 59 63 59 57 71 
75 56 58 56 72 64 64 73 66 63 71 71 62 66 69 63 68 63 59 72 
75 56 56 57 71 59 58 71 63 57 70 66 62 56 65 59 62 62 53 68 
75 55 57 57 71 61 64 73 66 62 72 67 63 62 68 60 65 62 57 71 
73 53 56 55 68 59 59 73 66 58 72 63 62 59 66 60 64 59 52 68 
77 57 58 56 74 61 64 73 69 64 73 71 63 63 71 62 69 63 59 71 
73 53 56 56 70 61 59 72 63 56 69 64 63 60 69 62 64 59 55 68 
73 56 57 56 68 56 55 71 64 56 72 64 61 58 68 59 61 62 52 68 
77 57 58 55 73 63 65 71 68 61 73 71 63 65 71 62 69 63 60 71 
75 55 57 57 69 57 60 71 63 58 69 66 61 58 65 62 65 60 54 72 
77 56 56 55 70 61 60 71 66 59 72 67 61 62 67 62 65 62 55 72 
73 57 56 56 74 63 59 73 68 61 70 67 63 64 70 62 66 62 56 70 
77 57 57 55 72 64 65 72 69 64 73 71 63 64 70 63 67 63 60 72 
77 57 56 57 74 64 65 73 67 63 71 69 63 66 71 63 69 62 60 72 
73 54 56 57 71 56 55 73 63 55 70 66 61 60 68 60 62 62 56 68 
76 56 58 57 71 61 65 71 69 61 70 70 63 65 68 62 68 63 59 72 
77 57 57 55 74 64 61 73 67 62 73 68 63 66 71 62 66 62 57 72 
75 57 58 57 71 64 65 73 67 64 73 69 61 65 71 62 69 63 59 72 
74 56 58 55 72 58 59 73 67 61 73 66 61 62 67 59 63 62 55 72 