67 71 74 55 68 75 64 54 64 55 77 55 53 53 54 53 51 50 66 54 
65 73 71 52 70 75 62 53 62 54 74 57 52 53 54 51 54 49 67 55 
68 69 71 52 63 72 59 53 58 54 71 55 53 55 54 52 52 50 67 49 
66 73 71 54 68 75 61 53 59 56 72 57 54 53 55 52 51 53 68 52 
65 69 72 55 66 70 59 51 58 54 70 54 52 53 52 52 49 51 65 49 
69 73 72 55 68 75 65 58 64 54 74 56 56 55 55 53 55 50 69 55 
69 73 73 56 73 78 65 58 61 56 78 59 56 53 54 53 55 53 66 55 
68 75 75 56 72 75 65 55 64 56 75 59 54 53 53 51 52 53 67 58 
67 75 74 53 69 75 63 57 63 56 78 58 56 55 56 51 54 50 68 59 
66 70 75 56 68 73 63 52 61 54 74 56 56 55 55 51 54 51 67 53 
69 73 75 54 69 76 64 58 63 54 76 58 55 55 54 51 54 52 67 56 
68 74 72 56 73 78 62 59 62 56 78 58 54 55 56 53 55 53 69 57 
68 74 75 53 73 77 64 58 61 55 77 59 53 54 55 51 54 53 67 58 
65 74 73 55 69 75 61 53 62 56 76 56 55 55 56 53 54 49 65 53 
65 73 71 52 65 72 59 52 59 55 72 55 52 54 55 51 49 51 65 50 
65 73 73 52 64 72 63 51 62 54 75 53 54 53 52 51 49 50 65 52 
69 74 74 54 73 78 65 59 64 56 76 59 56 55 54 53 55 51 69 59 
66 69 71 54 63 70 61 50 60 56 72 54 52 53 53 51 51 49 65 49 
69 71 71 52 69 75 62 56 61 56 75 57 52 54 54 53 51 49 67 55 
67 71 74 54 66 71 62 50 58 54 71 54 54 53 52 52 49 51 65 49 
67 71 72 53 68 72 61 51 58 56 75 55 52 53 55 53 51 52 66 53 
69 74 75 55 73 78 64 59 64 55 78 59 56 55 56 53 55 53 68 59 
69 73 75 54 73 78 65 57 63 54 78 59 56 55 54 51 53 53 69 58 
68 74 75 55 72 77 63 56 63 56 76 57 53 53 53 53 55 53 67 57 
67 69 71 54 64 70 59 52 58 55 71 53 53 53 54 52 49 51 65 52 
66 71 71 52 64 71 62 52 59 56 71 53 52 55 52 51 50 50 67 53 
69 75 75 56 71 78 64 56 62 56 76 56 55 55 56 51 55 53 69 57 
69 72 72 55 69 76 64 54 63 55 74 56 54 55 55 53 53 51 69 56 
66 73 72 54 73 78 65 58 64 56 78 56 54 54 54 51 54 53 68 55 
65 71 71 55 65 73 61 52 61 56 73 54 52 53 54 53 53 52 68 53 
66 69 73 53 64 72 61 49 58 54 70 53 52 55 54 52 50 49 65 51 
65 70 75 55 67 72 63 52 62 54 71 57 54 54 54 51 51 53 66 53 
66 75 73 54 71 76 63 53 60 56 75 59 55 55 53 51 54 49 68 53 
65 70 71 52 65 71 62 49 58 54 71 55 52 53 52 51 51 49 66 49 
69 75 75 54 72 76 63 57 64 55 77 59 56 54 56 51 55 53 68 57 
69 72 71 54 66 73 62 54 62 56 76 55 53 55 56 52 53 49 67 55 
65 70 71 54 65 70 61 49 58 56 72 53 52 53 53 51 50 49 65 49 
69 72 74 55 69 74 65 57 60 56 74 56 55 53 54 51 51 53 66 54 
68 74 75 54 71 77 62 56 63 54 77 57 56 55 53 51 53 53 69 55 
68 71 74 54 67 72 64 53 60 56 72 56 55 55 55 51 51 50 65 55 
68 71 71 52 64 72 59 54 58 54 73 53 55 53 52 53 52 52 68 54 
67 74 72 55 68 76 61 52 61 56 76 55 52 55 52 51 54 49 67 53 
65 71 74 52 64 72 60 49 59 54 74 53 52 55 54 51 50 49 67 52 
69 75 73 56 73 78 65 56 61 54 76 59 56 53 54 52 55 51 69 59 
69 75 75 56 73 78 65 59 62 56 78 59 56 55 54 53 54 52 69 59 
69 75 74 54 69 78 65 59 62 56 76 56 55 55 56 53 55 53 68 59 
69 75 75 56 72 77 65 59 62 55 78 59 56 55 56 53 53 53 69 57 
67 72 75 55 69 75 63 53 61 55 73 56 53 55 55 53 50 50 68 57 
69 75 74 56 73 78 65 59 64 54 78 57 56 55 56 53 55 53 68 58 
68 71 71 52 70 72 62 55 62 56 75 57 53 54 54 51 53 51 69 54 