50 67 65 56 59 59 68 61 53 53 74 78 81 84 72 77 71 74 50 68 
48 64 59 54 59 56 67 56 53 51 73 77 76 80 68 77 70 74 45 65 
50 64 60 52 56 54 66 56 51 51 72 77 80 79 69 78 70 75 47 63 
48 63 61 56 56 56 68 59 50 53 75 77 80 84 68 77 68 74 47 64 
52 65 63 53 60 58 66 59 53 54 73 79 82 84 71 77 73 75 45 69 
52 67 64 54 57 59 68 61 54 52 76 76 80 82 69 79 73 73 48 69 
51 67 65 57 60 59 66 60 53 53 75 78 82 85 70 78 73 74 50 69 
52 64 62 53 57 57 68 61 53 52 76 79 79 82 71 79 72 74 50 66 
52 64 64 56 58 58 68 63 52 54 76 77 80 84 72 77 70 73 50 67 
48 65 61 51 56 57 66 55 49 50 72 78 78 80 71 78 69 75 42 63 
51 62 61 55 57 56 67 58 50 52 73 78 80 83 70 77 70 75 47 65 
50 64 60 51 59 54 68 56 49 52 74 75 78 79 68 77 70 75 43 64 
49 67 65 55 60 58 68 63 54 54 75 77 79 83 72 79 71 75 48 69 
49 64 65 57 57 59 68 62 55 54 76 79 80 85 71 77 71 75 48 69 
50 67 64 55 60 59 68 61 55 52 76 77 82 85 72 77 73 73 49 69 
52 64 62 56 60 57 67 60 52 54 74 77 80 83 69 79 72 75 45 67 
50 62 62 55 59 54 66 62 54 50 76 76 80 81 71 78 70 73 47 68 
48 63 60 56 57 55 66 61 54 53 74 78 79 81 70 79 69 75 48 64 
50 67 63 55 59 57 67 63 55 53 75 79 82 83 72 79 73 75 49 69 
49 61 60 53 58 56 68 58 53 54 74 79 79 79 72 78 71 74 43 67 
49 65 62 54 60 58 68 62 53 52 75 76 79 82 72 77 72 73 47 66 
51 63 58 54 59 54 67 57 51 50 75 78 78 79 70 77 69 74 45 64 
50 61 57 51 56 53 66 55 49 50 72 75 76 79 68 77 68 73 42 63 
51 67 63 57 59 57 67 62 55 54 76 79 81 85 72 78 73 75 49 69 
49 61 58 51 56 55 66 56 49 50 72 77 76 79 70 77 67 73 42 63 
52 67 63 57 60 57 66 63 54 54 76 77 81 83 70 79 72 75 50 69 
51 62 61 52 58 57 68 56 53 52 72 78 78 81 71 77 68 73 47 67 
51 66 59 53 60 56 66 59 50 51 72 77 77 83 72 79 72 75 45 67 
52 65 65 56 60 57 66 63 55 52 76 79 79 83 72 79 70 75 50 69 
52 64 65 57 60 59 68 61 53 52 76 79 81 81 69 77 70 75 47 65 
52 67 64 56 60 59 68 63 53 54 76 79 80 85 71 77 73 75 50 69 
51 64 61 54 58 56 67 58 51 53 72 78 77 80 72 77 71 75 47 68 
48 62 58 54 57 57 67 57 53 53 74 75 76 80 69 79 67 74 47 64 
49 61 57 53 57 53 66 58 49 52 72 76 76 81 70 78 67 75 44 63 
48 61 57 52 58 53 67 55 49 50 72 76 76 79 69 77 68 75 42 63 
52 66 63 56 58 59 66 63 54 54 74 78 82 85 72 79 72 73 50 67 
50 62 58 51 56 54 66 56 49 50 75 75 78 79 68 77 69 73 44 66 
52 66 65 57 60 59 66 61 55 54 75 79 81 85 72 79 73 75 50 68 
52 66 59 56 59 58 66 57 53 53 76 76 80 82 69 77 68 74 48 64 
48 62 57 53 56 55 68 55 49 50 73 76 78 79 68 77 69 74 42 65 
48 64 57 55 59 55 66 57 49 52 75 77 80 80 69 77 70 73 44 67 
52 66 60 56 60 55 66 61 52 51 76 79 77 83 68 79 68 74 46 67 
50 65 65 57 59 59 68 62 53 52 75 78 79 85 72 77 72 75 47 69 
50 63 62 53 60 58 66 61 53 54 76 79 81 81 70 79 71 74 50 66 
48 61 57 53 56 54 66 55 49 50 74 76 76 81 68 77 68 73 42 64 
51 65 61 55 57 56 68 59 52 52 73 77 78 79 70 77 67 74 43 65 
49 61 58 53 57 54 66 55 49 50 72 76 76 80 70 79 68 74 42 63 
48 61 58 53 56 55 66 57 52 51 74 78 80 82 71 77 68 75 43 64 
48 63 58 51 56 55 66 56 49 50 74 76 78 79 68 77 68 73 42 63 
52 66 63 52 56 55 68 61 52 54 74 75 78 81 70 79 69 73 47 64 