53 93 82 60 98 66 87 64 72 90 84 61 90 86 93 96 92 56 75 66 
57 99 85 63 99 67 91 65 73 96 84 61 93 92 94 96 94 65 79 66 
55 94 83 59 97 67 90 65 70 93 83 59 94 87 94 96 92 57 74 64 
54 97 82 60 97 63 87 63 71 93 82 58 90 87 93 95 92 59 74 64 
53 93 79 60 96 67 87 65 71 90 83 61 90 88 93 96 92 56 75 66 
53 99 81 62 98 66 89 63 71 92 82 61 94 90 93 96 92 60 78 64 
57 99 84 61 99 71 95 65 73 95 84 63 94 93 94 97 94 63 79 66 
55 98 85 62 98 69 95 64 73 96 82 64 94 96 93 96 94 65 78 66 
57 98 81 61 99 64 89 65 70 94 84 60 91 89 92 96 92 60 77 64 
55 99 85 62 98 68 93 65 71 93 82 61 96 96 94 99 93 64 79 64 
54 99 87 60 99 69 95 65 73 95 82 64 96 95 92 98 94 66 79 66 
54 98 84 60 99 70 94 64 70 95 84 64 96 95 94 96 94 65 79 66 
54 93 82 59 96 63 87 63 69 90 82 58 91 86 92 93 92 59 74 64 
55 98 85 61 98 65 92 63 69 93 84 59 93 94 94 98 94 64 75 64 
57 97 86 61 99 68 94 65 73 93 82 62 95 94 94 95 92 63 75 65 
54 93 82 59 96 66 91 64 71 91 84 60 93 89 92 95 94 59 77 64 
53 95 79 59 98 66 87 63 69 93 83 59 90 86 92 96 93 59 73 66 
57 97 84 61 98 71 93 65 73 96 84 61 94 96 94 97 94 63 79 66 
57 96 81 62 98 64 89 63 73 92 82 62 95 90 92 98 93 60 78 66 
57 97 82 59 99 67 89 64 72 94 83 63 93 91 92 94 94 60 78 66 
55 96 82 59 98 66 93 64 69 93 84 61 95 91 92 95 94 62 75 64 
57 99 87 61 99 69 95 65 71 96 84 64 96 96 94 96 94 64 79 65 
57 97 81 61 99 69 92 65 72 92 84 61 95 90 93 98 93 60 75 66 
54 94 80 59 96 67 88 65 69 90 83 59 91 89 94 94 92 60 76 65 
54 97 84 62 96 67 89 63 71 91 84 61 93 92 92 96 94 62 77 64 
57 97 83 61 99 67 94 65 73 96 84 63 96 94 94 99 94 64 79 66 
54 94 79 59 97 65 88 65 71 92 82 59 92 86 92 93 92 57 75 64 
53 94 80 62 99 65 87 63 72 92 82 61 91 90 92 94 92 57 76 64 
56 99 86 61 99 71 95 64 73 96 84 64 96 96 94 97 93 66 78 66 
56 96 83 63 99 65 90 65 71 95 82 63 91 89 92 97 94 61 74 66 
55 93 80 59 96 65 87 64 69 90 82 58 91 89 92 95 92 56 76 64 
56 99 86 63 99 70 93 65 73 94 84 64 94 94 94 96 92 63 78 66 
57 99 87 61 99 71 93 65 73 96 84 64 96 94 94 99 94 66 77 65 
54 99 82 63 99 69 92 64 70 94 84 63 93 91 94 95 92 63 75 65 
54 99 83 62 99 70 92 63 73 93 82 64 96 93 92 98 94 65 75 65 
54 96 80 59 97 66 91 63 72 92 84 61 93 89 94 96 92 56 76 65 
54 96 82 61 99 64 91 63 72 91 83 60 92 89 94 97 93 59 76 66 
57 99 85 61 98 71 95 63 72 96 83 64 96 95 94 98 94 66 78 66 
57 98 84 63 99 71 95 65 73 94 84 61 96 95 93 97 93 66 78 64 
54 97 85 61 98 68 91 64 72 92 83 60 93 93 92 96 94 61 78 64 
53 94 83 61 96 66 92 63 69 90 84 58 94 90 93 93 94 58 74 66 
55 99 85 60 98 69 89 65 73 92 83 62 94 91 93 98 92 60 77 64 
55 96 82 59 96 63 87 65 71 90 82 61 93 89 93 96 92 56 73 64 
54 97 84 63 97 68 92 63 73 92 83 60 93 90 92 98 94 61 74 65 
55 97 86 61 98 70 91 63 71 94 82 64 92 93 92 99 92 65 75 65 
54 99 83 62 99 67 92 64 70 95 82 64 94 94 92 97 92 62 78 66 
57 99 87 63 98 71 93 63 73 94 84 64 96 96 94 99 93 66 79 65 
54 95 79 61 96 63 87 63 69 90 82 60 92 86 92 93 92 57 73 66 
56 99 87 62 99 70 95 65 73 94 84 64 96 94 94 98 94 66 79 65 
57 99 84 63 98 68 95 63 73 93 83 64 93 94 94 99 92 65 76 64 