81 84 63 56 87 91 42 74 54 90 77 94 77 78 66 81 64 96 43 84 
81 84 63 60 87 90 38 76 54 92 78 90 76 79 66 81 66 96 42 83 
82 83 61 61 86 92 41 76 57 94 78 90 76 79 65 83 69 97 43 82 
81 81 61 60 85 93 40 70 56 92 78 92 75 81 62 81 64 94 43 80 
85 83 61 61 86 91 41 75 55 94 80 92 81 79 65 84 70 99 44 85 
85 82 63 58 88 93 41 76 55 94 82 91 79 80 64 85 70 97 44 84 
83 79 62 56 81 90 40 69 54 89 75 92 74 79 61 80 64 94 42 79 
83 86 63 62 89 95 40 78 58 96 82 94 78 79 69 86 72 99 42 84 
82 81 61 61 88 90 41 76 58 93 81 90 79 79 63 84 67 97 42 84 
82 83 61 61 88 94 39 76 58 92 81 92 78 79 65 85 70 99 42 86 
85 86 61 61 90 92 41 77 57 95 82 94 77 80 66 84 69 99 43 84 
81 81 62 56 85 89 38 73 54 92 79 90 75 81 60 81 66 97 44 79 
81 81 63 56 82 89 38 70 54 91 76 90 75 78 60 80 65 96 42 79 
85 84 62 62 91 93 40 77 58 96 83 93 79 80 68 83 70 99 44 87 
83 80 61 60 86 89 39 72 54 89 79 90 75 81 62 84 67 98 44 80 
82 84 62 60 84 90 40 74 55 91 78 94 79 78 65 84 68 99 44 82 
85 86 62 61 86 93 42 75 57 94 81 94 80 82 68 86 70 98 44 86 
81 79 61 56 84 91 41 72 56 90 75 93 76 81 64 82 63 97 42 82 
82 87 61 62 88 94 42 75 55 97 83 94 82 79 70 86 72 99 44 87 
83 81 61 57 89 90 38 75 56 93 80 92 78 81 64 85 69 97 44 84 
82 84 61 58 88 94 42 75 57 93 81 91 82 81 67 84 68 99 43 87 
81 79 63 58 82 91 38 69 54 89 77 91 76 78 61 82 62 93 42 79 
82 84 62 60 85 94 40 75 56 95 79 92 79 80 67 83 69 99 44 85 
82 83 63 60 87 90 38 75 54 91 81 94 78 79 65 84 65 99 44 81 
85 82 63 60 88 91 42 76 57 94 80 94 77 81 65 85 67 97 44 85 
81 81 61 58 86 93 38 75 57 92 77 91 75 81 62 84 67 97 44 84 
83 85 63 61 89 94 38 77 54 95 82 91 81 81 65 83 70 97 42 85 
83 84 63 62 91 95 42 79 56 96 82 93 80 82 68 85 72 99 44 85 
85 87 63 61 90 95 42 79 58 96 83 92 81 82 68 86 72 99 44 86 
85 84 62 62 91 94 42 79 57 95 81 93 82 82 70 83 70 99 44 84 
85 87 61 62 91 95 42 78 58 97 83 94 80 82 70 84 72 99 42 86 
85 86 61 61 90 95 42 79 56 97 83 94 82 82 68 84 71 99 44 86 
85 84 63 59 86 91 39 75 57 95 79 91 78 82 68 82 70 99 42 85 
84 84 61 59 87 93 41 73 56 92 81 94 80 82 66 83 68 97 42 83 
83 85 63 59 88 94 42 76 56 94 80 91 82 81 69 86 69 99 42 86 
82 85 61 59 87 91 40 76 57 95 78 94 79 81 65 86 66 97 42 83 
85 82 63 57 84 91 39 74 54 93 79 91 80 79 64 85 68 98 44 82 
82 81 61 56 82 92 38 71 54 90 76 93 76 80 60 81 64 95 42 81 
81 83 61 59 87 91 42 74 57 95 77 94 79 80 64 81 66 99 44 81 
81 81 61 58 81 89 38 69 55 91 77 90 75 78 60 80 62 95 42 80 
82 80 62 57 82 92 38 73 54 93 75 92 78 80 64 81 67 98 44 83 
85 84 61 59 87 89 42 74 58 93 79 91 77 81 64 82 65 99 44 83 
85 86 63 61 89 93 42 75 58 93 79 91 80 82 68 84 68 99 44 85 
81 83 63 58 82 93 38 71 54 89 76 90 77 79 61 81 66 94 42 83 
85 84 63 61 90 91 40 75 56 97 82 91 79 81 66 84 70 98 42 85 
84 84 61 60 86 93 38 72 54 91 76 90 77 78 61 84 65 94 42 80 
84 80 63 59 81 92 41 71 56 92 78 91 76 81 60 82 64 95 43 82 
84 85 63 60 89 93 42 74 58 95 83 92 79 79 66 85 70 99 44 83 
83 81 63 56 81 90 39 70 56 89 75 91 74 78 60 81 64 93 42 79 
85 87 63 62 89 93 42 76 58 95 83 93 81 80 70 86 72 99 44 87 