24 36 5 33 37 32 15 62 7 66 46 35 30 34 64 38 6 50 41 10 
20 34 1 27 38 26 10 56 7 63 44 33 26 32 63 34 1 47 38 10 
21 38 4 34 40 29 17 60 10 66 44 35 31 38 65 36 6 51 41 10 
23 32 2 28 36 29 9 57 7 61 44 34 28 35 66 34 1 49 40 10 
21 31 1 29 36 26 11 59 6 62 44 33 27 33 62 37 1 45 39 10 
24 34 3 32 40 32 12 60 7 65 45 33 28 37 66 35 4 48 40 10 
21 30 2 26 39 28 12 59 6 60 45 33 25 31 62 34 1 45 37 12 
23 35 3 31 40 28 17 64 8 64 45 35 29 36 65 36 4 50 43 12 
24 33 2 30 40 28 16 58 8 62 44 34 28 34 67 37 2 48 38 10 
24 32 1 27 37 27 13 60 7 64 45 35 30 34 64 38 2 50 41 12 
24 34 4 28 40 28 11 62 10 65 46 35 28 33 65 36 2 50 38 10 
22 35 2 30 40 27 12 60 10 62 46 35 31 33 66 38 2 47 38 10 
21 33 1 26 36 26 9 57 7 58 44 33 26 32 62 36 1 45 37 10 
23 31 3 30 36 28 11 57 8 61 46 34 28 31 65 35 2 47 39 10 
24 35 4 34 37 31 16 62 9 68 46 35 33 39 69 38 8 50 40 10 
21 35 3 31 37 31 14 63 10 68 46 34 31 37 69 35 6 50 42 12 
20 34 3 28 36 26 12 58 8 63 44 35 28 35 63 36 2 47 38 12 
22 33 1 30 40 31 13 59 9 66 46 35 31 38 67 38 4 50 42 12 
20 33 4 28 36 26 11 56 7 61 44 33 28 34 64 35 1 45 39 10 
21 37 4 34 40 29 16 63 7 63 46 35 31 39 69 38 5 53 39 11 
24 38 4 32 40 31 16 62 10 68 44 35 33 39 69 38 8 53 43 12 
22 32 3 27 38 28 12 56 7 59 44 35 29 35 64 35 1 46 40 10 
21 36 5 32 38 31 17 61 7 64 46 35 29 37 68 38 4 49 40 12 
24 38 5 32 37 29 18 63 10 67 44 34 33 39 67 38 8 52 43 11 
23 36 1 32 40 27 14 61 9 62 46 33 27 35 66 34 1 51 41 11 
20 30 1 28 36 28 8 56 7 58 44 33 25 32 61 34 1 45 39 10 
20 30 1 29 36 28 10 56 7 60 45 35 28 34 61 34 1 46 39 10 
24 37 2 31 38 30 16 61 9 63 44 34 29 39 68 38 4 51 39 12 
20 30 1 26 36 26 9 57 7 60 44 34 25 33 62 34 1 45 38 10 
20 30 1 30 36 30 9 60 9 62 46 35 25 35 62 35 2 45 41 11 
23 37 5 32 37 30 18 64 9 67 45 35 32 38 66 37 8 50 41 12 
20 31 2 29 36 28 8 57 7 61 44 33 26 32 62 34 1 45 37 12 
23 35 3 29 39 27 11 60 7 64 44 33 29 35 67 36 5 47 40 12 
21 32 3 31 39 27 14 58 10 60 46 35 27 34 65 37 1 49 39 11 
21 31 3 27 36 26 8 58 8 60 46 33 26 32 62 35 1 45 37 10 
22 38 5 33 40 31 18 62 10 68 44 35 31 39 69 38 8 51 43 12 
22 33 3 32 38 30 17 61 8 67 45 35 29 35 64 35 6 51 43 11 
21 34 3 29 37 28 12 62 10 65 45 33 28 33 65 38 1 48 42 11 
21 30 2 26 36 28 12 56 9 61 44 34 25 32 62 37 1 46 37 10 
23 35 2 30 37 28 13 61 10 63 45 34 32 37 68 35 2 50 40 12 
23 31 1 26 39 29 9 57 6 60 44 33 28 35 61 36 2 46 37 12 
22 35 1 31 36 28 14 60 10 60 46 33 28 35 63 34 3 47 41 12 
20 32 3 28 36 30 10 59 7 63 46 33 26 35 66 34 1 50 38 12 
22 30 1 29 36 28 9 56 7 60 46 33 27 32 61 36 1 46 38 10 
23 36 3 31 40 28 13 63 8 63 44 34 32 37 67 36 3 49 41 11 
24 35 5 33 38 32 18 62 10 68 44 35 32 39 69 37 8 53 43 12 
20 34 3 29 38 30 12 57 9 63 45 34 28 34 65 37 1 48 40 11 
20 32 1 29 37 28 11 60 10 62 44 35 31 37 65 34 4 48 40 11 
20 30 1 29 37 26 9 59 6 60 44 33 25 34 61 34 1 45 37 10 
20 30 1 26 36 26 8 56 7 58 45 34 25 33 61 34 1 45 37 10 