31 81 31 38 19 42 42 66 36 53 48 76 42 36 23 58 27 19 9 81 
31 83 30 40 19 44 43 68 37 51 47 75 38 34 21 55 26 21 10 79 
28 80 31 40 17 43 39 68 36 51 47 76 38 36 22 55 25 21 9 77 
27 77 27 37 16 37 36 66 29 52 47 72 36 34 16 50 23 17 8 73 
28 79 31 38 17 43 42 67 36 52 46 76 42 35 24 57 26 20 10 79 
27 79 30 36 16 41 40 67 35 52 48 74 37 36 21 54 27 16 11 76 
29 75 28 36 16 38 37 65 33 52 46 74 35 35 16 53 26 18 11 76 
31 81 30 40 17 45 44 68 37 53 48 76 39 36 21 58 26 18 11 79 
29 74 26 35 17 40 37 64 32 51 48 74 34 34 18 49 23 16 8 73 
29 84 32 40 20 44 44 67 39 53 47 76 40 36 24 57 28 21 11 81 
29 84 32 40 20 45 42 66 38 53 48 73 39 36 20 58 27 21 9 80 
30 74 28 36 18 37 37 65 33 52 48 74 37 34 16 49 26 18 9 74 
29 77 26 36 16 42 38 65 31 52 46 76 39 35 21 52 25 15 11 77 
29 84 32 41 20 45 44 68 37 51 46 76 42 35 22 57 28 21 12 81 
28 81 32 40 16 40 40 68 33 53 48 72 40 34 19 57 25 19 12 79 
30 77 30 39 17 42 40 67 32 51 46 73 38 34 21 56 25 20 10 79 
31 81 31 41 18 42 44 67 36 53 46 74 40 36 23 56 29 21 12 81 
30 84 30 41 20 43 44 68 39 51 48 74 42 36 22 59 27 21 12 80 
28 82 29 38 19 41 43 68 36 53 46 73 40 34 22 58 25 21 9 81 
31 80 31 39 17 43 42 68 38 53 48 76 39 35 21 55 26 21 12 79 
28 81 30 38 18 45 41 68 36 53 48 76 40 36 21 55 29 19 11 80 
31 82 29 41 19 44 44 67 36 53 46 76 39 35 23 58 27 21 12 81 
27 79 30 38 19 41 40 67 32 53 46 72 37 36 19 51 27 16 9 73 
27 74 26 37 18 40 39 64 31 51 46 74 37 35 16 49 23 18 9 73 
29 82 30 41 20 45 43 68 39 52 46 76 42 36 24 58 27 20 12 80 
31 84 32 40 19 45 41 68 37 53 46 76 39 35 24 57 27 20 12 78 
29 82 32 39 19 44 40 68 38 53 48 76 40 34 23 57 29 18 12 80 
28 77 28 36 17 41 41 68 31 53 48 76 38 34 22 55 28 16 9 79 
29 77 26 35 18 39 36 64 31 51 46 72 35 34 17 51 25 18 8 74 
29 74 28 37 16 40 38 64 29 51 48 72 35 36 17 51 23 18 9 73 
27 76 27 37 16 37 36 64 29 52 48 72 36 35 16 49 23 15 8 73 
30 80 30 36 20 43 39 67 35 53 48 75 38 35 19 52 24 17 8 79 
29 74 26 37 17 37 38 64 29 51 46 72 34 34 16 49 23 15 9 75 
31 81 30 38 20 43 43 68 38 53 47 73 40 34 24 57 27 21 9 81 
30 80 32 40 17 40 42 65 34 51 48 74 38 36 21 54 26 19 11 78 
30 75 28 35 18 38 40 66 33 53 48 73 34 35 17 51 26 19 9 73 
31 80 31 41 18 42 41 66 38 53 48 75 40 36 23 57 28 21 9 80 
28 80 31 39 20 41 40 67 34 51 46 72 40 36 21 56 24 19 9 79 
27 78 29 36 19 43 41 68 36 51 46 75 40 35 21 53 25 20 11 80 
31 83 32 41 20 45 44 68 37 52 46 74 42 35 24 59 27 20 12 80 
30 77 29 37 16 41 40 67 31 53 46 75 38 34 20 51 23 16 8 77 
27 80 29 37 19 38 40 65 32 53 47 74 35 36 21 51 25 17 8 76 
30 82 31 41 19 40 42 68 33 53 48 75 37 36 22 53 29 19 10 77 
31 84 31 41 20 45 42 68 39 52 48 76 41 34 24 59 29 21 12 80 
29 79 30 37 19 39 41 67 33 52 47 74 37 34 17 55 27 18 10 75 
27 78 29 35 17 37 39 64 29 51 48 72 35 34 19 50 26 17 9 77 
27 74 26 38 16 37 37 64 30 52 47 72 34 34 18 50 26 18 8 75 
28 78 29 36 16 38 36 65 32 51 46 74 38 34 20 50 26 15 9 73 
28 74 26 37 16 37 37 65 32 51 46 73 36 34 16 49 23 15 8 73 
30 75 28 35 16 37 40 65 30 51 47 73 34 36 17 51 23 17 11 73 