80 62 86 47 85 88 55 6 15 54 45 48 16 22 63 34 75 79 51 30 
79 68 91 48 88 92 59 8 22 57 48 48 18 21 64 37 81 81 54 29 
83 69 90 51 88 92 57 6 25 55 51 49 23 24 66 40 81 81 54 31 
79 61 85 44 86 87 57 8 15 54 45 48 14 21 65 34 75 78 49 29 
82 61 88 46 83 90 57 8 19 56 49 47 17 20 62 34 78 81 49 29 
83 66 89 50 86 92 56 8 20 57 50 48 16 20 65 36 79 80 52 33 
79 65 86 47 87 89 57 6 16 54 48 47 17 20 62 37 75 80 52 30 
80 69 93 52 89 91 59 6 24 57 51 49 20 24 66 38 80 81 54 33 
79 60 85 47 85 87 58 6 16 54 48 47 16 20 63 34 76 80 50 30 
83 67 91 51 91 93 57 6 24 58 49 47 22 22 67 38 81 83 57 31 
79 65 90 51 89 93 55 7 20 55 49 47 21 24 65 40 78 80 55 30 
79 64 88 49 89 92 57 6 21 54 51 47 19 23 66 37 76 79 55 32 
83 65 87 46 84 91 56 6 19 54 48 47 20 22 62 35 76 79 52 33 
79 61 86 48 88 91 58 6 20 54 46 47 17 20 65 37 77 79 52 30 
79 62 85 46 84 89 58 6 16 56 47 47 15 20 64 37 78 81 49 30 
82 68 91 49 88 93 56 8 23 55 51 49 21 24 68 38 77 81 54 31 
81 63 90 47 87 91 57 8 19 54 50 48 18 20 63 36 80 79 53 31 
81 66 86 47 85 87 59 8 19 57 47 47 19 22 66 39 77 81 50 29 
79 63 85 44 83 88 55 7 17 54 48 47 15 21 62 36 75 80 51 31 
81 70 90 50 88 93 56 8 25 58 50 49 22 23 65 40 78 84 58 31 
81 60 85 44 83 87 55 6 17 54 45 47 15 22 62 34 77 80 49 29 
81 62 88 44 83 87 55 6 15 56 45 48 14 22 63 34 75 81 49 31 
80 66 87 48 84 91 57 8 18 56 50 49 17 24 67 38 77 82 54 33 
83 63 89 45 86 87 58 8 19 54 47 47 16 21 62 37 75 81 53 31 
83 67 91 51 89 92 57 8 25 58 53 48 24 24 65 42 81 84 58 31 
83 67 90 50 86 91 57 6 18 54 50 48 18 21 67 38 77 81 55 30 
79 65 88 47 86 90 56 8 17 55 48 48 18 20 65 37 76 80 50 29 
79 64 87 48 83 87 55 6 17 54 48 47 15 20 62 36 75 80 48 29 
79 63 87 44 85 88 55 6 17 56 45 47 14 20 62 34 75 80 49 29 
81 67 89 49 87 89 55 6 22 57 47 48 17 23 67 36 79 82 51 31 
82 69 91 52 91 91 57 8 22 58 52 49 23 24 67 42 79 84 58 31 
80 63 88 49 89 88 59 8 20 58 50 48 17 20 66 37 76 80 53 30 
83 69 93 52 89 91 59 8 25 57 53 47 22 24 65 42 80 83 58 33 
81 69 91 50 90 93 59 8 25 57 49 49 23 23 67 40 81 81 55 33 
80 70 90 48 89 93 57 6 25 58 52 49 21 24 68 39 81 84 58 32 
83 65 90 47 89 92 57 6 22 58 48 47 22 24 67 39 79 84 57 33 
83 70 93 52 91 92 59 7 25 56 53 47 24 24 66 42 81 84 57 33 
80 69 90 52 88 93 58 6 21 58 52 49 22 22 68 42 81 82 54 33 
80 63 88 47 83 87 56 7 19 57 48 47 15 21 64 38 75 80 48 29 
79 67 89 46 87 90 59 8 19 58 50 47 21 24 65 38 79 82 52 32 
79 64 87 45 86 87 55 6 18 55 46 47 17 20 62 36 75 81 51 32 
80 65 89 48 84 88 57 7 17 55 49 47 15 22 65 38 79 82 49 32 
81 63 87 46 83 88 55 6 19 56 46 48 17 22 65 38 78 81 52 30 
82 69 92 48 88 92 58 6 21 58 49 49 22 24 68 39 80 84 57 33 
79 65 89 45 86 90 58 8 19 58 50 49 19 20 64 37 77 82 53 30 
80 66 89 51 90 93 58 8 22 58 53 49 22 21 67 42 79 83 58 31 
79 62 90 49 85 88 55 8 17 56 47 47 16 23 63 37 76 81 53 30 
82 69 92 50 91 91 59 6 25 57 52 47 23 23 68 42 79 84 55 32 
79 60 86 46 86 90 55 8 15 55 47 47 16 20 62 36 75 78 48 31 
79 65 86 49 87 87 55 7 17 54 47 49 17 22 63 37 79 79 52 32 