26 27 31 27 26 32 27 26 32 27 32 31 32 27 27 28 28 31 28 30 
93 94 90 96 97 99 98 90 99 91 99 99 97 96 99 97 95 98 90 94 
60 55 57 61 63 59 64 61 62 59 60 57 58 58 63 63 61 64 56 57 
48 48 49 50 49 50 49 49 48 49 49 50 50 48 49 48 49 50 50 50 
78 80 78 78 80 79 80 78 79 78 80 80 78 79 79 80 78 78 78 80 
91 82 90 90 90 82 84 89 89 88 84 86 90 88 81 81 82 91 82 89 
22 22 23 19 22 21 26 21 16 23 22 16 22 19 20 18 16 22 26 17 
57 58 58 61 59 60 58 59 58 59 58 60 59 60 58 61 57 61 57 61 
42 40 44 42 44 43 44 44 42 43 43 44 40 41 44 43 42 44 42 43 
53 55 55 51 54 54 54 52 52 51 54 51 53 55 51 54 51 55 52 55 
91 89 88 89 89 88 88 90 92 89 88 89 89 88 88 89 89 91 92 89 
43 42 46 45 45 45 42 44 45 43 45 46 42 43 42 44 43 43 44 46 
77 77 77 77 77 75 75 75 77 77 77 76 76 77 75 77 76 77 77 75 
23 22 21 24 24 20 23 24 23 23 22 20 24 20 24 20 23 20 23 20 
67 69 64 70 68 70 71 61 69 69 63 71 67 63 64 65 62 62 66 65 
18 11 14 14 17 10 9 15 13 16 8 18 11 10 9 10 9 13 11 15 
28 23 22 29 28 23 24 24 26 28 24 22 22 25 23 26 27 21 25 24 
99 98 99 99 99 99 98 99 99 98 99 98 99 99 99 99 99 98 98 99 
3 2 4 4 4 3 3 4 4 3 4 3 2 3 4 3 4 4 2 4 
22 23 24 20 20 20 24 20 23 19 21 22 25 23 20 24 22 22 25 25 
15 13 14 15 15 19 16 18 19 15 12 13 15 19 14 12 14 19 16 18 
59 60 61 60 60 59 59 60 60 59 59 59 60 60 59 59 60 60 59 59 
20 22 22 26 21 28 21 21 22 27 21 22 21 22 23 21 21 27 21 24 
68 71 68 65 69 68 67 74 74 71 67 68 73 65 65 65 68 66 66 68 
37 39 31 31 37 37 33 34 32 37 34 39 36 34 36 34 36 37 39 35 
7 12 7 11 10 6 6 15 13 14 8 7 7 13 12 16 7 16 16 11 
11 11 12 11 11 13 11 11 13 13 11 13 13 11 13 11 12 13 13 12 
8 9 12 11 12 7 13 13 6 11 7 7 8 13 6 5 12 7 9 10 
64 61 61 62 63 64 60 61 62 64 62 62 60 60 66 67 66 64 66 63 
50 52 56 49 52 53 52 50 55 50 54 57 52 55 55 53 56 50 51 52 
86 85 86 85 83 85 82 82 86 86 83 83 86 82 84 83 83 85 82 86 
52 49 51 50 48 50 51 49 52 48 51 49 51 48 48 49 52 48 52 49 
71 69 71 69 69 71 69 70 69 69 70 69 71 71 70 70 70 71 71 70 
60 61 58 65 57 59 60 65 57 59 62 59 58 65 57 58 57 59 60 59 
95 95 95 88 89 96 90 96 88 91 90 95 95 89 95 93 88 96 92 89 
82 83 83 82 83 82 83 82 81 81 82 82 81 82 83 83 81 81 83 83 
82 91 89 90 89 85 87 84 85 82 89 89 86 89 86 83 83 82 87 87 
70 70 68 68 69 68 68 69 68 70 68 68 70 70 68 70 70 69 68 70 
78 77 77 77 76 76 78 78 76 77 76 77 76 77 77 76 78 76 78 77 
9 10 12 10 9 13 10 11 13 11 13 11 9 13 11 12 13 9 12 9 
38 44 41 38 39 38 39 44 42 43 41 40 39 39 40 43 38 44 40 38 
27 26 26 25 27 26 25 27 26 26 26 26 25 25 26 27 26 26 25 25 
17 16 17 17 13 15 13 18 16 15 16 19 15 14 19 17 16 16 19 13 
29 29 29 29 30 30 29 31 30 30 30 30 30 30 31 31 31 29 31 31 
64 64 67 71 64 65 71 68 67 67 70 68 64 63 71 66 65 71 64 64 
72 75 70 73 68 73 73 73 76 76 76 69 69 73 72 69 72 68 70 68 
93 95 93 94 95 95 95 95 95 94 93 94 93 94 93 95 94 95 95 93 
20 21 21 16 21 18 21 17 14 21 17 15 16 14 13 18 18 17 14 20 
96 96 97 95 93 95 96 95 97 95 93 97 94 95 97 97 97 97 95 93 
66 65 67 65 65 69 66 65 68 69 66 66 67 65 68 67 69 69 69 65 
90 89 88 92 90 89 92 92 90 94 96 92 96 92 91 95 89 88 93 92 
73 74 72 70 69 70 67 70 74 70 70 67 67 66 68 70 68 66 73 73 
48 50 46 46 47 46 50 49 50 48 49 48 47 50 46 46 50 49 48 49 
28 27 28 27 28 28 27 33 33 30 27 26 25 31 27 24 25 27 28 28 
2 8 4 4 8 10 8 7 5 6 3 10 9 1 10 7 10 5 1 3 
62 56 56 59 58 57 61 57 60 56 62 56 59 56 57 57 62 56 59 61 
95 93 95 93 96 99 97 95 99 94 93 93 95 94 98 94 97 99 95 98 
29 31 30 31 31 33 29 31 33 31 32 32 30 30 30 29 33 29 30 29 
15 14 15 15 16 16 14 15 14 16 14 15 14 16 15 14 14 15 15 15 
46 46 43 41 45 47 46 42 42 43 47 45 43 44 46 45 45 43 43 41 
92 92 92 91 93 91 91 92 93 92 91 91 93 93 93 92 93 91 93 93 
27 29 27 34 34 34 32 35 34 36 28 34 36 35 37 33 32 27 31 33 
31 34 34 34 32 33 32 32 32 34 31 35 31 33 33 31 34 32 33 34 
54 57 53 51 56 55 50 57 53 53 53 58 55 56 51 58 57 54 53 50 
84 83 83 83 85 84 83 85 85 85 84 84 83 83 84 83 83 85 84 85 
60 59 55 59 56 60 60 60 58 56 58 58 59 59 60 58 58 59 58 59 
8 11 11 11 7 7 5 9 8 10 10 6 4 7 5 4 12 4 5 11 
11 14 18 14 11 15 16 15 13 14 12 11 12 13 18 11 18 11 14 17 
99 94 93 92 92 93 94 95 99 97 96 98 99 95 94 99 97 98 99 93 
60 60 61 60 62 60 61 60 61 61 61 61 61 60 61 62 61 62 62 60 
23 23 22 23 22 22 24 24 22 23 22 22 23 23 24 22 24 23 23 22 
21 28 30 27 29 28 28 22 26 23 24 24 30 28 25 25 21 20 29 29 
4 3 5 2 5 2 2 6 5 2 3 4 6 5 5 3 6 2 5 7 
68 67 74 73 70 73 66 74 73 69 66 69 73 69 70 72 72 72 69 70 
77 70 75 75 70 77 76 78 72 74 76 69 77 76 71 71 70 74 75 71 
80 76 75 77 85 81 80 76 84 85 85 79 75 75 78 78 79 80 81 84 
59 58 59 61 59 59 59 59 58 62 61 58 59 58 59 61 59 60 58 59 
28 25 28 25 27 28 25 25 24 25 25 28 28 28 25 25 25 27 28 27 
80 80 80 80 81 77 80 79 76 79 80 78 82 77 80 77 78 78 82 78 
50 50 57 55 54 57 57 51 49 53 49 51 52 52 54 52 49 53 50 48 
24 22 28 23 24 25 27 27 26 26 27 22 25 22 23 25 22 24 24 25 
53 48 52 49 53 53 51 52 48 52 52 48 51 50 54 52 52 51 51 49 
54 51 50 56 52 50 54 50 50 54 55 52 53 51 56 56 55 52 54 53 
38 38 40 37 37 40 40 39 40 40 40 39 37 39 36 38 38 36 39 37 
56 56 56 56 56 55 55 54 56 56 54 54 55 54 54 54 56 54 54 56 
42 48 43 45 43 42 51 43 46 45 52 43 47 48 45 48 42 51 45 44 
23 24 23 20 23 22 22 24 21 21 21 20 22 24 20 20 21 20 22 24 
25 25 24 26 24 25 24 25 26 24 26 25 25 26 24 24 26 25 25 25 
95 94 95 95 94 95 94 95 95 94 95 95 94 96 95 96 94 96 94 95 
4 5 7 5 8 1 7 1 1 8 6 8 3 4 3 7 5 3 6 2 
19 17 18 17 20 17 19 19 19 20 20 19 20 17 20 17 19 20 16 16 
76 74 75 76 78 78 78 76 78 78 74 76 78 75 75 76 78 76 75 76 
99 99 99 93 98 94 97 98 99 93 93 95 99 98 94 99 95 96 99 98 
46 44 44 49 47 48 45 45 49 48 48 51 48 47 43 45 48 50 48 47 
12 12 6 8 7 9 8 13 11 7 13 10 12 10 7 10 11 8 6 13 
90 93 95 92 91 93 90 95 94 94 96 94 95 93 90 95 94 92 94 92 
94 94 93 88 92 92 92 90 88 91 90 92 88 91 93 89 93 94 91 89 
4 1 1 5 4 5 5 1 3 1 5 1 1 1 1 1 1 2 1 1 
65 63 67 66 67 65 64 65 64 66 67 63 64 65 64 65 67 65 63 63 
12 12 12 14 14 13 13 12 14 12 13 13 12 12 13 12 12 14 13 12 