38 39 42 43 40 41 43 38 38 39 39 37 39 39 41 38 40 42 37 43 
53 53 52 53 52 52 51 53 51 53 51 51 52 53 51 51 52 51 51 51 
34 34 34 31 31 34 33 31 35 35 35 35 34 35 33 35 34 33 32 35 
43 43 43 46 45 45 43 46 44 46 46 43 46 45 44 44 47 45 45 43 
52 48 50 49 48 50 51 49 52 48 49 49 49 50 51 51 49 49 51 49 
49 49 52 49 51 46 52 46 51 52 48 52 53 52 50 53 45 50 48 51 
45 41 45 41 40 43 40 43 43 44 45 45 41 48 40 45 42 45 45 42 
46 49 46 46 45 48 46 49 47 47 45 49 48 47 48 47 49 48 47 48 
49 55 49 50 49 51 53 55 49 49 50 49 49 55 49 50 49 54 50 54 
42 44 43 49 51 42 42 50 49 48 41 41 44 50 41 48 49 49 50 42 
43 38 43 41 39 40 37 41 43 40 37 43 43 41 43 39 37 43 37 37 
39 39 39 38 38 40 39 38 39 39 39 39 39 38 38 39 38 39 38 40 
38 44 42 38 39 37 39 43 38 40 39 38 37 39 44 40 43 41 42 41 
40 41 40 42 42 43 42 40 40 40 43 43 43 44 44 41 43 44 40 40 
49 49 47 49 49 47 47 47 47 48 48 49 47 47 49 49 48 49 49 49 
32 34 36 35 34 37 37 37 34 37 37 38 34 32 35 35 35 38 35 33 
53 51 56 49 55 57 52 50 56 57 56 49 49 56 54 50 52 50 57 49 
46 47 48 47 48 46 49 48 50 50 49 48 46 46 47 50 50 46 50 48 
54 55 55 47 49 55 52 51 52 47 49 48 54 53 52 51 51 52 54 49 
52 49 49 54 49 51 47 51 54 48 53 51 49 50 51 54 49 51 47 53 
37 42 41 39 37 39 42 40 38 40 41 43 39 40 39 37 42 42 40 43 
48 50 46 47 47 46 48 50 50 46 50 47 47 48 50 50 48 48 50 49 
42 41 42 32 37 37 42 38 41 42 42 42 39 33 36 34 34 33 33 41 
37 40 38 35 42 41 34 37 35 35 34 34 39 34 35 40 37 41 35 40 
38 38 40 40 39 40 40 38 38 39 40 38 38 39 39 38 40 40 40 38 
42 45 47 43 47 48 45 46 45 43 50 50 42 42 47 46 42 48 45 49 
46 51 51 46 45 49 45 50 50 45 50 46 49 51 49 48 49 47 50 51 
45 47 45 45 47 46 45 45 46 45 47 45 47 46 46 47 45 47 46 45 
44 40 43 42 42 43 44 45 44 39 40 44 43 39 44 42 45 39 41 40 
32 37 33 34 32 28 28 35 32 31 30 36 30 37 29 37 34 35 32 35 
41 35 37 38 36 36 33 34 39 36 32 34 35 31 37 35 35 38 37 31 
35 36 37 39 35 35 35 37 39 38 39 35 38 36 38 39 37 39 39 37 
39 40 40 40 41 41 39 40 39 41 41 41 40 40 40 39 40 41 39 39 
40 44 48 43 50 48 41 50 45 46 40 44 44 41 46 42 50 46 46 46 
53 54 49 48 49 50 54 54 52 48 55 51 54 50 56 53 48 49 49 50 
33 33 33 38 38 38 34 34 36 37 39 38 34 36 35 33 39 33 38 34 
47 50 53 55 49 47 47 50 55 54 49 54 54 54 49 54 50 48 51 48 
46 44 44 44 47 47 43 45 45 47 44 45 43 43 47 45 44 47 47 46 
38 40 38 38 39 39 40 40 39 38 40 38 39 40 39 40 40 40 38 39 
50 52 51 49 53 49 54 52 48 52 53 52 48 51 51 49 51 50 53 48 
35 36 38 34 35 36 36 38 38 34 34 35 37 36 38 36 38 36 38 36 
42 43 44 42 42 44 42 44 42 42 42 44 42 44 42 43 42 42 42 42 
44 42 44 44 43 40 44 40 44 44 41 44 43 40 44 42 44 42 42 40 
45 49 45 44 50 48 49 52 52 52 45 46 51 51 47 46 47 45 49 51 
52 48 46 49 47 49 46 50 47 51 47 47 47 46 51 46 51 47 48 50 
46 45 42 41 40 46 46 41 43 42 40 42 41 40 40 40 41 42 41 40 
53 50 47 55 45 51 52 49 53 54 55 49 48 47 55 52 47 48 49 48 
37 37 38 38 39 39 38 38 37 38 38 38 39 39 39 38 39 39 37 38 
40 42 40 40 40 41 40 40 41 42 42 41 40 42 42 40 42 41 40 41 
55 46 55 55 47 51 49 50 53 49 47 55 49 46 52 55 54 49 45 48 
45 43 45 42 43 44 44 40 42 45 42 44 42 43 45 45 42 41 42 40 
37 36 34 35 34 35 33 36 34 36 34 37 35 37 33 36 33 35 37 34 
51 48 53 49 47 52 53 53 53 50 52 50 50 48 53 48 51 48 49 49 
37 39 40 42 36 35 36 40 40 35 42 36 36 40 34 34 35 41 41 42 
50 43 44 49 48 43 43 48 50 45 42 42 48 47 45 50 47 47 44 42 
51 51 52 53 54 53 51 54 50 50 53 54 52 53 52 53 53 52 54 54 
45 48 42 47 45 47 44 47 45 49 44 49 48 44 41 44 47 43 42 44 
43 42 34 41 37 40 33 36 40 35 36 36 42 35 34 42 33 35 42 41 
35 36 36 35 35 37 36 36 37 37 37 36 37 35 36 35 35 35 36 35 
36 34 36 34 36 34 36 35 34 34 36 34 35 36 35 35 36 35 35 35 
43 45 47 45 44 47 43 43 47 47 44 47 45 44 43 47 43 45 45 45 
38 38 37 36 32 36 30 32 35 37 38 35 36 36 32 35 30 35 30 30 
39 42 35 41 38 35 39 36 42 36 39 42 42 43 37 41 38 38 36 43 
41 42 41 42 41 44 44 41 44 43 41 43 43 43 41 43 44 42 41 44 
50 50 51 46 44 48 47 48 48 50 46 44 50 45 49 48 53 44 48 54 
46 54 49 50 53 51 49 46 48 54 46 46 50 51 49 46 49 49 46 48 
39 40 45 44 49 46 42 45 44 39 44 40 43 40 44 44 46 43 44 41 
36 37 37 38 38 38 36 36 36 38 36 36 38 36 38 38 37 36 37 37 
36 34 36 31 33 34 33 36 37 36 32 35 32 30 35 31 36 37 35 37 
36 35 35 34 38 38 38 33 37 36 34 38 36 35 33 34 37 34 35 36 
50 49 49 51 51 51 50 49 50 50 50 51 49 50 49 50 50 49 51 51 
56 48 52 54 55 56 50 52 55 48 55 52 53 55 49 55 54 51 53 51 
39 42 39 39 45 39 47 39 42 47 40 45 44 43 47 45 46 43 40 43 
47 44 46 45 48 46 48 45 48 46 48 48 46 45 45 47 47 47 47 46 
36 32 33 33 33 36 34 36 32 32 36 36 35 34 35 35 33 34 33 32 
36 38 35 31 38 40 37 38 31 35 40 38 35 41 31 36 37 35 36 37 
35 42 43 37 41 35 43 39 42 36 38 41 39 41 38 35 40 35 43 39 
37 40 32 31 38 39 31 40 33 34 37 35 31 30 31 39 37 36 39 31 
42 44 42 43 44 43 43 43 42 43 43 44 44 43 42 43 43 44 44 44 
37 36 39 40 37 39 40 35 37 36 38 40 38 37 35 37 34 38 37 40 
39 36 33 33 39 40 33 36 34 39 33 39 35 33 35 38 38 40 37 33 
39 37 38 41 37 40 35 40 37 41 40 36 35 39 35 41 37 37 36 40 
40 45 40 48 48 41 45 48 48 40 43 41 48 46 45 47 40 43 42 42 
34 33 31 30 32 30 36 35 35 35 38 30 36 38 32 36 37 38 30 34 
52 56 56 57 49 51 57 55 52 54 49 56 56 51 54 51 52 50 47 56 
36 37 36 37 37 36 36 37 36 35 36 36 36 37 35 35 36 36 35 37 
35 40 34 42 34 38 38 40 41 38 39 41 35 42 39 39 41 36 36 40 
41 36 39 43 39 39 36 41 37 44 45 42 42 45 39 40 42 42 44 38 
42 44 43 41 42 40 43 41 44 43 44 44 40 40 40 41 41 41 43 44 
41 44 38 39 44 42 41 43 43 44 44 43 40 41 43 42 39 39 40 41 
47 49 46 46 42 46 43 46 51 46 46 46 42 45 48 52 46 50 52 43 
53 52 46 51 54 44 46 44 50 53 51 52 50 46 47 46 50 44 49 48 
46 39 43 39 43 42 44 38 36 36 36 44 36 45 38 38 40 36 38 40 
50 50 53 53 49 50 50 49 51 50 53 50 53 53 50 51 52 50 51 49 
43 45 47 44 47 45 45 44 47 43 43 45 44 47 44 46 45 43 43 47 
43 50 51 51 43 51 48 51 48 51 44 46 46 45 49 49 50 49 50 47 
39 46 43 43 37 46 42 38 45 45 43 45 42 37 41 38 38 36 42 42 
45 39 44 42 38 43 46 43 46 36 46 38 43 42 40 40 46 39 36 44 
45 43 44 41 41 42 43 46 46 44 43 43 47 45 42 41 47 47 45 44 
49 49 49 51 51 50 51 50 52 51 51 49 49 48 51 50 51 52 48 48 