23 20 21 21 20 18 18 18 23 24 19 20 24 23 23 24 18 20 23 20 
44 43 44 45 44 43 44 45 44 43 44 44 45 43 43 44 43 45 44 45 
28 26 28 24 23 25 27 28 28 26 22 21 24 28 21 28 24 25 22 28 
24 24 24 25 23 21 24 27 24 24 21 21 25 23 26 27 22 21 24 25 
17 20 17 20 23 24 19 16 18 19 16 20 20 18 21 19 24 17 22 20 
41 43 42 39 40 39 40 39 43 45 41 41 45 42 39 46 41 43 41 47 
32 28 29 29 31 30 31 29 28 29 30 32 32 32 29 32 31 29 28 32 
28 28 29 28 30 30 28 29 30 30 28 30 30 30 30 28 30 28 30 30 
29 29 28 26 28 25 26 24 29 27 29 29 24 28 24 26 27 28 26 25 
47 45 47 46 45 45 47 47 47 45 46 45 45 45 45 47 45 47 47 46 
49 48 47 47 47 48 47 49 47 47 47 48 48 49 48 47 48 49 48 47 
44 47 43 44 47 49 48 50 44 50 49 51 48 45 42 43 42 46 44 45 
43 38 39 37 45 45 43 38 44 44 42 46 39 47 42 42 39 45 43 44 
37 39 40 36 38 39 35 34 34 36 40 38 36 36 34 34 36 35 39 36 
38 35 37 35 34 37 29 37 28 30 31 37 37 29 28 34 31 38 34 33 
47 41 41 44 41 47 46 47 43 44 45 44 46 45 42 46 42 47 47 41 
23 24 23 25 25 28 23 26 23 25 24 25 24 25 25 27 27 28 23 27 
36 37 37 36 36 37 35 35 36 35 36 37 35 36 35 37 37 35 36 35 
39 40 37 41 37 40 37 37 40 40 38 38 40 39 41 39 39 39 37 39 
31 31 32 31 31 29 31 33 29 29 31 31 32 32 33 29 29 30 31 29 
21 21 21 20 21 22 20 21 21 21 22 22 22 20 21 22 22 21 22 20 
37 39 38 39 38 39 39 39 37 38 38 38 39 38 38 38 37 39 37 37 
42 40 44 43 42 43 36 43 36 38 42 37 37 42 36 42 40 43 40 41 
27 27 27 25 30 24 29 29 25 30 28 30 23 25 25 27 28 30 26 29 
44 44 41 42 42 45 47 43 41 45 39 47 39 43 43 41 41 43 44 46 
47 48 47 49 49 47 49 47 49 48 47 48 48 49 47 48 47 49 47 47 
38 34 37 37 34 34 39 40 40 35 37 39 34 36 39 36 36 37 39 35 
21 24 22 24 24 21 23 23 20 23 23 24 23 22 20 24 20 23 22 24 
29 27 28 27 29 26 29 28 25 27 28 28 28 27 26 26 29 26 25 29 
27 35 32 34 36 29 36 30 33 30 35 31 28 28 32 34 36 36 29 31 
35 30 36 34 36 31 31 29 30 31 28 29 36 34 32 34 30 27 27 34 
33 37 35 41 33 32 31 40 41 35 36 41 40 33 32 36 40 34 32 32 
49 49 48 40 42 45 41 44 45 39 40 45 48 40 41 47 44 46 45 47 
35 37 35 40 40 42 35 40 41 42 37 37 37 42 42 37 36 39 36 37 
37 38 40 36 38 39 40 36 40 36 37 37 39 37 37 39 38 40 40 37 
43 43 46 42 45 46 42 45 42 42 46 45 46 43 46 42 45 45 43 43 
44 43 42 40 44 41 42 44 43 44 41 42 40 42 41 44 44 41 44 44 
39 41 41 40 39 40 39 40 39 40 41 40 40 41 40 40 41 40 41 41 
20 18 25 21 17 20 17 17 18 22 18 23 22 20 20 21 21 18 21 21 
36 35 33 26 32 29 26 28 34 36 28 36 26 27 29 27 27 29 35 33 
30 34 33 30 31 32 30 30 30 33 31 32 32 32 34 34 32 30 31 33 
27 23 26 25 22 27 22 23 27 26 23 24 25 22 22 23 23 21 24 25 
39 37 37 37 38 38 39 37 39 39 39 39 37 39 39 38 37 39 39 39 
23 22 18 26 23 20 21 22 27 28 24 21 25 20 23 18 21 26 25 22 
29 33 32 34 32 30 33 33 29 29 31 34 32 32 32 32 32 31 34 35 
40 39 39 40 41 39 39 39 41 39 39 40 39 40 41 40 40 39 41 41 
24 19 23 20 21 16 21 25 19 24 18 21 19 19 17 24 19 17 25 25 
46 46 47 43 47 43 47 44 46 46 43 44 47 47 44 44 47 46 44 46 
47 52 48 53 49 49 45 53 53 46 43 47 44 43 44 49 43 45 49 50 
19 25 27 27 23 17 23 25 23 26 18 22 26 22 20 23 26 20 25 20 
32 33 31 34 33 33 33 33 35 32 32 31 31 34 33 31 32 31 33 35 
36 37 38 38 38 38 37 38 37 37 38 36 36 38 37 38 38 38 38 38 
25 21 26 26 23 27 25 19 19 23 19 23 27 27 22 22 19 21 26 24 
36 38 38 39 35 33 36 34 33 35 35 38 32 38 37 32 31 36 31 39 
47 48 46 47 46 46 46 46 48 47 47 48 48 48 47 47 47 47 48 47 
48 46 46 45 43 41 45 41 42 49 42 42 41 44 45 48 45 47 47 46 
21 24 21 21 28 24 23 30 25 27 25 26 24 28 28 30 25 27 21 26 
23 28 25 25 24 28 25 29 27 27 27 23 27 26 26 24 24 26 29 24 
24 29 28 29 26 27 25 26 29 30 26 25 24 28 26 25 28 28 29 28 
29 27 24 29 25 26 29 26 30 30 27 30 26 28 27 30 28 28 28 24 
17 23 21 17 23 17 19 20 22 21 21 19 17 21 21 20 19 21 17 21 
27 27 27 28 26 26 28 26 27 27 26 26 26 27 26 26 28 27 28 28 
42 42 45 38 36 37 46 42 44 40 45 43 44 37 43 41 42 41 44 38 
36 35 38 38 35 33 32 37 38 33 35 32 33 34 35 36 37 32 34 34 
20 19 20 21 20 20 20 19 21 19 19 19 19 21 20 21 20 20 21 21 
33 36 36 30 35 36 34 30 34 37 32 30 38 36 36 36 34 37 30 35 
37 36 40 37 39 36 37 36 42 38 36 37 41 36 38 41 37 37 38 42 
31 34 37 35 37 36 37 37 34 31 33 37 31 34 36 36 34 33 37 34 
44 39 44 43 38 41 44 41 42 38 43 42 39 39 43 39 40 41 40 42 
23 26 24 24 22 25 22 26 21 26 21 27 27 27 27 23 23 25 27 24 
39 38 43 38 39 42 38 42 43 39 40 39 44 42 38 39 38 41 39 44 
37 34 37 33 37 36 34 35 35 33 34 33 33 36 37 36 35 36 38 33 
40 42 41 40 46 44 42 41 43 44 43 46 38 45 39 46 39 41 40 45 
18 24 20 27 27 17 17 24 26 17 26 27 26 23 21 22 27 27 20 19 
42 41 41 41 42 41 42 41 41 41 43 43 42 43 43 43 43 43 42 42 
35 31 39 41 37 40 38 38 38 35 41 35 32 39 41 34 41 39 32 34 
30 29 29 30 30 31 31 31 29 29 29 30 31 31 31 31 30 31 30 29 
48 47 47 48 46 46 47 48 46 48 48 48 46 48 46 46 48 48 46 46 
42 36 41 37 41 39 38 38 38 39 41 39 42 37 39 38 42 40 40 41 
44 40 44 42 43 41 44 43 43 44 40 41 41 42 43 41 42 43 43 40 
38 39 39 39 38 37 38 37 37 39 39 38 37 39 39 37 39 38 38 37 
31 30 28 28 27 30 30 27 30 28 28 31 31 27 30 29 29 31 29 28 
40 35 38 41 35 35 37 37 36 37 35 36 39 41 36 42 38 40 35 38 
44 41 41 43 41 40 40 44 40 42 40 42 42 40 41 42 41 40 40 40 
25 25 17 18 21 21 22 24 21 20 18 22 23 17 25 21 20 20 25 19 
27 27 25 26 25 25 25 27 25 27 27 27 25 27 25 25 27 27 27 25 
30 34 33 34 30 31 33 32 32 34 33 33 30 32 32 30 32 32 31 34 
38 40 40 39 40 38 39 38 39 38 40 38 40 40 40 40 39 40 40 38 
18 18 24 21 17 16 15 15 22 19 20 20 19 20 21 18 18 19 22 20 
34 31 39 32 33 35 37 36 34 31 37 32 38 39 32 37 33 35 37 34 
30 28 29 32 23 29 33 26 30 31 24 33 29 24 29 26 31 33 28 23 
47 47 44 44 48 47 40 42 47 46 44 44 41 41 44 43 43 41 47 44 
42 43 44 42 42 42 43 42 42 44 42 44 43 43 43 43 44 44 44 42 
28 29 29 28 27 29 27 27 29 29 29 27 29 27 28 28 28 28 27 29 
20 22 20 20 21 22 22 21 22 21 20 22 22 20 20 22 21 21 21 20 
40 41 43 43 43 42 41 43 42 40 44 44 44 44 40 44 42 40 41 41 
24 16 24 16 24 22 22 24 19 23 22 16 21 16 19 23 24 17 22 23 
20 23 20 20 19 19 20 21 21 23 22 19 20 23 22 20 23 22 23 21 
23 24 18 19 22 18 26 25 26 24 20 26 23 23 24 22 20 22 23 21 
47 48 48 43 43 45 42 41 47 41 43 40 46 48 46 44 40 48 47 43 