37 38 37 42 36 38 37 41 37 39 36 40 39 37 36 41 41 42 40 42 
35 35 36 37 36 38 35 35 39 36 37 35 35 36 35 39 38 38 37 37 
28 24 27 26 21 23 27 24 26 20 21 20 18 25 23 28 18 23 18 25 
38 38 40 34 34 37 30 33 37 34 35 40 38 31 34 37 34 37 33 33 
16 17 18 18 16 16 18 17 17 17 18 17 18 14 17 14 17 14 17 17 
36 39 42 40 40 36 39 42 38 39 37 40 39 42 39 41 39 37 37 37 
10 11 20 15 15 17 12 13 17 20 16 11 16 20 16 10 20 11 17 15 
39 44 39 41 45 49 49 46 43 41 42 44 39 40 39 44 46 44 41 39 
31 31 29 32 29 27 28 29 31 27 30 31 28 31 27 30 27 31 32 32 
12 16 15 13 14 16 16 14 15 14 13 12 16 13 16 15 15 12 16 15 
34 30 27 30 31 31 28 27 28 32 26 34 29 27 32 27 27 29 27 29 
29 33 33 30 35 33 34 32 34 29 36 29 35 31 34 34 35 31 29 34 
19 12 17 18 11 12 17 13 9 17 16 13 12 14 19 14 16 19 13 16 
43 36 40 34 42 41 43 43 33 38 35 38 43 42 35 43 33 38 36 39 
10 13 14 15 14 14 11 12 9 9 11 16 13 9 12 11 10 11 13 9 
32 32 30 30 31 29 32 32 30 28 30 28 28 29 32 32 32 32 30 32 
27 25 26 26 22 27 21 22 25 27 27 21 25 21 23 23 21 25 25 24 
24 22 18 27 20 25 22 22 19 20 22 19 22 27 18 24 26 17 17 27 
23 28 24 31 29 27 29 29 31 26 25 27 29 26 24 26 26 26 25 28 
39 46 38 39 47 42 37 41 42 38 38 41 39 47 40 40 46 37 38 43 
34 41 35 38 34 37 35 36 38 37 35 39 35 39 36 36 34 33 41 38 
29 29 22 24 28 24 24 22 28 28 25 31 22 23 25 22 29 22 24 28 
16 14 18 17 18 14 14 14 15 17 16 16 17 16 17 14 17 16 18 16 
18 16 18 18 19 17 18 14 16 19 16 18 18 18 17 17 20 12 20 12 
17 23 21 23 18 21 18 22 19 22 20 22 23 20 19 19 22 18 20 20 
19 19 22 23 23 23 18 16 17 16 19 24 22 20 22 20 17 21 21 18 
21 24 29 26 21 25 24 29 21 23 24 24 25 28 21 21 29 25 27 25 
29 32 31 31 32 27 26 27 31 28 31 30 31 30 30 31 26 28 28 32 
10 12 12 12 11 12 10 11 11 10 10 12 12 12 12 10 10 11 12 11 
43 44 40 44 40 39 44 45 45 40 39 36 37 39 44 41 37 36 36 37 
37 32 31 39 33 33 37 33 40 34 31 33 34 34 35 41 32 34 36 35 
42 47 43 47 43 41 47 42 41 41 41 46 41 42 44 47 42 46 42 46 
22 18 19 23 23 18 19 20 17 19 19 19 18 23 23 19 21 20 23 19 
33 33 34 38 33 38 32 34 38 32 35 32 32 35 32 33 34 35 37 38 
25 18 24 17 25 25 18 22 17 19 24 20 22 19 22 22 25 22 22 19 
26 26 26 26 26 27 27 25 26 26 25 26 27 25 26 25 26 25 27 26 
38 39 31 32 32 33 29 31 35 30 32 31 34 32 32 38 33 34 29 36 
40 39 37 40 40 34 36 40 40 41 37 38 35 42 35 38 35 35 38 36 
42 41 42 42 41 40 40 40 42 40 41 40 41 42 40 40 40 41 42 41 
42 40 44 44 41 41 40 44 42 40 43 41 40 43 40 40 44 41 44 41 
36 33 35 36 34 34 34 33 33 33 35 35 33 34 32 33 36 35 36 35 
40 37 41 34 36 34 35 41 39 37 39 35 42 39 36 37 39 34 40 36 
44 36 38 36 40 42 40 39 45 46 41 43 46 43 41 43 44 46 37 41 
28 26 28 27 26 28 26 28 27 28 26 27 27 27 27 28 26 27 27 26 
8 13 14 6 14 12 6 13 13 9 10 8 12 13 6 13 8 10 7 7 
40 42 44 44 45 41 43 40 43 41 41 45 41 40 44 40 46 41 41 45 
18 17 16 16 16 18 17 17 16 18 18 18 17 17 17 16 18 16 17 17 
25 24 25 27 28 25 27 25 24 24 28 28 27 24 28 27 28 26 25 24 
34 35 33 31 26 31 26 34 29 33 26 28 25 28 28 26 28 34 35 35 
21 21 22 22 22 21 22 20 21 20 20 20 20 22 22 20 22 20 21 20 
27 25 22 29 25 23 25 30 26 27 23 25 30 30 20 24 21 29 27 28 
10 6 9 7 11 6 14 16 14 6 10 8 13 13 15 13 15 6 13 10 
25 23 25 24 23 23 24 23 23 24 23 24 24 24 25 24 24 24 23 25 
43 36 36 44 42 38 44 36 43 44 44 39 44 36 39 38 44 39 38 44 
15 14 18 15 17 16 13 16 16 14 17 17 13 19 19 14 17 16 17 13 
37 34 39 36 39 38 40 38 38 39 40 38 40 36 39 34 37 40 39 36 
41 39 39 40 41 39 39 39 40 40 40 39 41 39 40 40 39 39 39 41 
13 15 14 13 13 15 14 14 14 13 15 15 14 15 15 14 14 15 13 15 
24 18 21 20 20 15 15 17 22 15 24 22 17 15 18 17 15 16 25 18 
25 28 21 24 26 24 26 20 27 27 19 28 20 22 23 20 23 27 25 24 
22 26 26 28 27 23 27 22 26 26 29 30 28 30 24 23 26 28 27 29 
27 24 24 23 24 27 24 23 25 23 25 23 26 24 23 27 25 25 24 25 
15 15 16 16 16 14 14 16 16 16 14 15 16 14 14 14 16 15 15 15 
28 31 31 31 33 32 28 31 28 33 27 32 33 28 32 31 32 32 32 33 
20 16 18 19 21 18 22 20 19 20 18 20 19 18 19 19 22 21 17 20 
16 15 10 16 14 17 16 10 17 16 14 18 12 17 18 13 15 11 11 18 
38 37 39 37 37 38 37 38 38 38 38 38 37 37 37 37 39 39 37 39 
41 40 40 40 39 40 40 40 41 40 40 40 39 39 40 41 41 41 39 40 
20 24 20 21 23 23 21 21 22 22 21 23 21 22 24 21 20 20 21 22 
12 10 13 16 14 14 14 14 12 10 10 10 12 13 15 12 9 17 15 12 
35 34 30 29 31 30 31 28 35 26 27 30 32 34 35 34 35 36 31 26 
13 14 15 14 14 11 12 13 16 12 14 16 14 12 11 11 17 15 17 15 
10 11 14 10 6 9 6 13 15 11 6 8 11 6 10 7 12 7 9 7 
30 28 27 30 33 29 27 26 32 29 31 25 26 32 29 27 27 27 33 33 
24 26 26 26 26 24 25 24 26 25 25 26 24 25 25 26 24 24 26 26 
46 46 45 47 46 47 46 47 45 46 45 45 47 46 47 45 46 45 47 47 
22 23 22 26 22 26 26 26 24 22 23 24 26 25 24 26 23 25 25 26 
41 40 37 39 38 40 40 38 38 38 41 39 41 39 41 40 37 37 38 37 
41 39 41 43 41 40 37 37 39 42 38 39 43 43 42 38 37 39 40 41 
18 25 27 17 24 24 25 18 18 22 22 26 27 23 21 17 25 26 17 21 
9 16 11 12 8 9 14 13 10 13 13 12 13 15 13 13 13 15 12 11 
23 22 23 26 26 25 23 24 22 26 26 24 26 25 23 22 25 23 26 25 
35 38 40 38 34 42 42 39 37 39 41 34 34 41 40 41 41 40 42 37 
26 23 24 25 23 21 27 24 25 23 24 22 25 22 24 22 30 23 23 28 
16 13 15 16 18 16 15 19 17 14 14 15 16 17 14 17 14 15 19 17 
20 20 19 19 21 21 20 20 20 20 19 19 20 21 19 19 21 21 21 19 
35 35 28 34 28 29 34 31 27 29 34 32 27 27 30 32 29 35 30 29 
48 47 45 46 44 45 47 44 47 48 44 47 45 47 47 45 47 48 44 45 
29 34 36 35 36 28 31 36 33 30 29 36 35 34 28 29 31 32 32 30 
33 32 40 33 37 34 32 35 32 33 35 37 35 35 37 38 33 38 32 33 
46 40 44 40 38 45 46 38 43 38 46 42 37 37 44 44 37 39 37 37 
42 43 42 39 37 41 43 40 38 40 40 38 43 38 42 40 38 38 38 40 
14 17 14 14 15 18 16 16 14 17 15 17 14 15 14 18 18 17 17 15 
40 36 39 33 36 36 40 35 41 36 34 33 36 36 37 35 36 41 34 39 
24 32 25 32 26 25 27 26 32 29 32 22 22 25 23 32 25 31 23 24 
39 46 40 39 40 36 36 39 39 38 45 38 43 43 39 36 37 39 43 37 
33 29 29 32 35 32 35 35 28 35 35 29 33 28 30 30 34 29 35 36 
36 36 36 39 31 35 38 33 39 37 36 38 31 32 39 34 38 32 37 32 
35 29 36 32 39 37 34 39 31 29 31 34 31 35 30 39 35 29 35 31 
41 42 42 40 44 44 44 43 43 43 40 43 40 44 43 42 41 44 43 43 