38 35 38 40 41 37 41 41 38 41 36 35 35 35 36 40 37 35 37 39 
41 42 42 41 40 41 40 38 39 40 40 41 42 41 42 40 39 39 38 39 
76 76 78 76 76 78 76 77 76 76 78 78 76 78 76 77 78 77 77 76 
56 51 56 56 53 56 52 56 54 53 52 55 51 50 50 54 54 50 53 56 
62 61 62 59 61 60 58 59 60 59 59 62 60 58 61 62 61 58 58 58 
50 52 50 55 55 47 49 53 49 55 53 50 49 54 48 52 52 49 51 47 
76 73 69 76 72 71 74 74 70 76 74 71 73 73 72 73 74 74 71 76 
60 62 60 60 62 63 61 61 62 62 62 63 62 60 62 64 64 63 61 62 
51 55 53 55 52 51 51 53 52 54 52 54 51 54 54 53 53 55 55 51 
76 78 77 75 77 81 75 77 79 81 77 75 77 80 80 79 79 81 76 77 
43 37 39 43 37 38 43 39 38 40 37 40 42 40 39 38 37 43 42 38 
84 80 86 88 85 89 84 86 86 89 81 81 87 79 81 85 84 85 87 85 
36 36 36 38 45 46 44 38 39 43 45 40 36 41 44 36 46 39 45 45 
73 73 76 77 76 73 73 74 76 77 75 74 77 76 77 75 76 76 76 76 
53 53 55 58 59 57 57 54 54 54 59 59 53 53 53 56 53 54 52 59 
42 44 36 45 42 44 41 39 39 42 37 38 37 37 35 42 38 40 42 42 
72 74 73 74 72 73 74 73 74 73 74 72 74 73 74 73 72 73 73 72 
56 55 49 55 55 49 55 48 53 55 49 57 57 56 49 53 51 51 51 53 
84 82 83 86 85 86 82 86 84 82 86 86 84 81 81 84 85 83 84 85 
61 61 59 57 55 61 56 61 57 59 55 61 61 56 55 58 61 58 55 61 
56 63 60 61 61 62 59 61 62 57 62 56 62 59 62 55 62 59 57 57 
65 64 62 65 63 64 62 65 64 62 62 62 65 63 62 66 63 64 66 66 
68 67 70 70 67 73 69 70 70 69 72 68 72 67 67 68 71 72 73 69 
65 65 63 64 62 65 66 64 60 67 65 64 60 63 65 64 61 67 62 60 
77 77 75 76 75 75 77 77 75 75 77 76 75 77 75 77 75 76 77 77 
50 54 52 48 54 55 54 56 48 54 54 56 51 49 53 49 48 54 56 52 
44 44 44 44 45 45 46 46 44 45 45 44 45 45 45 46 46 44 44 45 
48 45 46 42 48 45 42 44 44 46 42 44 43 46 45 42 43 43 43 44 
36 38 37 38 37 37 40 40 36 37 38 36 40 37 36 40 38 37 36 36 
61 66 60 60 60 60 63 66 63 60 64 66 66 62 62 65 61 65 66 62 
75 76 78 81 73 76 78 77 78 77 78 79 75 74 81 76 79 80 76 78 
83 80 76 77 84 81 78 74 76 82 84 74 78 76 76 74 78 83 83 77 
84 78 82 82 84 78 79 80 80 84 79 83 79 78 84 83 79 82 83 80 
56 55 53 54 57 56 57 57 53 55 55 57 57 55 56 57 57 55 57 53 
55 54 55 54 54 56 56 54 56 54 56 54 55 55 54 56 56 55 56 55 
61 57 58 60 59 60 60 57 58 61 58 58 58 58 61 61 57 58 59 57 
36 36 36 37 38 38 38 36 36 36 37 36 36 37 37 38 37 36 36 36 
82 82 81 82 82 80 83 84 84 80 84 83 84 83 82 83 81 81 84 81 
46 44 41 43 42 48 41 43 44 47 49 46 47 43 42 42 49 45 44 43 
46 44 46 45 44 44 45 46 46 45 46 44 44 46 44 46 44 44 45 46 
56 59 59 60 56 58 57 56 61 60 59 57 57 62 56 61 61 59 59 56 
55 55 51 50 53 55 48 47 46 50 47 50 53 55 49 56 46 53 56 53 
63 63 61 63 61 64 64 65 61 62 62 61 62 63 64 61 65 61 61 63 
84 87 87 87 86 82 83 80 89 79 89 88 82 88 88 81 80 82 80 86 
68 65 68 68 65 67 68 66 69 65 68 66 65 69 67 66 65 65 69 67 
60 59 59 60 59 60 59 59 61 59 61 59 59 61 60 60 60 61 59 59 
60 61 59 60 61 60 62 61 67 66 64 64 64 65 60 67 65 62 61 61 
64 66 62 63 66 66 66 62 65 62 62 66 64 64 63 66 64 66 66 64 
58 55 56 59 55 52 58 52 52 56 50 51 58 59 55 57 55 52 53 58 
40 38 39 40 35 41 40 39 37 38 36 37 39 38 35 41 37 41 35 38 
73 74 77 79 77 73 78 79 74 79 77 74 75 79 78 78 79 79 73 76 
58 57 58 61 57 59 61 60 61 59 57 58 59 59 60 61 59 57 60 57 
76 78 75 77 77 78 78 72 75 76 76 76 73 70 75 77 71 71 75 74 
49 48 51 51 45 51 51 47 48 52 48 51 51 52 51 46 45 55 47 51 
74 75 73 74 73 74 73 75 73 73 75 75 73 74 74 75 74 73 73 74 
49 47 49 49 49 48 49 47 49 49 48 48 47 48 47 49 48 48 49 48 
58 67 62 62 59 67 63 66 60 62 64 64 57 65 64 58 59 62 61 65 
70 69 69 68 71 70 70 68 69 73 74 74 73 70 70 74 73 73 73 68 
84 83 83 84 84 84 84 85 83 85 83 84 83 83 85 84 83 83 83 83 
51 54 51 51 53 50 51 50 53 51 52 50 51 52 50 50 51 51 50 54 
45 37 37 43 45 40 44 42 40 37 42 41 41 38 44 38 43 41 42 41 
38 37 38 38 37 37 37 39 38 37 38 38 39 37 38 37 37 38 37 37 
86 88 82 83 79 84 88 80 80 88 82 89 80 87 79 87 89 89 80 80 
74 74 73 74 74 75 74 73 73 73 74 74 74 74 75 75 73 74 74 74 
61 64 63 61 61 63 60 66 62 64 65 59 66 58 66 63 60 61 61 64 
69 70 69 68 70 68 70 68 69 70 70 69 70 69 70 70 70 69 70 70 
54 45 50 48 46 50 50 45 55 47 52 45 51 55 47 50 54 51 48 51 
47 47 43 50 48 51 47 51 43 43 48 44 51 48 47 51 45 47 46 48 
83 82 82 83 82 83 83 81 83 83 82 81 81 83 81 81 81 83 83 83 
59 58 62 60 64 60 63 59 56 56 60 59 61 56 64 58 63 64 63 59 
62 59 63 61 59 65 60 62 62 63 63 65 63 65 62 59 67 62 59 61 
66 65 68 62 67 64 65 67 68 65 62 69 67 68 68 67 68 65 67 63 
57 56 55 55 57 55 57 57 57 57 56 56 57 55 57 55 55 56 56 56 
43 40 42 40 39 39 43 39 39 40 42 39 43 41 43 42 39 41 39 42 
47 44 42 42 47 42 41 43 41 43 43 41 43 42 43 44 44 46 47 44 
68 70 73 75 68 74 67 71 72 69 73 72 67 69 69 71 73 70 70 70 
68 72 72 73 69 66 70 73 69 67 73 68 70 72 66 65 65 72 70 73 
71 73 74 72 70 72 72 74 72 71 70 71 70 72 71 75 75 69 72 74 
72 72 69 72 72 71 71 73 70 68 69 69 76 68 71 72 75 72 69 75 
54 53 51 55 52 52 51 55 53 53 54 54 55 53 51 53 55 54 55 55 
81 81 81 81 80 80 80 80 80 81 79 79 79 79 81 81 79 80 79 81 
80 80 77 80 79 80 78 80 80 79 81 79 77 78 78 77 78 77 81 77 
70 70 65 68 69 64 71 66 72 72 70 72 71 69 68 64 69 71 68 67 
39 39 41 39 41 40 41 40 40 39 40 41 40 41 41 40 39 40 41 40 
85 82 82 85 85 85 81 83 82 84 83 84 81 81 85 82 84 81 83 84 
59 67 68 61 58 60 64 61 66 58 60 66 66 59 68 61 64 58 63 61 
55 55 55 57 57 56 56 56 55 55 56 55 57 56 55 56 57 55 55 56 
41 43 41 42 41 42 43 43 42 42 43 41 43 43 42 41 42 43 41 41 
52 52 57 56 52 56 56 58 56 53 55 52 55 52 58 56 55 57 57 56 
73 74 69 68 70 69 66 71 74 71 71 72 67 67 73 72 73 66 66 68 
79 82 80 78 79 78 78 82 81 78 79 78 78 80 81 81 80 78 81 80 
52 50 52 50 53 49 51 51 51 50 47 50 47 53 48 51 53 53 47 47 
45 49 50 44 42 44 49 50 48 44 44 49 48 48 41 47 49 47 46 44 
80 83 81 81 86 87 80 87 83 78 87 78 78 83 77 86 82 79 83 79 
68 69 68 68 69 68 69 69 69 67 67 68 69 67 67 69 68 68 67 68 
53 52 51 54 54 51 51 55 54 50 50 53 51 50 49 55 50 50 55 52 
46 45 44 39 41 41 45 42 47 45 41 47 44 38 44 42 38 43 41 39 
83 83 82 82 81 82 82 83 83 82 81 82 81 81 83 81 81 83 82 81 
65 67 69 63 63 67 65 64 63 65 66 64 69 68 68 67 69 67 68 66 
68 69 69 70 66 70 69 67 67 66 69 67 69 67 70 67 68 69 70 70 