72 66 67 67 71 70 66 71 72 69 66 68 70 69 69 70 72 70 66 66 
79 78 82 81 80 79 78 79 81 82 83 79 79 84 83 84 84 79 80 79 
22 23 25 25 22 26 24 22 26 26 26 22 25 25 25 24 24 25 24 22 
73 75 73 77 74 75 79 73 78 74 77 76 73 77 76 74 78 77 74 75 
59 66 63 63 62 58 64 66 66 62 58 58 65 64 64 63 62 58 59 60 
37 40 42 39 38 42 40 40 36 41 40 41 36 38 40 40 41 36 38 37 
55 57 58 55 55 57 55 58 59 57 57 57 55 57 58 58 59 56 58 57 
31 31 30 29 29 31 29 30 31 31 30 30 31 30 31 29 31 29 30 30 
63 63 59 59 63 59 63 63 59 59 59 61 60 62 62 62 59 63 59 62 
31 27 24 31 29 31 32 24 29 26 32 24 25 24 30 30 25 24 25 29 
64 62 63 63 63 62 62 63 62 62 62 62 63 64 64 62 64 63 62 63 
58 57 56 63 63 63 60 58 57 58 59 59 55 56 63 56 58 60 62 63 
52 51 52 51 51 52 53 52 53 53 51 53 51 51 51 51 51 52 53 53 
79 80 79 81 75 76 81 76 81 76 81 75 79 76 83 79 78 75 76 82 
27 25 26 30 30 27 30 31 26 25 29 30 30 25 28 25 25 29 31 28 
70 71 70 73 68 65 71 69 69 67 65 72 70 71 71 73 65 69 66 69 
84 74 82 77 74 79 81 84 75 84 78 80 76 84 82 74 78 77 81 83 
29 30 32 28 33 36 28 32 29 36 28 29 28 29 28 32 31 30 35 29 
65 65 66 67 66 66 67 66 67 65 67 65 66 65 66 66 66 66 67 67 
78 76 78 76 77 77 78 76 78 77 78 78 77 77 77 78 78 76 77 77 
33 32 32 32 31 32 33 33 31 31 31 31 31 31 33 33 31 31 32 32 
47 47 47 46 47 46 47 48 48 47 48 47 46 46 48 47 46 48 46 46 
37 36 35 34 34 34 35 36 36 36 36 35 34 36 36 36 37 34 34 33 
58 57 56 59 53 61 56 61 53 58 54 54 57 59 60 55 56 60 58 53 
40 36 44 46 36 36 36 37 36 39 37 38 46 44 45 45 43 38 44 42 
62 63 60 64 63 62 60 63 62 61 60 62 63 64 60 60 60 63 62 63 
23 23 24 23 23 24 23 24 22 23 23 24 24 24 24 23 23 23 22 24 
56 61 63 64 64 59 60 64 56 57 57 57 57 62 56 56 57 64 56 58 
72 75 72 74 74 75 71 74 72 74 75 71 75 74 74 74 73 73 75 75 
82 82 82 76 80 77 78 79 80 77 76 80 82 79 80 80 79 82 81 76 
25 26 33 33 28 27 32 28 26 28 30 31 31 32 33 31 30 26 32 27 
38 38 32 34 33 36 34 34 34 35 35 38 36 32 35 35 38 34 38 38 
46 44 43 44 45 46 44 44 46 44 45 45 45 47 46 44 45 45 43 47 
49 48 48 49 48 50 50 48 47 49 49 49 50 46 50 46 46 48 48 50 
24 29 26 25 28 23 23 27 24 25 25 24 25 26 27 29 25 25 28 26 
24 26 25 24 28 32 28 28 32 27 28 26 24 26 28 34 34 33 24 27 
72 76 77 78 72 79 75 75 79 75 75 79 75 73 74 77 71 75 73 71 
28 20 26 25 27 25 26 28 22 23 22 25 21 24 20 26 26 27 24 24 
80 80 80 80 80 80 78 79 78 78 78 78 80 80 78 80 79 80 80 78 
61 60 65 60 65 60 62 61 63 63 60 61 61 62 65 65 65 65 63 61 
67 68 63 64 61 63 66 62 67 62 66 63 68 67 61 61 62 61 60 61 
78 79 78 79 78 79 77 78 79 77 78 77 79 77 77 77 77 78 77 77 
67 66 66 67 68 68 67 66 66 66 68 68 68 66 67 66 67 67 67 66 
45 44 45 44 44 43 43 44 45 43 44 45 43 43 45 43 43 45 43 43 
39 36 34 40 36 35 35 36 38 36 39 39 37 36 34 38 40 34 36 39 
62 63 67 65 61 65 63 62 63 61 67 63 62 61 62 66 67 67 66 61 
65 64 67 69 70 70 64 69 68 71 62 70 69 70 66 63 62 64 72 71 
35 31 31 29 34 29 32 29 30 31 35 33 31 33 35 32 33 34 35 35 
76 80 83 79 74 77 81 75 81 75 74 75 82 75 81 76 82 82 81 74 
36 35 40 41 37 37 43 43 36 43 36 43 35 42 40 40 38 42 41 38 
68 66 69 66 69 70 69 67 70 68 69 69 66 67 68 66 70 70 67 67 
79 80 80 78 80 80 78 80 78 78 80 79 78 79 78 80 79 79 79 79 
26 26 25 24 25 24 26 25 26 26 26 26 26 26 24 26 25 24 26 26 
57 56 59 57 54 57 61 61 60 51 60 53 56 59 53 53 61 58 55 57 
22 24 22 24 26 26 28 23 28 22 23 26 24 27 27 24 25 23 27 28 
30 31 34 32 28 35 27 32 29 33 27 35 35 30 30 28 29 34 35 27 
33 32 32 33 32 33 32 33 31 31 33 31 32 31 32 33 33 33 32 33 
61 60 61 62 61 61 61 62 60 60 60 61 61 61 62 60 62 60 62 61 
25 27 21 22 27 21 23 27 29 28 27 22 24 27 28 25 27 27 22 27 
46 47 49 54 47 47 46 53 50 46 46 54 47 48 46 49 47 50 46 49 
58 53 57 51 53 52 49 49 50 57 56 58 48 54 53 56 58 54 50 55 
38 38 34 37 35 38 38 38 35 38 38 34 35 38 35 37 38 35 38 38 
49 48 47 49 48 49 47 48 47 47 48 49 47 49 48 48 47 47 49 48 
69 71 69 69 73 70 73 73 70 73 73 69 70 71 70 73 70 70 73 69 
69 69 69 70 70 69 69 69 68 68 70 69 69 70 70 68 70 70 70 69 
42 41 40 42 42 41 40 42 42 42 40 41 40 41 40 41 42 42 42 40 
43 43 46 43 48 48 45 46 45 46 44 44 49 49 43 48 45 45 43 45 
52 53 54 54 56 56 53 54 53 53 55 56 52 52 53 52 54 55 55 55 
61 52 60 55 53 52 55 61 59 54 61 53 53 52 55 54 60 56 57 60 
49 52 53 54 50 50 49 48 50 50 51 52 48 53 54 49 51 50 52 50 
46 48 46 47 46 47 47 48 47 46 47 48 46 48 46 47 48 48 46 47 
33 36 37 35 35 37 34 35 34 35 34 35 32 35 32 34 34 35 37 37 
65 64 64 61 61 65 62 61 61 64 65 65 62 63 61 62 63 62 64 65 
53 55 54 55 53 54 53 54 53 55 54 53 53 55 53 54 54 55 54 54 
72 71 75 69 70 71 69 72 69 73 70 75 69 73 74 73 75 69 70 75 
25 32 25 33 25 33 25 30 26 27 34 27 33 24 26 27 24 32 24 24 
65 63 65 63 63 63 64 63 65 63 65 63 65 65 65 65 65 64 65 65 
54 52 53 53 55 58 57 55 55 57 53 57 52 53 53 54 53 53 57 57 
73 75 75 73 73 74 73 74 73 73 74 75 75 75 74 74 73 73 73 75 
73 75 74 77 77 79 72 76 80 72 73 73 78 77 80 75 75 81 74 74 
44 41 45 44 41 44 47 40 43 45 48 40 46 40 42 42 41 48 48 40 
76 80 76 76 76 79 80 76 76 76 77 76 80 80 80 79 78 79 77 78 
65 64 67 65 69 71 67 69 64 65 66 71 66 69 63 63 71 63 65 66 
71 67 65 71 71 69 66 72 73 65 70 67 67 65 71 65 70 69 72 66 
27 28 28 27 27 27 29 28 28 28 28 28 29 28 27 28 28 27 28 27 
60 61 63 63 59 63 54 55 57 61 60 55 58 55 63 58 61 56 56 58 
52 54 57 57 58 56 57 56 60 56 56 53 57 60 60 60 57 55 53 59 
49 48 49 47 47 47 46 47 48 49 45 49 45 48 46 48 47 49 46 46 
81 80 81 81 81 80 79 81 80 79 79 80 81 80 80 80 80 81 80 80 
75 69 72 72 77 70 72 73 74 75 71 70 75 75 71 76 76 71 72 70 
51 52 52 51 50 50 53 52 51 51 53 51 51 50 52 49 53 50 50 51 
41 40 38 39 38 38 40 42 42 39 38 38 41 38 40 41 42 38 39 38 
58 57 57 57 58 57 59 57 59 57 58 59 58 58 58 59 57 58 57 57 
45 41 43 41 41 44 41 41 46 46 41 47 46 46 42 45 43 44 43 41 
26 23 32 28 28 23 25 23 32 28 24 31 24 28 24 33 26 32 32 30 
46 44 44 45 45 46 44 45 45 45 44 44 46 46 45 44 46 45 45 45 
66 70 71 67 63 62 70 64 67 68 66 62 68 62 67 61 70 67 66 65 
54 55 53 59 59 58 53 56 55 56 59 55 59 57 54 54 59 54 54 57 
30 36 32 30 32 31 36 31 31 33 31 34 33 35 29 28 30 29 34 31 
58 60 59 64 64 59 60 65 58 62 60 66 58 59 65 59 64 64 64 59 