4 8 6 3 6 7 8 9 3 9 3 7 4 4 7 6 6 8 9 8 
28 29 25 28 27 25 27 24 30 29 28 30 30 27 27 29 27 29 29 30 
35 39 37 35 34 36 39 34 35 39 36 39 38 40 38 40 36 38 34 37 
44 47 42 41 44 46 42 47 46 44 44 43 46 45 43 43 41 42 45 41 
74 75 73 68 74 68 76 71 73 68 71 70 72 75 74 72 72 69 72 75 
60 62 59 62 62 56 59 59 56 57 58 60 62 58 58 60 63 57 62 56 
20 20 20 15 11 12 17 21 15 14 17 17 12 12 16 12 16 20 14 20 
53 59 58 53 53 58 57 53 58 55 58 57 54 55 54 57 58 54 57 53 
32 41 32 32 38 41 38 39 38 36 38 35 32 37 32 38 34 40 32 40 
65 66 64 62 62 64 59 65 61 64 66 56 63 62 61 63 66 66 61 59 
23 24 22 24 15 24 22 23 16 25 15 21 24 15 19 17 22 15 15 18 
8 9 2 5 7 2 4 5 2 2 9 5 10 9 4 1 1 9 3 8 
35 34 36 35 36 34 36 35 36 36 34 36 36 34 34 35 35 36 34 36 
73 72 72 72 73 72 73 72 72 72 73 73 72 73 72 71 73 72 72 73 
30 32 33 32 29 30 29 32 31 31 30 33 31 29 30 30 29 32 31 30 
26 26 25 26 25 27 26 27 26 27 27 25 27 27 27 26 26 25 26 25 
25 25 25 25 23 23 24 25 24 25 24 27 25 24 25 23 25 25 26 26 
14 15 16 18 19 14 14 13 15 14 17 18 16 19 13 15 18 17 13 18 
23 24 15 24 22 15 22 22 19 25 21 21 19 25 20 25 15 21 18 16 
39 38 40 38 41 43 44 43 41 36 42 40 37 42 38 36 42 42 40 42 
69 68 69 68 69 69 69 67 67 67 69 68 69 69 68 67 69 68 69 67 
39 38 40 39 37 38 38 39 41 43 42 40 42 39 41 37 41 38 42 40 
55 54 50 51 53 50 54 51 55 52 56 52 52 52 50 54 56 54 53 56 
70 70 64 68 71 64 69 65 72 72 68 64 73 68 73 68 71 71 64 66 
59 63 59 60 63 61 62 57 62 62 60 62 58 63 60 59 58 60 58 57 
51 50 54 50 53 52 53 52 52 54 51 52 52 52 50 53 50 54 53 54 
58 55 55 60 55 58 59 58 57 57 58 58 58 57 56 54 55 55 60 60 
24 22 27 23 28 27 25 21 25 25 25 29 26 27 29 24 25 28 29 27 
61 62 65 62 62 60 59 65 65 65 61 62 65 59 64 62 65 59 60 62 
51 49 52 50 50 53 49 51 50 53 51 51 52 51 50 53 51 51 52 50 
23 21 22 20 20 22 24 23 25 23 19 20 23 23 22 20 20 22 24 23 
17 18 22 19 20 14 20 14 17 13 16 12 22 13 15 18 12 16 17 17 
74 71 73 71 73 73 72 71 71 75 72 75 73 75 74 75 71 73 75 75 
13 15 13 15 13 14 15 13 14 13 14 14 14 13 14 15 15 14 14 13 
15 16 10 12 8 16 14 10 8 11 12 8 10 14 10 8 12 10 8 14 
13 14 14 13 12 14 12 13 13 13 14 14 13 13 13 13 13 14 14 12 
21 26 21 16 21 20 19 19 21 22 22 26 16 21 20 21 19 19 19 23 
21 17 20 19 20 20 17 17 19 21 21 21 16 18 20 16 22 21 22 19 
27 24 21 21 22 22 20 24 24 27 26 23 28 21 28 26 24 27 22 20 
73 70 74 73 73 70 73 70 70 74 71 71 72 73 74 74 71 73 71 73 
45 36 36 39 44 37 39 35 39 41 41 45 43 38 37 41 35 44 41 39 
39 37 37 36 36 39 37 39 36 36 40 37 39 38 37 39 39 37 38 39 
34 40 41 40 39 41 39 38 34 38 37 35 34 41 39 38 38 39 37 35 
65 64 65 66 66 64 65 66 64 64 64 65 66 65 64 65 66 66 66 66 
62 63 64 63 63 64 64 64 63 64 62 64 64 63 63 62 64 64 62 62 
26 24 25 25 25 26 24 25 26 24 25 25 24 26 24 24 26 25 26 25 
10 7 7 11 12 7 6 9 9 11 12 10 11 12 7 6 6 9 10 9 
21 21 21 25 27 24 26 27 25 24 22 25 21 21 24 25 22 21 25 23 
55 55 57 55 56 55 56 57 56 55 55 55 56 57 55 57 55 56 55 55 
73 72 72 73 73 74 72 73 72 72 72 72 73 73 74 73 74 73 72 73 
20 19 11 12 19 18 10 12 15 17 11 15 14 12 12 16 17 20 17 11 
30 28 28 32 30 29 30 31 29 31 30 31 32 29 28 28 28 30 31 28 
36 35 34 36 31 30 31 33 30 30 33 38 38 32 38 32 31 38 32 32 
4 7 5 4 7 8 7 4 5 8 5 5 4 5 6 4 4 5 5 5 
45 48 46 46 44 47 48 46 46 48 46 47 46 46 45 48 45 48 45 44 
50 49 52 52 46 52 52 48 50 52 49 52 47 51 52 46 47 49 46 46 
61 65 68 68 67 65 69 67 62 63 68 66 67 67 66 64 69 64 67 68 
20 20 23 22 22 22 17 15 21 22 17 21 23 15 15 22 16 23 20 23 
50 55 53 48 55 52 54 51 51 53 48 49 51 58 52 56 48 56 50 52 
33 31 31 33 31 33 33 33 32 32 32 31 31 32 33 31 30 30 32 33 
19 11 16 15 19 17 15 19 12 16 16 16 19 20 11 20 12 15 13 15 
63 64 62 63 62 62 64 63 62 64 64 63 63 63 63 64 63 62 64 63 
24 17 23 22 25 25 23 22 21 19 23 18 20 20 20 18 19 21 20 17 
5 5 7 10 6 4 4 5 5 4 4 10 10 11 7 5 10 4 8 7 
6 6 9 10 7 10 6 10 6 7 7 6 10 7 8 7 6 7 10 9 
61 64 64 60 62 65 61 66 64 66 63 61 63 61 65 66 60 66 62 65 
67 70 66 66 69 70 68 64 70 65 65 69 67 69 65 64 66 64 65 65 
75 69 67 75 67 66 66 65 71 75 74 69 73 72 68 65 74 70 74 73 
15 15 13 16 18 14 17 17 12 15 18 16 12 14 16 12 17 18 12 14 
60 66 68 63 65 62 63 68 58 62 66 66 62 61 58 59 60 61 66 61 
33 26 28 29 34 34 28 26 26 35 33 28 27 33 34 35 35 28 36 32 
49 52 54 47 52 55 51 54 49 53 55 51 48 55 53 54 47 49 50 49 
6 10 4 9 10 9 3 4 4 5 4 6 8 10 7 4 3 8 11 6 
11 15 8 14 10 9 14 12 10 11 11 9 16 13 12 16 8 16 14 10 
43 39 41 41 43 44 45 45 40 44 39 42 43 45 47 40 40 47 41 44 
67 66 65 61 66 66 65 63 65 62 64 66 67 66 65 65 63 67 65 63 
70 73 73 71 73 72 70 70 74 72 72 71 72 74 71 71 73 73 74 73 
43 35 43 38 39 42 39 42 41 42 40 41 38 36 40 39 36 38 35 39 
58 58 59 60 58 59 59 60 58 59 59 60 60 58 58 60 60 59 60 60 
69 66 67 67 66 67 67 67 66 70 67 66 69 68 68 69 68 69 66 69 
15 15 15 17 17 17 17 15 16 16 17 17 15 16 16 16 17 16 16 16 
34 34 36 32 36 35 36 32 35 35 33 33 32 34 35 36 32 34 33 36 
52 47 52 46 45 44 47 47 50 49 46 50 46 48 51 47 50 44 51 47 
32 32 33 31 31 33 31 31 31 31 32 33 32 33 31 31 33 32 32 31 
65 64 66 65 62 64 63 59 60 69 66 66 64 69 67 69 60 66 59 61 
62 61 65 62 67 63 61 67 64 63 65 65 64 63 65 64 64 63 61 65 
30 31 31 31 31 32 30 32 30 30 30 32 30 31 32 32 30 31 32 30 
44 46 46 45 45 46 45 44 44 45 46 45 46 46 44 45 44 46 44 44 
61 62 60 59 52 54 55 60 58 53 55 60 56 59 55 62 60 54 61 61 
62 66 67 62 66 61 63 65 63 59 64 61 62 63 63 66 62 64 62 61 
42 39 40 38 40 40 38 39 41 40 38 36 40 42 42 36 39 36 36 36 
59 56 56 57 60 60 57 60 58 56 59 57 60 59 60 60 58 60 57 58 
47 42 47 45 44 44 41 44 44 47 45 41 41 47 45 46 41 44 42 44 
41 43 49 44 45 41 46 48 44 45 48 49 45 49 47 43 45 48 48 46 
23 25 21 21 25 22 23 24 24 25 22 22 25 23 21 24 23 23 21 21 
61 66 61 67 67 62 64 60 68 63 63 64 66 65 61 67 68 63 65 66 
23 22 22 21 23 21 23 21 22 22 21 23 23 21 21 21 21 21 21 22 
59 60 57 60 65 63 64 64 59 60 59 65 58 63 59 58 58 64 65 62 
13 14 15 13 14 13 15 15 13 15 14 14 13 13 15 15 15 15 15 15 
35 35 35 37 41 34 34 36 39 40 40 37 38 37 33 40 40 36 33 36 