37 38 40 41 37 39 37 35 37 36 35 35 40 35 40 38 35 35 40 38 
68 71 72 71 71 68 73 74 68 73 72 72 71 74 68 70 68 68 68 73 
88 89 88 90 91 92 87 92 89 91 91 88 90 87 89 88 86 91 90 92 
37 35 35 36 36 37 36 36 37 36 35 35 35 36 35 35 35 36 37 36 
37 41 40 39 43 43 36 42 37 39 42 39 36 42 40 37 38 37 42 37 
47 48 47 38 39 39 39 39 38 43 46 41 42 40 48 40 47 39 48 46 
77 74 80 79 80 78 80 73 79 73 77 77 72 78 75 77 72 75 79 73 
43 45 45 43 45 45 43 44 45 45 45 45 45 44 45 43 45 44 44 44 
37 35 36 35 38 40 37 39 36 41 36 36 35 38 38 39 39 40 36 35 
64 59 58 59 59 62 60 61 57 56 64 54 56 55 57 61 62 63 63 64 
78 75 79 73 73 74 74 80 80 78 71 71 72 74 80 74 77 75 77 72 
44 46 45 44 46 46 45 47 44 44 45 46 48 46 48 44 47 44 48 46 
47 48 46 48 47 48 46 46 46 48 47 48 47 46 48 46 48 46 47 46 
14 15 17 15 19 19 20 18 14 14 14 17 16 19 15 18 17 18 19 20 
67 67 69 69 68 66 68 68 68 69 69 70 67 67 66 68 66 69 66 66 
80 84 84 79 81 82 81 80 83 83 83 80 86 85 81 81 87 86 84 79 
69 69 67 68 67 68 69 68 67 69 67 69 68 68 69 69 68 67 67 67 
28 29 30 29 28 30 29 30 30 30 27 28 31 30 32 26 27 26 28 27 
71 72 71 76 75 71 70 76 68 76 69 68 71 75 73 70 71 74 74 71 
23 24 27 24 26 24 23 24 25 25 26 27 26 23 23 24 26 24 25 23 
70 70 68 70 69 68 68 69 69 70 68 70 69 69 70 70 69 70 68 70 
65 70 65 67 66 63 60 70 63 65 66 66 64 65 65 68 61 67 65 67 
33 33 34 28 35 35 35 32 36 36 29 29 32 36 31 34 36 36 33 35 
40 43 43 37 37 36 41 39 39 45 41 45 36 37 45 39 46 40 40 38 
40 43 43 39 43 40 40 39 41 40 42 41 41 39 39 43 42 42 42 41 
70 71 73 72 72 72 70 71 71 73 73 72 70 71 70 71 70 74 70 70 
57 52 56 55 58 56 53 55 57 57 60 55 57 52 52 57 60 60 55 52 
93 93 92 91 93 88 91 89 94 93 94 93 94 93 93 93 92 92 93 89 
79 78 81 79 77 81 76 77 80 76 81 76 76 79 76 79 79 82 82 77 
41 44 43 48 42 47 49 47 51 46 49 45 47 46 49 44 46 44 47 46 
47 49 45 47 46 49 50 51 49 51 49 50 48 48 45 49 51 51 50 51 
27 28 31 27 28 31 28 27 30 31 28 28 28 27 27 30 28 29 27 27 
64 65 65 64 63 63 62 64 62 62 62 62 63 65 64 62 64 64 64 65 
85 79 78 80 85 81 82 84 84 83 82 83 81 79 78 81 80 81 84 81 
30 29 29 31 30 31 30 31 31 29 31 31 29 31 31 30 30 29 30 31 
30 26 28 30 26 29 26 27 26 29 26 29 30 28 30 26 30 29 28 30 
65 63 63 64 65 65 63 63 63 65 64 63 64 65 64 64 64 63 63 63 
49 44 49 45 46 49 50 46 48 53 46 53 50 45 43 47 45 52 45 49 
67 65 66 67 67 67 67 66 67 66 65 66 67 66 67 66 66 67 67 67 
38 38 39 38 39 40 38 40 40 40 39 38 40 38 40 40 40 39 40 38 
41 41 43 41 42 41 41 43 43 43 42 42 42 43 41 43 43 42 41 43 
24 24 24 21 21 21 20 18 20 24 22 22 20 22 20 19 24 23 22 18 
34 32 34 32 33 32 34 32 33 34 32 33 33 33 34 32 34 34 33 33 
45 47 46 45 46 46 47 45 46 46 45 45 47 47 46 47 47 46 45 46 
51 53 48 45 52 53 52 46 52 51 49 55 49 51 54 50 52 48 55 50 
85 89 82 86 89 83 88 86 82 82 84 88 83 86 90 85 86 85 88 89 
49 45 49 49 45 48 49 46 46 48 49 46 49 45 45 49 45 48 47 45 
47 51 51 47 52 52 46 51 47 50 49 50 51 49 52 51 52 48 49 52 
58 61 60 59 57 61 57 57 59 57 57 57 59 59 58 60 58 61 60 61 
73 70 74 69 72 68 68 68 75 69 69 70 74 68 75 68 70 69 73 74 
59 60 60 58 57 60 59 58 57 63 60 58 62 58 63 57 60 57 57 63 
79 75 74 78 74 80 79 78 78 76 75 81 80 76 82 77 80 79 81 80 
79 78 78 77 77 81 80 79 79 78 81 78 81 80 80 80 81 80 80 81 
56 58 57 57 58 53 54 53 58 56 56 56 57 58 55 52 53 52 54 57 
29 32 26 31 33 33 34 35 26 33 32 35 31 27 25 30 26 33 33 30 
31 30 31 28 27 31 30 27 31 27 31 30 29 27 29 27 27 27 28 27 
62 63 60 65 60 62 62 63 60 62 66 60 65 62 65 66 66 66 60 65 
79 75 77 79 76 76 75 77 76 76 76 79 75 77 77 76 77 79 76 76 
48 47 48 44 47 47 48 44 47 44 45 44 45 45 44 48 45 48 45 44 
41 42 41 44 40 41 41 44 42 39 47 43 42 44 40 42 47 44 47 40 
82 82 77 81 76 84 82 79 76 77 78 76 81 77 83 86 79 78 78 76 
49 56 51 59 57 56 58 50 59 49 58 56 52 51 57 58 50 50 58 51 
22 20 19 19 19 18 19 22 22 19 21 20 21 22 19 21 20 22 18 21 
37 38 36 38 38 36 37 37 36 37 37 37 37 37 37 37 36 38 36 38 
43 44 38 42 44 39 41 38 38 39 44 42 39 44 38 41 41 44 44 43 
47 47 45 46 47 45 46 47 46 45 47 47 47 47 47 46 45 45 47 46 
51 51 47 50 50 51 51 49 49 50 47 49 47 50 48 49 48 50 48 47 
48 46 48 45 46 45 43 46 48 47 43 49 45 45 44 43 45 44 43 48 
71 71 74 71 74 74 72 74 73 75 75 71 75 74 75 75 75 73 73 75 
31 38 30 29 39 33 36 36 35 32 30 39 36 38 31 29 29 32 39 32 
43 43 44 43 43 40 49 41 45 43 40 46 40 46 43 41 50 47 46 48 
26 29 32 30 32 23 29 23 24 23 28 30 26 28 27 26 31 24 23 30 
48 48 47 46 47 47 48 46 46 48 47 48 48 46 48 46 48 48 46 48 
70 70 69 69 68 71 67 69 69 67 67 68 71 68 72 69 71 67 70 66 
39 41 40 40 41 41 38 41 38 39 43 42 42 39 42 41 40 40 39 38 
66 66 64 64 65 65 64 64 66 64 64 64 64 65 64 64 66 64 64 66 
37 35 37 35 34 41 39 33 40 39 34 35 35 33 33 37 38 39 39 38 
51 57 55 52 52 53 49 50 57 56 57 53 55 48 57 54 48 51 51 48 
70 70 70 71 70 70 71 70 70 70 71 72 72 70 72 70 71 71 71 70 
87 91 90 87 92 92 90 85 89 93 89 93 91 88 86 87 90 89 85 87 
94 94 93 89 89 88 92 89 92 92 90 91 91 93 91 93 91 89 94 94 
92 87 91 92 89 91 92 87 87 89 86 88 88 87 89 92 91 87 87 88 
57 58 56 54 59 54 54 53 55 53 54 58 54 55 58 58 58 54 56 57 
17 18 17 20 19 17 17 17 17 16 19 18 17 19 19 18 20 20 16 20 
68 66 66 62 65 68 62 65 68 65 68 62 62 63 64 65 66 64 67 64 
28 25 26 26 25 28 25 27 27 24 27 24 27 26 26 26 25 26 27 28 
33 34 32 32 31 32 34 35 33 31 33 33 35 35 33 34 35 34 34 32 
76 77 76 77 77 75 76 75 77 77 77 75 76 77 76 75 77 76 76 76 
64 59 62 61 59 64 61 63 62 58 63 65 57 57 58 60 65 61 57 60 
79 85 82 83 85 81 83 87 83 82 86 82 80 81 85 86 79 86 82 82 
55 64 58 55 62 62 59 55 61 59 61 60 59 55 62 54 63 63 62 61 
37 37 34 37 40 37 35 34 34 34 36 37 34 37 37 34 36 38 34 34 
60 61 62 62 61 60 61 62 60 61 62 60 62 61 62 61 60 61 60 61 
80 78 80 82 84 79 74 79 84 76 81 74 75 75 78 83 80 75 77 75 
52 52 51 53 48 52 52 49 52 50 52 53 52 50 49 51 51 49 49 50 
45 44 43 44 43 46 47 45 45 45 46 47 44 44 47 46 47 44 47 43 
79 75 79 79 76 79 78 79 77 77 78 78 79 76 77 77 78 77 78 79 
22 23 22 24 24 23 24 22 22 22 24 23 23 24 22 22 23 23 23 23 
27 22 22 27 25 28 27 22 23 23 27 28 28 24 23 24 23 24 22 28 
38 37 38 36 35 36 34 42 37 36 37 34 35 42 36 39 41 35 36 39 