12 9 9 8 7 12 9 12 11 11 12 8 8 9 6 8 11 10 9 12 
62 60 59 59 60 62 58 56 60 55 62 55 63 56 57 62 62 56 59 60 
18 18 18 15 23 22 18 21 18 19 15 20 17 15 23 18 22 21 19 22 
74 78 78 76 77 77 74 80 74 77 79 74 76 76 78 74 76 75 78 75 
49 48 48 50 49 49 50 49 50 50 49 50 49 49 50 50 48 48 50 49 
37 40 35 36 36 32 36 32 39 34 38 38 33 39 35 34 32 40 39 32 
61 58 60 61 60 61 59 57 59 61 59 61 60 60 60 60 59 57 59 61 
97 89 89 97 93 96 97 97 89 87 87 92 97 95 96 92 96 95 87 93 
56 63 63 59 56 61 57 55 55 59 55 55 56 58 60 61 56 62 59 60 
77 76 76 76 78 77 77 77 77 77 77 76 78 77 76 78 76 76 78 76 
40 40 41 40 37 39 39 38 37 39 37 40 41 40 38 38 38 38 38 38 
16 11 14 6 15 10 9 10 14 10 10 15 7 12 12 12 12 6 16 16 
80 80 78 78 76 78 76 78 78 80 78 78 79 79 77 76 77 77 78 76 
21 25 20 17 17 26 23 23 17 19 20 20 17 20 20 23 18 26 21 18 
39 38 39 40 39 40 39 38 39 39 39 40 40 38 39 38 38 38 40 39 
56 57 55 61 61 59 57 56 58 56 57 60 56 56 61 58 59 60 55 61 
84 85 84 85 85 85 85 83 84 84 84 83 85 83 85 84 85 83 84 85 
95 92 96 96 93 94 95 92 93 96 92 95 92 92 96 92 93 96 96 96 
54 51 52 54 52 50 54 52 51 53 51 51 51 53 53 51 51 53 54 52 
64 61 58 55 55 63 61 63 63 61 58 65 58 58 60 61 60 65 55 60 
39 38 36 38 44 41 39 39 42 42 41 43 44 37 43 40 42 40 38 37 
46 54 54 48 52 54 49 46 52 53 49 54 53 48 48 49 53 54 52 47 
69 70 73 74 74 69 74 73 69 69 74 70 68 72 68 68 69 72 68 72 
34 36 37 34 29 33 32 37 33 35 31 36 36 34 30 31 31 34 38 33 
83 76 79 81 83 76 81 79 80 78 76 77 78 76 85 84 76 80 80 76 
11 11 10 10 14 8 14 8 16 8 17 8 12 8 14 11 9 17 15 11 
33 36 33 39 41 43 43 37 40 40 41 33 43 38 35 37 39 33 37 36 
48 47 47 42 47 47 48 46 45 42 47 43 38 47 42 45 45 42 45 39 
63 63 64 63 64 61 61 60 65 63 60 66 60 65 64 61 62 60 62 65 
80 75 74 81 79 81 80 75 74 79 76 73 78 81 74 74 81 78 77 75 
65 67 66 66 67 67 64 70 65 69 68 68 70 65 70 70 69 66 65 68 
49 53 54 47 52 56 48 51 55 52 56 47 51 48 51 49 54 47 49 55 
14 13 14 14 13 13 13 15 15 15 14 15 15 15 14 15 15 14 13 14 
90 82 85 88 85 86 86 85 90 90 89 85 84 90 85 86 85 84 84 81 
81 85 86 85 85 80 84 82 81 83 81 86 80 86 81 82 86 86 81 86 
73 77 75 74 73 80 83 80 79 74 75 79 80 76 78 75 81 76 73 83 
52 51 46 50 49 54 52 50 54 54 52 52 54 50 50 49 46 48 51 46 
46 52 47 49 52 47 52 50 47 50 53 54 47 47 52 50 51 50 54 53 
40 46 42 40 44 47 40 46 46 48 44 41 40 40 47 42 48 42 42 46 
77 75 79 79 75 73 73 77 75 74 78 76 78 77 77 78 76 75 73 78 
59 59 59 57 58 57 58 57 57 58 59 59 58 59 57 58 58 57 59 59 
68 70 71 71 67 68 65 67 63 68 70 65 68 63 66 65 64 69 71 68 
47 38 47 40 41 40 46 40 42 48 46 43 39 42 46 39 40 40 47 39 
75 75 74 77 73 74 76 76 74 74 76 73 76 73 75 76 76 74 73 73 
16 8 17 11 8 12 10 10 13 18 13 13 15 18 13 17 12 12 12 16 
19 15 18 18 18 16 19 17 17 19 16 19 15 19 18 19 18 16 16 18 
63 59 61 61 61 60 63 63 63 62 60 61 63 60 60 59 61 62 59 62 
10 5 5 11 12 5 10 10 10 12 5 6 9 10 8 7 12 5 8 6 
20 18 18 18 19 20 18 18 20 19 18 20 19 20 19 18 19 19 18 18 
87 95 95 89 94 92 89 91 94 93 88 95 89 91 91 94 90 89 91 94 
53 52 53 52 51 52 51 52 53 52 52 53 52 52 52 52 52 53 51 53 
33 34 32 33 32 28 34 32 33 34 33 34 30 29 30 30 32 34 33 29 
17 13 13 16 15 11 15 16 16 13 12 13 14 14 13 17 13 18 11 12 
80 75 74 79 75 75 78 79 76 80 74 75 78 75 75 75 74 79 77 79 
45 45 49 46 46 49 48 46 49 48 45 48 48 46 46 45 45 48 47 49 
14 8 8 9 13 11 18 13 10 18 13 9 9 17 15 11 8 12 10 16 
23 23 23 24 25 23 24 28 23 24 31 29 25 29 27 27 29 25 23 31 
75 66 74 71 67 70 69 67 69 75 72 72 66 75 75 72 73 68 71 73 
50 43 51 49 50 46 49 50 48 44 50 48 46 48 51 51 50 46 46 50 
50 52 51 50 52 51 50 51 50 52 51 51 50 50 50 51 52 52 52 51 
30 29 31 29 31 31 31 31 31 31 30 30 29 30 29 30 30 30 31 29 
66 66 65 65 67 65 66 65 67 67 65 66 67 65 67 66 67 65 66 67 
54 49 49 53 54 49 52 49 53 52 48 51 53 48 52 51 52 48 53 48 
32 32 36 33 33 35 35 34 34 32 32 32 32 33 32 35 33 35 35 34 
61 59 62 56 56 55 61 60 60 61 62 63 60 59 53 63 63 55 56 59 
9 10 10 9 11 10 10 11 11 9 9 11 9 9 11 9 10 10 11 11 
49 59 50 54 53 52 58 49 58 49 57 56 53 55 49 57 58 53 50 58 
68 68 68 67 69 68 69 67 67 69 67 68 68 69 67 67 68 68 68 69 
39 41 41 40 39 41 41 40 40 39 40 39 41 41 39 41 40 39 39 40 
23 23 22 25 25 24 22 26 31 28 22 23 22 25 22 22 28 29 28 24 
27 27 29 28 28 29 27 29 29 27 29 29 29 29 27 29 29 27 29 29 
70 77 78 70 75 75 75 78 76 70 77 72 76 71 77 78 73 72 72 73 
67 65 67 66 67 65 66 66 66 66 67 65 65 65 65 66 65 67 65 65 
16 17 17 16 17 16 17 18 17 17 16 17 16 17 16 16 16 17 17 18 
9 7 6 6 9 8 5 9 5 8 8 8 7 9 5 8 9 9 7 7 
11 8 10 8 9 11 8 9 10 8 9 12 12 9 12 12 8 10 12 10 
35 34 34 34 35 35 35 33 33 34 33 33 34 33 34 34 34 34 33 34 
33 33 32 32 34 32 33 34 34 32 32 32 33 34 34 32 32 33 33 32 
84 83 86 86 86 82 83 80 80 81 85 83 86 86 80 85 84 82 82 80 
53 52 53 54 55 51 52 52 54 52 55 51 51 52 54 55 55 53 51 52 
46 45 46 47 47 45 47 47 46 46 45 46 45 47 45 45 46 47 47 45 
6 7 8 6 5 8 7 7 7 9 8 9 6 8 5 7 5 8 7 8 
59 65 63 65 64 59 65 61 62 61 65 62 63 61 60 63 65 61 60 62 
75 71 71 73 75 71 75 73 74 77 76 67 69 76 74 69 71 77 67 72 
75 77 78 74 77 72 77 76 78 73 78 77 78 78 76 76 75 74 76 76 
23 23 23 26 25 24 25 24 23 25 26 24 23 24 24 24 23 25 24 26 
39 43 44 37 35 36 45 43 35 40 42 39 44 39 38 38 42 35 43 42 
11 12 11 13 10 11 14 14 11 12 14 13 13 13 10 12 14 13 12 11 
21 21 21 21 18 21 22 20 20 22 19 20 20 19 21 19 22 20 22 18 
12 11 8 9 5 5 12 12 5 10 9 12 11 11 6 12 5 5 11 6 
18 20 19 19 20 20 19 20 19 20 19 18 20 20 20 19 18 18 18 19 
30 31 29 29 32 29 28 29 29 32 29 29 31 30 31 29 28 31 29 28 
93 95 92 96 95 95 92 92 92 94 96 92 93 92 93 96 93 93 96 94 
31 31 28 27 25 25 30 29 25 30 30 31 31 27 28 29 28 28 25 31 
87 88 87 87 88 84 84 85 87 87 86 84 88 86 84 87 86 87 88 86 
47 50 49 49 49 41 47 42 42 46 47 43 40 50 43 49 46 46 43 50 
42 40 40 40 39 42 42 42 39 41 42 43 43 40 40 43 40 41 43 39 
74 69 72 72 75 75 69 69 74 69 73 71 69 69 72 69 70 75 71 70 
69 66 68 70 70 68 64 63 65 66 68 66 67 64 68 69 65 70 62 69 
34 32 34 32 34 33 33 33 32 34 32 34 33 34 32 33 32 32 32 34 