82 95 88 63 93 65 49 50 7 52 19 1 50 94 81 32 95 1 35 27 
80 95 87 71 91 65 56 51 7 49 20 4 52 96 78 26 98 1 37 26 
81 95 88 66 91 66 47 49 7 52 17 1 50 91 84 28 95 1 40 22 
78 96 88 69 90 66 55 49 7 57 22 2 50 96 84 28 93 1 41 26 
77 95 88 70 94 61 52 51 7 49 22 1 51 94 79 32 93 1 35 27 
82 95 86 65 86 57 46 49 8 51 22 1 51 91 82 28 99 1 42 25 
75 95 86 66 86 63 54 51 8 51 23 5 50 96 82 26 99 2 37 23 
76 95 88 69 90 66 46 49 6 53 19 1 52 95 77 31 96 1 34 27 
80 94 88 69 93 67 51 50 6 51 19 1 52 94 81 28 95 1 36 20 
83 94 87 70 90 67 53 51 7 57 18 1 51 96 81 34 97 4 37 22 
80 95 88 67 86 65 52 50 6 54 21 1 51 97 83 31 99 1 39 25 
79 96 86 63 91 61 50 50 8 52 19 1 51 93 83 32 93 2 40 23 
83 94 86 72 94 57 49 50 7 51 20 1 52 91 79 32 95 1 39 22 
79 94 88 65 92 64 54 51 7 51 22 1 51 96 79 27 95 3 41 22 
76 96 88 73 91 62 47 50 7 51 21 2 50 96 82 28 94 1 41 26 
76 96 84 63 92 67 56 50 6 55 23 1 51 92 84 33 96 1 36 19 
81 95 85 65 93 67 52 50 6 53 21 1 51 91 80 30 94 2 35 22 
80 94 87 66 92 64 47 50 7 49 22 1 51 93 83 34 99 2 40 19 
82 96 84 69 91 59 48 49 7 54 21 1 50 92 77 34 98 2 41 27 
80 95 84 67 92 60 49 49 6 54 22 2 52 97 83 33 93 1 42 27 
82 94 86 63 93 57 47 49 7 57 23 1 52 91 83 29 97 4 38 27 
76 94 86 63 95 61 56 50 7 55 21 5 50 93 78 27 99 4 42 25 
79 95 88 63 89 57 55 51 7 49 19 2 50 98 80 33 98 1 37 20 
80 95 87 73 91 58 48 49 6 50 21 1 50 95 84 30 93 1 39 23 
82 95 86 72 85 65 55 49 7 55 22 1 51 91 84 28 94 2 42 24 
78 94 87 63 93 57 47 49 7 54 23 2 51 91 78 28 98 1 35 17 
79 95 87 64 85 64 46 49 8 56 20 2 51 97 84 28 95 1 42 21 
82 96 88 65 92 58 50 50 6 52 18 3 50 99 84 34 95 3 40 27 
80 96 84 69 85 61 46 49 7 55 20 5 50 91 78 33 95 1 42 20 
80 94 84 70 85 60 49 50 8 55 19 1 52 98 82 33 95 3 36 25 
79 96 86 66 93 65 47 49 7 52 20 3 51 96 82 31 99 1 36 20 
81 95 85 65 85 67 46 50 6 54 20 1 51 93 76 26 97 1 38 25 
79 95 85 63 91 62 51 49 8 56 18 3 50 92 80 26 95 2 42 19 
79 96 88 69 88 58 52 49 8 50 23 3 50 95 84 30 97 4 38 26 
80 96 85 67 86 60 48 49 7 50 19 1 52 98 80 33 97 1 40 18 
77 96 86 68 86 59 56 49 8 56 19 5 50 97 82 34 94 1 40 25 
79 94 87 66 86 66 54 49 7 51 20 1 52 94 83 32 97 1 35 22 
79 94 87 72 88 61 51 49 8 54 23 1 51 95 79 31 97 4 34 26 
82 95 87 69 87 67 46 50 8 49 17 1 51 94 82 29 98 1 42 17 
78 95 84 65 88 66 50 51 8 50 22 1 51 98 77 31 96 1 41 18 
79 94 88 72 90 63 54 50 6 49 20 3 50 93 76 29 97 1 41 24 
75 95 86 71 87 59 52 50 6 49 23 1 50 94 84 34 97 1 37 18 
77 95 86 72 93 65 51 49 6 57 18 1 52 97 81 28 94 1 34 17 
81 95 85 64 95 60 47 50 7 52 17 1 50 93 77 28 95 2 41 20 
81 94 84 64 94 67 54 51 8 50 22 1 50 97 82 32 97 4 34 21 
75 94 88 72 87 63 55 51 6 54 21 1 51 92 80 28 95 1 34 18 
79 95 84 72 91 57 52 49 7 55 19 1 50 99 76 29 97 1 34 17 
75 94 88 71 85 62 53 50 8 52 20 1 50 98 77 30 95 1 36 19 
80 95 87 73 89 62 47 51 6 56 20 3 50 96 82 33 95 4 38 18 
82 96 88 69 87 62 50 49 6 51 17 1 50 97 79 27 93 1 41 25 
81 95 86 71 93 64 52 50 6 53 17 1 50 98 83 26 94 1 34 22 
80 95 84 70 92 63 51 49 7 55 20 4 51 94 76 31 99 4 36 22 
79 96 84 71 93 59 48 51 7 54 18 5 51 96 81 34 96 3 36 22 
78 96 86 66 88 57 50 51 7 55 17 1 50 97 83 30 98 4 40 27 
81 95 85 71 92 67 47 51 6 54 21 4 52 91 83 29 99 4 39 23 
79 96 88 66 90 58 48 51 8 49 21 1 52 98 79 26 95 1 37 26 
76 94 87 71 86 58 53 49 6 53 23 1 52 95 83 27 96 1 40 19 
78 96 85 67 87 66 46 50 7 53 21 1 51 93 80 32 99 1 39 26 
77 94 86 65 89 57 47 49 8 53 23 2 51 94 76 29 98 3 35 22 
81 96 85 72 88 61 47 51 8 55 21 1 52 92 77 32 94 1 35 27 
82 94 86 69 92 61 50 50 8 51 18 2 51 96 83 32 98 4 42 22 
82 96 85 70 90 61 50 51 6 57 23 3 50 95 76 26 96 2 38 24 
79 95 86 68 90 65 53 51 6 49 22 5 52 99 80 33 98 1 41 18 
75 94 85 63 92 57 50 49 6 50 18 1 50 99 79 32 95 1 42 25 
80 95 85 68 85 61 49 51 7 50 17 1 52 97 79 30 94 1 35 22 
76 95 86 66 88 58 46 50 7 51 19 1 52 98 77 32 99 1 38 22 
82 94 88 70 87 65 54 49 6 55 22 1 51 99 78 27 94 3 37 23 
81 95 86 72 87 57 47 49 7 57 17 5 51 94 77 30 93 4 34 22 
78 94 86 64 88 67 46 50 7 54 19 1 50 91 80 32 94 1 41 23 
79 96 88 65 85 64 46 50 7 51 22 1 52 92 82 33 98 1 41 21 
81 95 85 68 89 64 55 50 8 53 20 1 50 97 78 33 97 3 37 27 
79 96 87 63 86 62 55 49 6 52 20 1 51 99 81 32 94 4 42 20 
82 96 87 70 85 67 49 51 6 55 19 4 51 93 83 30 93 2 37 21 
75 95 87 70 86 63 49 50 8 57 18 1 50 92 81 28 95 1 42 18 
80 96 84 70 89 57 46 50 6 56 23 1 50 98 83 26 94 3 34 23 
76 94 88 70 86 61 50 51 6 51 21 3 52 91 83 34 93 1 35 26 
83 94 84 67 90 67 51 51 8 51 18 2 51 91 76 29 96 1 34 20 
75 94 87 67 92 58 55 51 8 56 20 1 51 97 79 28 93 1 41 22 
78 94 86 72 91 66 47 49 7 55 23 1 50 99 80 28 99 1 40 23 
78 96 88 73 88 59 56 51 7 54 20 3 51 98 83 30 95 1 36 25 
77 95 87 64 89 58 54 50 7 51 21 5 51 99 81 33 93 1 41 22 
80 95 84 69 86 58 46 50 7 49 23 1 52 96 84 34 94 1 41 26 
77 96 87 69 88 63 56 50 6 53 17 1 50 94 79 32 93 1 40 25 
82 94 86 67 95 65 48 49 7 56 20 4 52 93 78 32 94 1 40 25 
75 96 88 63 91 66 47 50 6 55 22 1 51 95 81 32 93 1 37 17 
80 94 87 69 85 67 47 49 6 49 17 4 50 98 76 34 96 1 38 18 
82 94 84 73 85 58 49 49 8 51 23 1 52 93 80 32 95 1 35 19 
75 95 88 64 92 61 49 51 8 51 18 1 52 98 76 26 96 3 42 22 
79 95 84 68 93 67 53 50 8 55 18 1 50 96 80 33 95 1 35 20 
76 95 87 64 90 67 49 51 7 53 18 5 51 95 79 28 95 1 38 18 
75 95 86 68 95 58 55 51 8 56 18 2 51 96 78 26 96 1 39 18 
78 96 86 66 95 62 50 49 8 50 19 2 52 92 82 32 94 2 37 25 
76 95 84 71 92 67 51 51 8 57 23 1 51 97 81 34 95 1 36 18 
77 96 85 72 86 66 55 50 6 54 18 2 51 91 82 27 99 1 34 21 
82 94 86 71 85 66 52 51 7 49 18 1 51 95 78 27 97 2 34 21 
80 95 85 64 86 64 50 50 7 52 21 1 52 92 80 28 95 3 37 24 
82 95 88 72 92 58 52 51 8 50 23 1 52 95 77 31 98 1 34 18 
83 96 87 65 94 66 48 51 6 50 17 1 51 97 80 34 98 1 35 24 
76 94 86 71 86 66 54 49 8 50 19 5 52 95 78 29 98 4 39 20 
80 96 86 72 88 59 51 50 8 56 22 2 50 98 81 31 96 1 39 26 
83 95 88 72 93 67 55 49 7 52 23 1 52 91 79 31 94 1 34 25 
81 96 85 64 85 58 56 50 7 51 22 2 50 98 76 29 95 1 41 20 
80 96 87 64 90 64 49 49 7 52 20 1 50 99 77 27 98 1 39 18 
80 94 88 73 87 61 49 50 8 56 17 1 50 94 77 34 98 1 37 18 
79 94 85 66 85 62 48 49 7 54 20 2 51 98 78 26 95 1 34 18 
76 94 84 69 93 67 50 49 8 55 22 4 50 93 78 28 93 1 37 19 
82 96 88 73 91 63 48 49 8 56 17 1 52 92 79 31 97 1 36 20 
81 94 85 71 94 64 53 51 7 53 17 5 51 99 77 28 99 1 35 26 
80 95 88 71 88 59 54 51 6 56 22 3 51 91 83 31 97 1 38 22 
75 95 85 64 93 65 53 50 6 56 19 1 50 93 77 34 98 3 38 27 
78 94 85 70 85 67 55 51 7 51 22 1 51 91 84 26 99 1 42 21 
80 96 84 70 90 61 52 50 6 53 21 1 51 98 76 27 99 4 36 17 
81 95 85 65 94 61 51 50 6 55 19 1 50 92 84 33 95 1 35 17 
77 95 87 63 87 64 47 50 8 50 23 2 52 98 84 29 93 4 38 23 
78 94 88 68 94 60 47 49 6 53 23 4 52 91 80 26 97 3 36 18 
79 96 87 63 95 60 53 51 8 49 17 4 51 98 78 26 97 1 36 24 
79 94 85 72 95 60 53 49 8 53 17 5 52 92 84 32 98 4 40 23 
81 95 88 69 90 66 52 50 6 52 18 1 51 96 78 31 94 1 41 23 
81 96 87 66 94 57 46 49 7 54 22 1 51 94 76 29 98 1 37 19 
75 96 88 73 88 64 51 50 8 50 20 3 52 99 83 30 93 4 42 26 
80 95 88 66 85 60 47 51 8 57 20 1 51 95 77 32 95 1 38 25 
83 96 85 65 85 65 49 50 7 50 20 1 50 91 82 29 98 2 34 19 
77 94 85 71 85 65 56 49 7 56 19 1 51 91 77 33 95 2 38 17 
83 96 86 70 91 61 50 51 7 49 21 1 51 91 83 34 95 1 36 20 
81 95 84 68 87 57 51 50 8 57 18 1 52 93 78 33 95 1 37 26 
83 95 84 67 87 61 54 50 6 52 17 2 52 94 77 28 98 1 34 21 
80 95 88 71 90 61 52 49 6 54 21 1 52 91 80 31 95 4 35 19 
80 96 88 73 90 61 47 50 6 56 20 1 51 94 81 26 98 1 36 21 
82 94 85 67 88 58 50 49 6 57 17 1 52 95 81 32 93 1 34 25 
78 94 86 69 88 57 46 51 7 55 22 3 50 93 76 29 95 4 39 26 
83 95 87 69 87 64 48 50 8 50 23 4 50 93 76 26 95 1 36 23 
82 95 86 73 88 62 46 49 8 52 17 5 50 98 83 33 96 3 35 20 
75 96 84 70 95 57 52 50 8 49 20 1 52 98 83 27 93 1 36 21 
81 94 86 63 87 59 47 49 8 56 23 1 51 97 76 34 93 1 38 21 
82 96 86 71 91 66 54 49 6 57 21 3 51 98 82 27 94 4 35 25 
75 95 88 71 88 59 55 50 6 57 21 5 50 95 78 32 95 4 39 27 
75 95 85 63 86 60 48 51 8 54 23 3 50 96 83 30 97 1 40 21 
81 96 87 69 85 67 47 50 8 51 20 3 50 98 80 31 93 2 39 20 
82 94 85 69 87 66 46 50 8 56 23 1 51 95 82 34 96 1 40 26 
79 96 87 63 88 67 51 51 7 53 23 1 51 96 76 32 93 4 34 25 
78 95 84 63 86 64 48 50 8 52 20 2 52 97 77 29 97 1 40 22 
82 95 87 70 92 67 48 49 6 56 22 1 51 92 80 26 94 1 42 18 
80 95 88 72 92 66 50 51 7 52 17 5 50 98 83 32 99 3 40 22 
82 94 84 69 90 62 46 51 7 51 21 1 50 93 83 34 96 1 34 21 
79 94 86 71 87 63 54 51 7 52 21 5 51 94 76 31 97 2 40 25 
75 96 85 65 94 66 52 51 6 49 23 1 50 99 79 26 99 2 42 26 
76 96 86 70 93 62 51 51 6 56 23 1 51 92 80 32 94 3 39 24 
75 96 88 73 87 67 55 50 6 50 17 5 51 99 76 33 95 1 37 17 
79 95 88 68 92 62 52 49 6 52 17 1 52 97 80 27 98 1 40 23 
81 94 84 63 90 66 55 49 7 54 22 4 52 94 84 33 96 3 35 24 
80 95 85 73 89 63 48 51 7 57 18 2 52 94 80 26 94 1 41 19 
82 95 88 64 86 58 50 50 8 56 21 5 51 92 76 28 96 1 38 18 
76 95 88 70 87 67 56 50 7 55 20 5 51 96 81 32 94 1 39 26 
77 95 88 69 85 57 56 49 8 54 23 1 50 98 84 30 95 1 37 20 
82 94 84 63 93 65 47 49 7 50 19 1 52 92 78 26 99 1 42 21 
78 94 88 68 85 57 55 49 7 55 19 5 51 91 82 28 97 4 36 22 
81 96 85 68 89 66 46 49 8 55 17 1 51 92 80 34 99 4 35 22 
80 95 84 67 92 66 47 51 8 51 21 1 50 99 80 27 98 2 35 18 
76 94 84 64 95 67 55 50 6 51 20 1 50 95 81 30 98 3 35 21 
82 96 86 65 90 65 49 50 6 53 22 3 52 96 77 29 98 4 41 22 
76 95 84 69 91 65 52 50 8 52 20 1 52 99 78 34 98 1 42 26 
76 95 88 67 90 60 49 49 7 53 23 1 51 99 84 33 93 1 36 18 
76 94 84 63 86 57 49 50 7 57 23 1 51 95 76 27 99 1 35 20 
79 96 88 71 93 63 56 49 7 57 23 5 51 92 79 29 96 3 35 27 
75 94 87 71 85 66 56 49 6 53 22 3 51 94 80 34 94 2 39 24 
75 96 88 64 94 65 46 49 6 51 19 1 52 98 78 31 98 4 34 20 
80 96 86 67 91 66 54 50 7 53 20 5 50 97 78 31 95 1 42 24 
80 94 86 69 88 57 56 51 8 50 17 2 52 92 76 33 94 1 40 22 
78 94 88 66 92 67 47 50 8 55 17 4 51 94 83 28 97 4 42 27 
77 96 88 72 92 58 53 49 8 56 19 1 50 98 78 34 93 4 39 27 
75 96 87 68 92 58 46 50 8 55 23 1 51 96 79 32 97 1 36 23 
79 94 85 70 85 59 51 51 7 50 21 1 51 95 78 34 99 1 37 24 
78 95 87 69 86 57 48 49 6 53 22 1 51 91 77 28 94 4 38 20 
78 96 85 63 89 63 55 49 6 55 18 1 51 97 79 31 94 1 38 20 
79 96 84 73 85 67 48 49 6 49 17 1 52 93 81 27 94 1 40 27 
76 94 87 64 89 58 47 49 6 52 19 1 51 99 78 32 94 1 41 19 
83 96 87 64 88 60 53 50 6 57 23 1 52 96 77 31 94 1 34 21 
76 96 88 73 86 65 54 49 6 52 21 1 51 93 80 29 97 1 37 19 
77 95 84 71 89 64 55 49 6 50 17 1 52 95 81 29 98 4 36 25 
83 95 86 69 93 61 48 50 7 55 20 5 51 91 77 33 94 4 42 19 
76 96 88 69 93 64 55 51 7 53 21 1 52 99 81 31 97 1 39 24 
75 96 87 66 87 63 49 49 7 57 19 1 51 98 83 28 98 3 39 27 
77 94 88 70 89 57 54 51 6 52 17 1 51 91 80 33 95 3 36 26 
80 94 88 65 92 65 49 50 8 56 17 1 51 96 78 26 99 1 39 18 
76 94 86 71 88 64 56 49 8 50 18 1 52 92 83 32 93 3 36 25 
75 94 85 65 91 57 48 51 6 55 22 1 52 92 84 31 97 1 35 20 
76 95 85 72 95 64 48 50 6 53 20 2 50 92 77 30 97 2 38 23 
77 94 86 64 94 65 48 49 6 56 23 1 50 93 77 27 95 3 40 22 
83 95 87 69 87 59 49 50 7 53 18 2 51 93 80 27 95 1 41 24 
75 96 84 72 94 61 49 49 7 53 17 5 52 91 80 32 97 1 35 21 
81 96 87 73 94 57 46 50 7 57 20 2 50 99 76 28 97 1 40 26 
83 95 88 73 89 61 48 50 7 52 17 1 50 98 76 32 99 1 40 24 
76 94 87 68 90 64 51 50 8 54 21 1 50 96 78 28 97 4 34 26 
80 95 88 63 93 64 47 51 6 56 17 1 51 99 77 32 96 3 37 17 
82 95 87 65 94 64 52 51 6 53 23 1 50 96 76 29 98 1 35 20 
82 96 85 67 85 67 53 51 6 56 18 3 50 92 80 27 99 2 35 23 
82 96 86 67 91 63 55 49 7 53 18 4 50 91 81 30 99 1 35 22 
78 95 85 71 87 67 49 49 8 51 17 5 52 96 79 29 99 1 42 17 
81 94 85 64 88 64 54 50 8 49 22 1 51 99 78 30 93 3 36 18 
79 94 84 72 91 60 47 51 7 51 20 1 50 93 80 27 99 1 37 19 