46 44 42 44 39 45 40 46 52 41 46 48 41 43 48 41 42 43 39 36 
48 44 40 45 37 44 43 48 47 41 48 48 42 46 50 38 39 39 40 37 
50 46 41 47 38 51 44 47 51 45 45 47 41 44 42 41 43 42 41 40 
49 44 42 44 41 43 44 43 52 41 48 46 41 43 45 38 40 37 41 40 
50 44 41 44 34 48 44 53 44 45 51 47 37 44 47 42 45 37 41 38 
49 46 39 48 35 43 44 46 52 43 48 46 40 43 44 40 44 41 40 36 
47 45 40 46 34 42 42 53 44 43 45 46 38 45 50 41 41 40 40 40 
44 46 41 48 39 52 43 44 44 44 47 48 42 45 48 38 40 37 40 40 
46 46 42 44 41 42 40 48 44 45 47 47 37 45 45 38 45 41 40 40 
45 44 39 44 40 49 43 45 45 42 49 48 39 45 46 39 40 41 39 37 
44 45 43 44 36 47 44 47 47 45 50 48 43 46 42 40 45 40 41 38 
49 47 41 48 36 47 44 43 46 43 49 46 43 43 41 40 41 40 39 37 
50 42 39 47 39 43 41 48 45 41 45 46 43 43 51 42 40 43 41 39 
50 44 43 47 41 50 41 49 44 42 46 48 43 42 42 38 40 43 41 36 
45 48 42 48 38 52 42 47 49 41 49 47 42 45 49 41 40 40 39 40 
48 42 41 46 41 44 39 53 49 41 45 47 42 43 43 39 40 42 39 37 
45 46 43 44 36 42 38 48 51 43 48 47 37 44 45 38 40 42 40 38 
47 45 40 44 36 45 39 44 44 44 50 47 40 42 48 40 40 39 39 37 
49 44 39 48 35 48 41 47 45 42 48 47 37 43 47 40 43 43 39 40 
45 44 39 45 36 46 41 48 49 42 50 46 39 46 41 39 39 43 39 40 
45 42 43 46 41 51 44 43 50 44 45 46 40 46 45 41 43 38 40 38 
50 43 42 48 34 50 40 47 49 45 46 46 40 45 48 38 40 40 41 37 
46 47 39 46 34 48 44 53 51 41 46 46 42 44 44 38 41 37 41 40 
47 43 42 48 35 48 38 48 51 43 46 48 38 42 44 41 40 40 39 39 
45 47 39 48 42 50 43 48 45 44 45 48 43 44 50 40 44 39 40 39 
45 45 39 47 36 47 41 48 51 42 50 48 43 46 46 40 39 40 39 38 
50 42 40 47 39 52 43 49 48 41 47 46 39 44 47 40 40 37 40 38 
50 44 41 44 42 52 41 49 45 45 46 46 40 44 48 41 44 38 39 39 
46 46 39 44 42 48 41 46 50 44 50 48 42 42 46 39 39 39 40 37 
46 42 39 45 34 43 40 52 50 42 49 48 42 46 48 39 40 40 39 40 
48 47 40 44 42 43 44 44 45 41 49 46 40 45 51 38 44 40 40 39 
49 45 42 47 41 47 44 45 44 41 51 46 39 42 48 39 42 38 40 37 
45 45 40 48 41 46 42 47 46 42 47 48 38 44 44 38 43 42 39 40 
50 48 39 48 39 47 38 45 50 44 49 48 40 44 48 42 43 38 40 38 
48 43 42 45 36 49 43 43 45 42 49 46 41 43 41 41 39 42 40 37 
46 47 40 45 37 48 39 44 50 42 48 48 38 42 51 39 40 37 40 40 
45 43 41 46 39 52 42 47 46 45 49 46 40 42 49 40 45 38 39 39 
47 46 39 48 36 44 43 49 52 42 48 47 41 43 44 42 44 42 39 39 
45 45 40 44 42 48 41 45 50 41 49 46 37 46 44 42 45 41 40 37 
45 44 41 48 40 42 43 50 46 42 51 47 39 43 47 39 42 39 39 38 
44 46 40 45 34 46 40 47 44 44 45 46 41 46 44 39 44 42 39 36 
49 43 40 45 39 46 40 48 51 41 50 47 39 45 46 38 39 41 40 37 
46 47 40 48 39 46 41 52 50 45 48 46 42 44 44 42 40 42 41 38 
45 42 42 48 35 48 42 46 51 45 51 46 37 43 48 40 42 38 39 37 
45 46 39 45 41 51 44 44 45 41 50 46 37 44 41 38 43 42 40 39 
46 42 41 48 37 45 39 53 48 41 49 46 41 42 47 42 41 41 39 37 
44 48 43 46 42 52 38 51 45 45 49 48 42 44 43 39 45 43 41 39 
47 47 41 46 34 51 40 48 52 43 48 47 37 45 48 39 40 43 41 38 
47 44 39 48 42 44 44 53 49 44 48 46 42 42 49 41 45 42 40 38 
50 43 39 46 42 44 39 53 46 43 50 47 42 42 43 40 39 38 39 40 
47 47 41 48 42 51 42 51 46 41 50 48 41 44 49 42 44 40 41 38 
48 46 41 46 41 52 41 52 49 42 50 48 39 44 49 40 41 37 41 39 
44 45 39 48 42 44 44 48 45 41 51 46 42 43 45 38 40 40 41 39 
44 43 39 48 38 43 44 44 44 42 47 47 38 45 42 42 39 42 40 39 
49 42 42 46 42 44 38 47 45 41 51 48 38 43 48 39 40 37 40 38 
45 47 39 45 34 46 41 50 52 42 51 46 38 43 46 39 41 39 40 38 
47 42 40 45 35 52 39 50 44 44 46 47 37 42 49 42 39 43 41 39 
50 46 43 45 35 52 38 43 51 44 51 47 38 43 50 41 42 37 40 38 
50 46 43 44 35 42 39 49 48 41 51 46 38 42 43 42 45 39 41 36 
48 43 43 44 42 50 43 47 48 44 47 46 41 43 44 42 44 42 41 39 
44 43 41 44 42 48 40 43 50 41 49 47 41 43 48 40 39 41 39 36 
49 43 42 48 35 45 38 51 47 43 51 48 41 46 41 38 39 38 41 37 
48 44 40 45 34 46 39 50 50 41 48 47 40 44 48 40 41 42 41 37 
46 47 43 48 41 49 40 53 44 44 48 48 43 42 50 41 39 43 39 39 
50 46 39 44 38 50 41 47 44 41 46 47 43 45 51 39 39 39 41 38 
49 48 43 44 35 45 42 46 47 42 48 47 41 46 49 42 45 38 40 39 
44 42 42 45 41 44 41 52 49 43 51 48 37 46 43 38 39 41 39 36 
48 45 41 45 36 51 44 50 50 41 50 48 41 45 49 38 45 43 39 36 
46 48 39 48 36 49 42 51 47 41 48 46 43 43 44 40 45 39 41 40 
44 42 40 44 39 49 38 45 51 42 50 48 37 45 46 42 45 40 39 36 
44 44 39 48 36 46 44 43 52 43 49 46 40 45 43 42 42 39 39 36 
49 43 42 46 35 51 41 47 47 43 51 48 37 43 51 39 43 42 40 39 
50 47 39 48 40 49 38 46 52 44 51 47 40 44 45 41 40 43 40 37 
50 48 42 45 34 44 41 46 44 44 49 46 41 45 51 40 45 37 40 37 
48 46 40 44 38 44 44 47 48 45 50 48 37 42 47 38 39 39 40 39 
50 43 41 44 40 49 39 45 51 43 51 47 41 46 45 40 42 41 41 39 
45 43 43 44 40 43 40 51 52 44 47 46 40 46 50 39 42 42 40 40 
46 42 40 46 40 50 42 53 52 43 47 47 39 43 45 38 45 40 41 36 
50 43 42 46 42 43 39 48 49 45 48 48 37 43 43 38 39 37 41 38 
48 42 43 44 36 42 39 44 49 43 50 47 37 43 41 40 39 42 39 36 
48 44 40 45 40 48 38 52 50 43 48 48 40 43 45 42 41 43 40 39 
50 43 42 47 39 45 38 46 52 45 48 47 42 44 50 42 39 39 41 39 
50 45 42 45 41 48 41 45 46 44 45 46 41 45 48 38 42 42 39 40 
46 43 40 44 41 44 41 45 44 43 50 46 43 44 44 38 39 42 39 36 
49 46 43 44 34 52 43 48 49 42 49 46 42 46 49 38 42 41 39 40 
48 46 42 44 38 45 41 45 49 45 50 46 42 43 41 38 41 41 41 37 
46 46 40 48 34 52 43 48 47 44 48 48 37 43 49 41 42 42 40 36 
47 42 40 45 34 50 42 51 45 42 51 48 43 43 49 39 42 43 39 37 
44 46 39 45 34 49 39 48 51 41 50 47 42 46 49 38 43 39 40 39 
46 46 42 45 37 44 42 49 46 43 45 48 42 44 41 38 39 40 41 38 
50 48 41 46 39 52 40 45 50 44 45 47 41 45 47 40 44 39 39 37 
45 45 41 45 38 47 40 49 47 42 51 47 37 42 47 39 45 43 41 36 
48 47 43 44 40 52 44 47 44 44 50 47 40 44 41 40 39 37 39 37 
49 45 41 48 34 50 42 47 50 45 45 47 38 42 50 38 45 40 40 37 
47 45 41 47 34 51 42 46 44 44 50 46 43 43 49 42 40 43 39 39 
49 45 42 46 39 47 41 46 46 44 48 47 37 44 50 39 39 42 41 37 
46 48 40 48 42 52 38 46 50 42 48 46 43 45 47 39 40 37 40 39 
48 45 42 46 40 48 41 44 47 43 45 47 41 44 46 41 40 37 40 36 
44 46 43 46 38 50 39 45 50 44 51 46 41 43 44 41 40 39 40 39 
50 46 43 48 39 52 42 47 45 43 48 47 39 46 46 42 39 40 39 38 
45 43 41 45 34 43 44 49 45 43 48 48 39 46 48 38 41 37 40 37 
49 43 40 48 42 47 40 47 52 45 51 48 37 45 51 41 39 38 41 40 
46 48 42 45 38 49 42 43 46 43 47 46 37 45 45 41 45 40 40 37 
48 42 42 44 39 44 38 50 48 43 47 48 43 44 41 40 44 38 40 37 
46 42 43 47 37 47 40 48 51 45 45 47 39 45 48 38 45 43 41 37 
48 43 42 47 42 51 38 53 45 45 48 47 37 44 42 38 39 41 41 36 
44 45 39 48 42 51 44 52 50 42 49 48 41 46 43 39 40 40 40 39 
47 44 39 47 35 47 38 53 50 43 50 48 41 45 50 40 42 43 41 37 
50 47 43 44 40 51 38 48 49 42 48 46 43 42 45 39 40 38 39 38 
44 43 39 44 40 47 41 45 49 41 51 46 43 43 46 40 44 39 41 37 
49 46 42 47 37 50 39 51 47 44 50 48 43 46 42 42 41 41 39 36 
45 43 42 47 41 46 41 51 46 43 48 46 42 42 41 38 40 39 40 39 
45 42 41 44 34 48 39 50 45 45 46 46 39 45 42 40 44 42 39 36 
45 42 40 47 39 46 41 53 52 43 51 46 39 44 43 38 42 38 41 36 
45 45 41 45 40 46 39 48 46 42 46 48 37 46 44 40 40 41 40 38 
50 45 42 48 36 46 43 52 50 43 48 48 42 44 50 42 45 38 40 39 
44 42 39 46 40 48 42 53 45 41 45 48 41 42 50 40 43 37 39 39 
46 43 43 45 40 44 38 46 50 42 50 47 41 45 51 38 39 43 40 37 
45 48 42 46 42 46 40 52 47 43 47 47 43 42 50 42 44 40 40 37 
46 44 39 46 34 52 40 45 44 43 47 47 37 46 45 39 45 37 41 36 
44 43 40 45 37 46 40 49 44 41 49 48 42 43 41 40 42 42 40 39 
47 48 39 44 38 46 41 46 51 45 49 46 39 44 42 40 44 41 40 37 
49 46 41 47 38 46 44 43 44 41 47 47 38 46 44 38 39 41 41 40 
48 46 39 45 34 50 40 45 44 41 49 46 43 46 51 38 45 41 39 40 
49 42 42 48 37 48 44 50 52 42 48 48 37 43 49 40 41 37 41 40 
50 44 41 46 34 47 43 50 44 45 47 48 40 45 45 41 42 41 40 37 
46 48 43 46 36 52 44 53 50 43 49 47 37 42 42 40 45 37 41 39 
50 44 41 44 37 43 38 51 44 41 49 46 41 45 42 41 39 38 41 39 
48 43 43 48 34 50 39 51 50 41 46 48 42 44 51 39 45 37 39 39 
46 48 41 44 38 42 38 48 49 41 48 47 42 44 46 39 42 38 41 37 
44 43 41 44 34 51 42 49 45 45 51 46 42 42 42 42 45 41 41 39 
49 42 42 44 39 46 41 44 44 43 48 47 37 45 46 41 42 42 39 36 
49 43 39 48 35 43 42 44 47 41 46 48 40 42 43 41 43 41 40 39 
49 45 39 45 42 50 43 43 48 42 49 47 41 46 44 41 41 41 39 38 
48 44 43 47 35 43 38 51 46 44 48 48 39 45 42 39 43 43 41 36 
48 43 41 48 41 52 39 51 49 41 45 48 41 44 46 41 42 39 40 38 
45 44 39 45 37 45 40 48 45 42 47 48 41 45 46 39 42 37 40 40 
44 42 39 44 39 48 39 48 52 42 47 47 38 46 43 38 43 43 39 36 
48 48 42 47 36 52 41 50 46 42 46 48 37 43 43 38 40 42 39 37 
46 44 42 47 35 51 42 49 51 41 50 47 42 42 44 38 44 37 40 40 
49 45 41 47 35 43 38 53 46 45 49 46 43 46 44 39 41 41 41 39 
48 46 42 47 38 45 44 51 52 45 46 47 41 43 47 42 45 37 41 36 
50 45 40 46 38 46 40 45 50 43 49 47 38 42 50 38 45 41 41 40 
48 48 41 48 40 42 44 45 52 42 51 47 43 42 48 40 41 40 39 36 
46 47 41 48 42 49 38 44 49 42 47 47 41 46 51 38 42 43 39 36 
47 45 42 45 41 46 38 43 46 43 49 47 41 44 49 40 44 42 41 38 
45 45 40 46 40 50 44 47 50 44 51 46 39 42 41 40 43 38 41 37 
50 44 43 48 35 47 42 51 49 44 49 47 43 44 45 41 40 42 41 38 
49 44 42 48 36 51 41 49 45 41 48 46 43 42 41 40 42 43 41 38 
49 43 40 47 37 48 41 52 47 41 51 48 42 45 41 40 42 39 39 39 
47 42 40 47 35 43 41 52 44 44 51 48 40 44 41 42 44 41 41 38 
45 44 43 48 42 46 42 50 44 42 49 48 43 43 47 41 45 38 40 39 
48 45 43 44 40 45 42 45 47 45 50 47 37 46 45 39 43 42 39 36 
45 42 42 46 40 49 41 47 52 43 51 47 42 44 41 41 42 41 40 37 
50 42 39 45 41 42 43 47 46 43 46 46 43 46 50 38 45 37 41 40 
44 45 43 47 34 42 38 46 49 41 48 47 38 45 45 40 39 42 40 37 
48 43 42 44 42 44 42 51 52 43 47 48 43 42 45 42 39 41 39 40 
44 42 39 45 35 45 43 48 44 45 48 46 40 44 48 38 43 38 41 36 
45 45 41 44 37 45 39 47 47 45 49 46 38 42 47 42 45 40 40 39 
47 45 43 48 37 51 40 43 47 42 50 47 39 45 44 38 42 38 39 36 
47 44 40 45 40 44 39 53 45 41 50 46 39 45 42 42 43 40 41 39 
49 44 39 44 34 48 39 45 52 43 45 48 43 44 49 40 44 40 40 37 
50 43 42 47 38 43 44 47 50 44 50 48 40 46 48 42 39 39 41 38 
46 46 41 47 34 52 38 47 47 42 46 46 38 43 41 39 39 43 39 40 
46 45 42 48 41 50 39 51 51 41 49 47 37 45 49 38 40 41 40 37 
47 48 43 45 35 45 39 51 49 44 47 47 42 42 46 42 43 39 41 37 
50 45 41 48 35 42 40 43 47 44 45 46 37 44 49 42 43 41 40 40 
44 42 39 46 38 44 39 51 47 45 45 46 41 45 51 38 42 42 39 39 
45 45 40 45 42 46 42 52 46 41 51 46 38 42 47 41 45 43 41 36 
48 42 42 45 34 42 41 47 46 41 48 48 37 46 50 40 40 43 40 40 
48 46 42 46 36 52 42 47 45 45 49 46 39 44 46 41 42 38 39 38 
49 47 42 44 37 49 41 48 51 41 45 47 43 43 48 41 40 38 41 36 
45 48 42 44 41 46 41 47 50 41 48 46 38 45 43 40 42 42 41 39 
46 42 39 44 39 44 42 45 48 43 48 47 38 46 44 39 40 37 39 37 
48 48 41 44 35 43 39 53 51 44 50 46 39 42 43 39 40 41 39 39 
47 43 39 48 35 43 38 44 50 41 51 47 40 46 48 40 45 38 39 39 
48 44 41 45 41 47 38 51 51 43 49 47 41 44 44 41 40 38 40 37 
47 42 40 47 36 52 39 43 49 41 49 48 40 45 49 41 41 37 39 38 
45 46 39 47 39 50 41 44 52 44 46 47 37 42 50 38 40 42 41 39 
47 48 40 48 42 42 42 50 52 43 48 46 42 42 48 42 44 39 40 37 
45 48 42 48 40 48 44 45 48 44 46 48 42 43 43 40 40 42 40 36 
45 48 42 45 38 46 42 47 48 43 50 48 41 46 42 38 40 39 39 36 
44 48 42 44 42 51 43 46 51 45 47 48 43 43 42 42 42 37 41 38 
50 42 41 45 37 42 39 50 44 44 49 48 38 44 43 38 40 38 39 37 
47 43 40 48 39 42 40 43 48 44 48 48 40 45 43 40 41 37 41 39 
49 48 41 47 36 49 39 43 52 41 48 46 43 44 45 42 44 38 40 36 
46 45 43 46 39 43 43 48 48 44 46 47 39 42 45 38 40 38 40 40 
48 44 42 47 39 49 44 52 50 43 45 48 42 46 41 38 44 40 39 39 
50 48 41 47 36 48 41 49 45 42 45 47 40 46 51 41 39 41 40 39 
46 43 40 44 37 52 43 50 46 44 45 46 40 42 48 38 42 39 40 38 
50 44 39 45 40 43 39 52 45 44 46 46 41 44 49 40 43 41 41 40 
48 45 39 47 42 42 42 44 50 43 50 46 37 44 48 40 44 43 39 36 
48 42 40 44 41 47 41 50 47 43 46 48 39 43 49 42 42 41 41 37 
50 44 42 45 37 45 41 50 51 45 47 48 42 45 49 42 45 41 39 40 
46 48 41 48 40 47 44 51 50 41 51 46 37 46 42 42 44 42 40 39 
47 44 42 44 39 51 39 45 50 41 51 46 38 42 43 38 43 38 41 38 
50 48 40 48 36 42 41 49 47 41 50 47 41 45 41 40 45 43 39 38 
45 46 43 47 38 42 43 46 45 42 50 47 38 45 50 39 41 37 40 37 
50 44 43 44 36 50 41 53 48 44 45 48 37 45 46 40 41 41 40 37 
48 48 43 48 42 48 39 45 45 41 46 46 41 44 42 38 43 39 39 36 