64 70 71 62 55 54 73 62 72 53 67 62 59 69 73 65 53 69 66 56 
61 71 73 64 50 51 75 62 71 54 61 58 64 64 71 67 52 70 70 56 
66 71 71 59 55 57 71 63 72 53 60 60 56 68 71 66 52 67 69 56 
61 71 74 60 50 52 73 63 72 54 58 58 61 70 71 63 55 69 66 57 
66 71 73 62 56 55 74 62 72 52 61 59 56 70 73 61 59 67 68 57 
61 70 72 63 53 51 75 62 72 54 61 62 54 64 72 61 52 69 65 58 
61 71 74 67 57 57 74 61 70 54 63 58 64 62 73 69 52 68 66 56 
63 70 73 64 53 50 75 62 70 54 67 62 58 69 72 70 53 67 64 58 
65 70 69 61 52 57 75 63 72 54 67 60 59 65 72 67 52 70 69 56 
66 72 70 62 53 49 71 61 71 53 67 61 61 63 71 62 58 71 65 56 
63 72 74 67 50 58 74 63 71 53 67 60 57 69 72 62 54 67 66 57 
63 72 74 64 58 48 75 62 71 53 65 62 64 68 73 62 57 69 69 58 
63 72 74 67 52 51 72 62 71 52 59 61 58 68 71 60 51 68 66 58 
61 70 75 64 52 51 71 62 70 53 59 61 59 68 73 64 57 71 69 57 
65 72 73 67 56 55 73 61 72 52 62 63 57 68 73 70 59 68 64 57 
63 70 71 63 56 56 75 62 72 52 62 63 63 63 73 64 52 69 67 58 
63 72 69 62 55 56 75 63 70 53 60 63 55 65 72 63 56 68 65 57 
64 71 74 66 56 52 73 62 70 52 59 61 62 70 71 60 51 70 70 56 
64 71 70 61 54 51 71 61 71 54 68 60 54 70 71 61 53 71 64 58 
67 72 71 62 57 58 72 61 71 53 68 58 61 63 71 66 55 68 70 56 
61 70 69 63 57 51 72 62 71 54 68 57 62 66 71 67 55 70 69 58 
65 70 73 66 51 57 75 62 72 54 68 61 56 65 71 66 53 68 66 57 
61 70 74 64 51 48 74 63 70 54 59 58 62 64 72 64 51 71 67 57 
65 71 75 64 58 49 74 62 70 52 63 61 60 62 73 64 59 70 64 56 
65 70 69 59 55 56 71 63 72 52 65 60 58 67 72 64 51 69 66 56 
62 72 74 67 52 52 74 63 72 53 63 62 64 68 73 66 55 70 66 56 
67 70 73 68 54 48 72 62 71 54 61 62 55 67 72 61 58 70 70 58 
64 71 73 65 57 57 72 61 71 52 61 60 55 68 71 68 51 69 64 57 
66 72 70 63 52 55 72 63 72 52 58 59 57 70 73 70 52 70 65 58 
62 72 73 60 55 57 72 62 71 53 68 57 61 68 73 62 52 68 67 57 
63 70 73 62 52 50 72 61 70 54 66 61 57 63 72 63 56 70 66 56 
63 70 74 61 54 48 73 61 72 52 64 62 55 68 71 64 57 70 67 56 
65 72 72 58 52 56 73 61 71 54 58 61 60 65 73 69 59 67 70 56 
64 72 75 66 54 56 75 63 72 52 61 58 59 64 72 66 56 71 69 58 
62 70 73 66 50 50 72 61 72 54 68 61 55 67 71 62 55 67 65 56 
63 71 70 66 55 57 74 63 70 52 61 61 64 68 73 60 59 67 64 56 
64 71 75 58 55 53 71 61 70 53 65 62 55 64 71 69 56 67 64 56 
65 72 71 65 56 50 72 61 70 53 61 63 64 65 71 63 57 68 69 56 
66 71 70 61 55 57 71 62 72 53 60 59 62 65 73 65 55 67 69 57 
67 72 70 67 54 52 75 62 71 54 62 57 56 66 72 69 53 70 70 56 
65 71 75 64 53 58 71 63 70 52 66 59 57 64 71 62 52 67 66 56 
66 71 71 64 53 55 73 63 70 53 66 59 55 69 71 68 55 68 65 58 
63 70 69 59 50 53 71 63 70 53 68 61 59 67 71 63 55 71 68 57 
64 72 70 62 58 57 75 61 72 53 64 60 57 63 73 67 52 69 66 58 
63 70 70 66 54 53 72 63 70 52 60 63 55 65 73 63 51 69 70 58 
65 70 69 58 53 49 71 62 70 53 61 61 57 62 72 69 53 70 64 57 
66 72 73 64 50 53 72 63 71 53 59 63 64 65 71 61 59 68 64 57 
62 71 75 63 55 57 72 62 70 52 61 57 57 67 71 63 57 69 66 58 
67 70 75 59 54 57 71 61 70 54 60 57 64 64 71 61 54 70 67 58 
62 70 72 61 51 51 74 62 72 53 61 62 55 69 72 66 51 70 66 56 
66 72 71 67 56 54 73 62 70 52 61 59 62 69 72 61 57 68 68 58 
65 71 70 62 56 52 72 61 70 53 64 61 54 66 73 68 57 71 65 56 
62 72 73 58 51 54 71 63 71 53 59 59 54 69 73 65 51 71 65 58 
66 71 74 61 54 52 72 62 72 54 65 63 55 69 71 65 58 70 66 57 
65 71 69 68 56 55 74 63 72 52 68 58 54 65 71 65 54 67 65 58 
61 70 75 62 50 49 74 62 72 52 64 59 57 68 71 67 54 68 66 57 
62 72 73 64 52 51 74 62 71 54 67 57 58 68 71 60 54 71 66 56 
63 71 70 66 54 54 73 62 72 52 67 63 60 63 72 61 58 69 67 57 
64 71 74 60 54 56 74 61 70 52 66 62 64 67 71 66 53 71 69 56 
61 70 72 66 54 56 74 62 71 53 62 59 63 69 71 61 53 70 68 57 
63 72 74 65 53 49 72 61 71 53 60 58 55 66 72 61 54 71 69 56 
63 71 73 68 57 57 73 62 71 54 66 63 58 66 72 61 56 69 70 56 
61 71 74 58 54 53 72 62 71 53 59 62 60 64 71 61 58 71 64 57 
63 71 75 63 56 57 73 62 70 54 64 61 60 66 73 64 57 69 65 56 
66 72 70 66 55 58 75 63 71 54 58 61 58 62 72 64 54 70 70 56 
65 72 69 66 52 56 72 63 71 52 59 62 62 66 73 67 58 69 64 56 
67 72 73 68 53 51 74 61 70 52 68 58 63 62 71 67 59 70 70 58 
65 71 72 58 53 50 72 61 71 53 68 58 63 67 72 63 53 68 70 56 
61 71 73 68 55 48 72 63 71 54 68 58 62 64 73 68 54 68 64 56 
63 72 74 59 54 54 71 61 71 54 67 57 64 64 73 66 52 70 70 58 
63 70 71 64 51 57 73 63 70 54 68 62 62 69 71 67 57 68 70 56 
67 72 70 59 57 51 73 61 71 53 63 58 54 66 73 66 55 68 69 58 
64 72 75 65 55 55 72 61 72 54 60 57 55 69 73 61 54 67 65 58 
66 70 69 64 56 53 72 61 71 52 59 57 60 63 73 70 58 71 68 57 
64 70 71 63 53 50 75 62 72 53 58 62 58 70 72 69 53 67 67 56 
67 72 72 60 52 52 75 63 71 52 62 63 63 64 73 69 51 69 68 56 
61 70 74 68 53 51 73 63 70 53 62 58 59 67 72 62 55 67 65 56 
66 70 69 60 56 53 72 61 70 53 59 61 60 65 73 68 58 71 68 58 
61 70 75 61 56 49 73 62 71 52 66 58 54 66 72 61 54 70 68 58 
66 71 74 60 50 53 71 61 72 54 59 59 61 65 72 68 55 70 66 57 
67 72 72 65 58 54 73 61 70 52 60 60 54 62 73 70 56 69 68 56 
63 72 69 66 55 58 71 63 71 53 65 59 57 65 71 67 56 68 68 58 
67 71 75 58 57 48 75 63 71 53 61 58 54 70 73 68 59 70 67 58 
61 72 74 65 50 53 72 62 72 54 59 57 60 65 72 60 52 71 67 57 
65 71 71 63 56 58 74 62 71 53 60 63 62 68 71 63 57 71 65 57 
62 70 75 65 52 57 74 63 71 53 58 58 56 66 71 66 56 70 70 58 
67 72 69 66 50 55 71 62 70 53 66 59 56 63 72 61 59 70 69 56 
62 72 71 63 53 50 75 61 70 52 67 57 64 64 71 61 51 71 65 57 
61 70 69 63 53 50 75 63 72 53 62 59 56 70 73 69 53 69 70 57 
67 72 74 58 50 49 73 63 72 53 64 63 63 70 73 69 55 67 65 58 
64 71 71 66 51 55 72 63 71 53 67 63 60 68 73 63 58 68 65 57 
63 72 71 60 53 56 75 61 72 52 65 60 64 66 72 66 51 70 68 58 
61 71 71 59 53 51 71 62 71 53 58 60 64 68 71 68 53 71 64 58 
63 72 74 63 58 55 75 61 70 54 65 60 58 66 72 61 53 68 65 56 
61 70 74 66 55 58 75 62 70 54 62 60 63 65 71 64 59 71 68 58 
62 70 71 60 53 53 74 62 70 54 67 62 55 64 71 63 51 69 65 58 
62 71 70 60 52 50 72 63 72 53 61 57 63 68 72 62 53 67 69 56 
63 72 72 59 51 56 72 62 72 54 58 57 62 63 73 62 51 69 70 57 
66 71 69 62 58 57 73 61 72 54 64 60 63 62 73 67 55 67 64 58 
61 70 71 68 52 55 72 62 72 52 63 63 63 66 71 66 53 70 66 57 
64 70 74 68 51 48 71 61 71 53 61 59 54 67 72 66 59 70 64 57 
66 72 69 62 55 57 71 62 72 53 62 58 64 64 73 60 54 69 70 58 
64 70 72 64 56 54 72 61 70 54 65 58 54 68 71 64 57 68 68 58 
62 71 73 62 52 50 74 61 72 52 58 57 64 65 73 67 53 67 64 58 
65 70 74 63 58 53 75 63 71 52 66 59 62 70 72 61 52 70 65 57 
65 72 72 63 56 57 75 62 72 54 60 61 56 68 72 67 54 67 70 56 
63 70 72 68 52 53 71 63 71 54 65 63 56 66 73 63 51 69 65 56 
63 71 70 60 57 56 71 62 70 52 59 62 60 62 71 70 53 71 64 57 
65 70 70 63 54 51 71 62 70 52 68 59 64 67 73 61 51 69 64 57 
63 71 70 64 57 55 72 61 70 54 59 57 62 62 71 68 55 67 65 58 
61 72 72 59 51 52 72 63 71 54 59 59 59 67 72 65 51 71 64 57 
61 70 69 60 51 52 74 62 71 54 63 57 64 68 71 69 59 67 65 57 
64 70 73 62 57 51 71 61 70 53 61 61 55 64 73 62 54 70 65 58 
61 70 71 58 53 53 71 61 70 54 68 63 57 63 73 65 52 71 69 58 
62 72 69 59 53 48 71 63 70 53 65 62 56 66 72 67 57 70 64 57 
62 70 70 68 57 48 75 63 72 54 59 57 58 67 71 64 54 69 66 58 
62 71 74 66 57 49 75 63 70 52 63 61 60 68 73 63 54 69 66 58 
64 72 73 63 51 49 74 62 72 52 60 62 56 70 73 63 52 68 68 57 
64 70 73 65 50 51 74 62 71 54 60 58 57 66 72 60 54 69 68 58 
67 72 71 66 54 54 71 62 70 53 65 63 57 68 72 60 59 69 69 56 
65 72 69 67 53 52 72 62 70 54 65 60 54 69 72 66 51 71 69 57 
66 72 73 63 57 53 71 62 71 53 59 59 60 68 72 65 51 71 67 58 
67 71 71 60 50 56 75 63 70 53 60 60 59 64 72 63 55 68 65 57 
67 71 71 58 57 55 73 61 72 53 64 63 61 67 72 64 52 69 64 56 
67 71 72 64 52 51 75 61 71 54 64 61 64 68 73 62 58 68 68 56 
62 71 69 58 58 49 71 62 71 52 58 63 54 69 73 69 52 68 64 57 
63 72 70 65 58 58 75 61 72 53 59 62 64 70 71 67 54 70 68 56 
63 71 72 65 55 57 71 62 72 53 58 59 58 64 73 63 59 70 66 58 
65 70 73 63 56 56 75 63 72 52 64 60 56 69 71 70 57 71 65 57 
67 72 70 61 50 53 72 63 71 53 65 61 56 65 71 69 55 67 67 57 
61 70 70 65 52 52 71 62 70 53 61 58 61 62 72 61 53 70 69 56 
64 70 71 58 58 51 73 61 72 53 59 58 64 70 71 67 55 70 66 57 
61 71 70 63 50 56 73 62 72 53 63 62 60 68 72 60 53 67 70 57 
67 70 70 61 52 53 74 63 70 53 64 61 59 63 72 63 57 70 64 56 
67 72 69 65 55 52 74 61 71 54 59 62 63 68 72 60 57 68 66 57 
67 70 73 60 58 50 73 62 71 52 60 58 57 62 71 66 58 69 64 56 
66 72 70 65 58 57 74 62 70 52 59 57 60 68 72 63 52 69 69 56 
62 70 70 61 58 49 71 62 71 54 65 60 54 67 71 66 56 71 69 57 
63 72 71 67 52 56 74 61 71 54 67 58 60 65 72 64 51 69 65 56 
65 70 72 68 53 51 72 61 70 53 61 63 57 68 71 62 51 71 68 56 
62 70 72 64 53 56 73 62 72 52 61 61 63 63 73 65 59 70 69 57 
66 70 70 67 51 49 75 63 70 54 65 59 62 66 71 65 57 69 69 57 
63 72 75 60 54 51 74 61 70 52 63 63 58 64 72 66 58 67 64 58 
61 72 75 61 53 57 73 61 71 53 65 63 56 63 71 61 59 67 68 57 
64 72 72 68 52 49 73 61 70 53 59 57 64 67 72 65 58 69 64 58 
61 72 70 62 51 52 71 62 72 53 66 60 62 66 72 61 58 68 69 58 
61 70 69 64 58 52 71 62 70 52 68 63 55 70 72 63 56 71 68 58 
66 70 73 67 55 57 71 61 71 54 68 63 59 68 72 70 51 69 70 56 
62 70 75 59 56 57 72 63 71 52 58 58 58 69 72 62 54 69 69 58 
65 70 73 68 52 55 72 63 71 53 59 59 57 66 73 63 59 68 64 57 
67 71 72 61 52 57 75 61 72 54 58 58 61 69 71 65 58 68 65 56 
65 71 70 67 58 55 74 61 71 53 64 59 62 68 71 62 59 68 64 56 
62 72 70 61 54 52 73 63 71 53 64 58 56 63 72 66 56 69 66 58 
63 71 72 66 54 48 71 62 70 52 63 60 63 68 71 68 51 70 66 58 
62 72 69 60 55 58 72 61 72 53 63 63 61 66 71 69 58 67 67 56 
63 71 70 58 57 50 72 62 71 52 68 60 60 70 72 67 57 69 67 58 
64 70 73 64 53 57 74 62 72 53 65 61 64 63 72 67 53 71 67 58 
66 72 74 62 52 52 75 63 72 53 64 58 58 64 72 64 57 70 67 58 
63 72 75 68 55 57 71 63 70 53 68 63 59 64 73 60 59 68 65 56 
66 70 74 59 56 54 73 62 70 52 66 57 62 70 73 60 55 67 70 57 
64 70 71 59 52 57 73 63 72 52 62 61 57 64 73 62 54 67 70 57 
62 71 74 68 58 56 75 63 72 52 65 59 59 65 72 64 54 71 69 57 
67 72 73 59 56 53 75 63 72 52 66 62 58 65 72 68 51 69 69 58 
67 72 75 63 55 52 73 63 70 52 63 61 54 67 73 67 59 68 67 56 
61 72 75 62 52 54 74 61 72 53 62 59 56 65 71 63 58 69 65 56 
67 71 69 64 56 53 72 61 72 53 66 63 58 66 71 62 54 70 67 57 
65 70 70 63 58 50 71 61 70 52 62 61 56 63 73 66 55 71 70 58 
64 72 75 59 58 51 72 63 72 52 61 60 64 64 72 62 53 67 69 56 
62 72 71 67 58 50 74 61 71 54 63 57 56 68 73 64 53 67 66 56 
67 72 72 60 52 55 72 62 70 54 58 62 59 68 71 63 58 69 64 58 
61 70 74 63 57 49 74 63 70 52 62 59 54 66 72 69 54 67 70 57 
67 72 72 68 57 53 72 62 70 54 66 59 62 65 72 61 55 70 65 57 
62 70 71 64 55 52 75 62 72 54 59 61 62 69 73 65 51 71 64 57 
61 72 74 63 58 57 75 63 71 53 67 62 54 64 71 61 57 69 70 57 
63 72 71 59 56 52 74 62 72 52 63 57 61 67 72 67 59 69 66 56 
63 72 75 66 52 49 75 63 70 53 67 61 55 66 71 68 56 71 68 58 
66 71 72 66 55 50 75 61 71 52 65 58 62 65 72 68 52 68 68 57 
64 70 71 62 50 52 72 61 72 53 65 61 54 62 73 61 52 68 66 57 
67 70 70 64 50 56 73 62 70 54 67 63 63 70 71 70 59 70 66 57 
65 71 74 68 50 57 71 63 72 53 58 58 58 69 71 63 54 71 70 56 
63 70 69 64 50 48 72 63 70 54 64 63 61 63 73 68 58 68 65 57 
62 72 69 63 56 50 71 61 71 54 67 58 64 69 71 62 54 69 67 57 
62 71 69 65 54 58 73 63 70 52 66 61 64 69 73 61 51 71 66 57 
65 71 69 68 53 56 71 63 70 54 63 59 63 68 72 61 54 70 69 56 
63 71 71 61 58 48 74 63 72 53 62 59 62 66 72 62 54 71 70 56 
63 72 70 64 54 48 71 63 71 53 61 57 58 67 71 63 53 67 64 57 
62 70 74 65 50 53 73 63 72 53 68 58 64 69 71 63 54 71 69 58 
66 72 75 58 50 54 73 63 70 52 63 60 56 66 73 63 52 70 70 57 
65 72 73 68 50 51 75 62 70 53 62 63 64 70 71 60 53 67 64 58 
63 71 75 61 57 52 71 61 71 52 67 59 64 63 73 66 58 71 65 58 
62 70 70 60 51 49 75 61 72 53 59 63 54 65 73 64 54 69 64 57 
63 71 72 66 54 50 73 62 72 54 59 59 62 63 71 68 52 69 67 58 
62 71 75 65 56 57 71 63 72 52 67 58 60 70 73 64 59 70 67 58 
62 71 71 64 54 57 71 63 70 52 60 63 63 70 72 70 53 70 65 56 
67 72 73 64 58 50 72 62 70 54 64 62 60 68 73 62 59 68 69 56 
66 71 75 61 53 50 72 61 72 52 66 61 62 64 72 60 54 69 70 57 
61 72 70 60 55 50 75 62 71 54 64 58 55 63 72 63 58 68 70 57 
63 70 75 66 54 53 72 63 72 54 60 63 55 67 72 67 57 69 65 57 
67 72 69 66 58 49 74 62 71 54 63 62 60 65 73 62 59 70 65 56 
64 70 74 65 50 50 71 61 72 52 67 63 63 68 71 65 55 67 65 57 