43 49 41 39 40 30 42 52 59 34 36 35 52 49 50 43 44 50 34 49 
38 50 42 43 41 30 41 45 58 33 35 39 58 49 50 41 52 51 34 55 
39 47 37 41 44 33 41 47 58 31 38 40 55 49 49 42 45 50 33 47 
38 53 42 37 44 34 42 50 57 34 37 33 56 48 50 40 44 50 34 53 
41 49 39 38 44 32 41 49 58 31 39 36 57 49 49 41 47 50 33 46 
38 52 35 43 44 34 43 49 58 33 34 36 58 48 50 43 51 52 33 54 
44 53 45 38 43 31 43 49 56 34 37 34 56 49 49 43 50 51 33 49 
38 51 35 43 45 34 41 55 57 35 33 36 53 50 49 41 52 50 35 49 
38 50 36 41 39 34 42 50 56 31 35 41 55 50 48 39 49 52 34 48 
44 53 36 38 39 32 41 49 58 35 37 37 56 48 50 39 51 51 33 55 
42 49 39 39 37 33 43 49 56 32 37 41 54 48 49 43 44 50 33 49 
40 50 35 39 44 36 43 52 57 34 35 39 57 50 48 41 47 53 35 49 
39 47 40 39 40 30 42 49 55 35 35 41 53 50 49 42 52 52 33 53 
41 50 37 37 45 35 41 53 56 31 36 37 57 48 50 43 47 50 34 47 
43 51 45 41 45 35 42 47 56 34 37 34 57 49 50 40 47 53 33 46 
44 52 39 40 41 31 41 55 55 31 34 37 57 50 50 42 46 52 35 48 
42 49 45 42 45 34 43 45 58 35 34 37 53 50 49 43 47 54 33 50 
42 48 44 39 40 32 41 51 57 34 34 39 52 48 49 42 49 54 34 52 
38 52 40 37 44 36 43 53 58 31 37 36 53 50 48 43 46 50 35 48 
42 52 45 40 45 31 42 54 56 32 34 41 54 50 49 40 52 52 35 55 
43 51 41 37 45 33 41 51 55 34 38 39 54 48 48 39 51 54 35 52 
40 53 37 37 43 32 41 50 58 35 38 38 52 50 49 39 44 53 33 49 
39 50 44 39 45 33 41 55 59 33 39 40 55 49 50 43 52 50 34 51 
44 50 43 37 41 32 42 51 58 34 39 38 52 50 48 43 50 51 34 51 
39 53 38 37 39 36 42 46 58 35 33 38 55 49 49 40 48 51 35 50 
42 53 45 41 40 31 42 48 59 33 33 37 55 50 48 43 51 51 34 52 
43 48 43 41 43 35 41 51 56 33 38 36 58 49 48 42 44 53 34 53 
38 49 41 38 39 36 42 51 58 31 39 33 55 49 50 43 49 50 33 50 
38 47 35 41 43 33 41 50 56 31 39 35 55 49 48 42 51 54 34 56 
38 51 35 40 41 30 42 50 56 33 34 41 54 48 48 41 45 54 35 53 
40 52 45 39 40 33 43 50 56 33 33 35 53 50 50 40 51 52 35 53 
39 47 43 39 45 35 42 55 59 31 35 37 57 49 49 41 44 52 34 48 
38 53 39 37 41 33 43 45 56 34 36 40 54 49 48 42 50 52 35 48 
44 49 41 39 44 33 43 48 55 33 34 41 52 48 48 42 45 51 34 48 
42 51 43 37 44 34 42 45 55 34 37 33 57 49 50 39 49 54 35 53 
42 53 44 42 45 34 41 54 58 32 33 34 56 50 50 40 50 51 35 50 
44 49 36 37 39 35 41 45 55 33 37 35 56 48 50 39 45 53 35 52 
39 48 45 37 40 36 41 49 57 32 38 40 54 48 49 42 47 52 34 50 
43 47 40 39 42 33 43 54 55 35 35 37 58 48 48 41 52 52 33 48 
44 51 41 42 42 35 42 47 56 33 37 40 53 48 49 40 47 53 33 55 
38 47 39 43 40 31 43 55 55 32 35 34 54 50 49 40 46 52 33 55 
43 49 38 37 39 34 43 50 56 31 37 40 56 50 48 42 51 53 34 53 
38 53 41 40 38 35 42 49 57 31 38 40 57 50 49 43 51 52 34 53 
44 47 43 43 40 34 42 50 56 34 34 40 57 49 48 41 52 53 33 52 
40 48 43 40 38 34 41 54 57 34 35 41 55 49 49 43 49 53 35 55 
40 48 43 38 44 34 42 45 56 33 33 36 52 49 48 43 49 50 35 56 
38 52 35 39 41 36 42 54 59 32 35 39 53 48 48 42 46 50 34 53 
44 47 40 37 41 31 43 52 55 33 35 40 56 48 50 42 48 54 33 56 
42 49 39 39 39 31 43 45 55 35 34 36 53 50 48 41 50 53 33 56 
44 50 45 37 44 35 41 50 57 32 36 36 56 48 49 41 44 54 34 52 
41 49 42 39 43 36 41 49 56 35 35 41 56 49 49 42 51 52 35 50 
44 49 41 39 42 32 42 49 57 31 35 38 56 49 49 43 52 51 34 54 
41 52 45 37 41 34 41 54 58 35 38 38 52 48 50 42 51 52 33 47 
40 50 35 39 38 35 41 45 57 33 36 37 53 48 49 41 52 50 33 56 
44 53 39 39 38 32 43 49 55 34 36 34 52 50 50 43 50 50 33 56 
39 53 39 38 43 34 43 47 57 31 36 35 56 49 48 39 50 54 34 52 
38 49 41 40 44 36 41 55 59 34 35 37 52 48 50 42 52 51 35 56 
41 53 38 43 37 33 43 55 56 34 33 40 54 49 49 39 49 52 34 55 
39 53 39 39 38 30 42 54 55 35 35 33 53 48 50 41 48 53 35 48 
40 52 44 38 38 30 43 49 56 35 36 37 55 49 48 39 52 54 33 46 
42 48 39 43 39 30 41 51 58 31 36 37 56 48 49 43 51 50 33 52 
40 52 37 43 37 34 41 51 55 34 37 33 57 50 50 42 46 54 35 54 
38 49 44 41 43 30 43 48 59 34 37 37 55 48 48 39 45 51 34 49 
44 53 43 43 45 33 43 53 57 35 38 39 54 50 49 41 47 51 34 49 
41 47 45 41 40 35 41 49 58 33 34 41 54 49 50 39 48 54 35 51 
43 51 44 38 43 31 43 49 55 34 38 36 57 50 50 40 44 53 34 46 
42 52 39 41 40 32 41 55 59 35 37 37 54 50 49 39 45 52 34 52 
41 52 41 39 38 33 43 47 58 31 38 35 52 49 48 43 45 51 33 46 
43 52 35 43 43 35 41 54 55 34 35 41 53 50 50 43 49 52 33 50 
43 53 44 38 39 32 41 49 57 32 34 40 57 49 50 40 48 51 35 56 
40 52 42 38 38 36 41 47 58 34 36 40 56 50 50 39 49 54 34 54 
44 51 42 37 43 30 41 55 59 31 33 34 57 50 48 39 48 51 33 49 
40 53 40 39 41 31 41 48 56 34 35 41 57 49 49 42 48 53 35 52 
40 51 41 39 43 32 42 52 57 33 38 36 53 48 49 40 47 50 35 55 
43 47 40 41 44 32 42 47 59 31 33 36 55 49 49 42 45 50 35 49 
42 53 37 41 39 30 41 54 55 33 33 40 52 49 50 39 52 50 35 48 
41 52 39 41 40 34 42 47 55 35 37 34 55 48 48 40 51 50 33 49 
42 48 45 42 42 30 42 50 58 34 34 41 54 49 50 40 45 53 34 55 
44 52 35 43 38 34 41 47 58 35 33 35 58 50 48 41 44 53 34 54 
43 48 43 40 42 36 43 50 56 33 36 40 58 50 48 40 52 51 34 54 
42 53 42 40 38 36 41 55 57 33 35 39 55 50 48 42 47 51 33 54 
44 47 44 43 45 36 43 50 59 31 35 34 53 49 50 39 45 54 33 49 
39 48 44 42 42 30 43 47 58 31 35 40 55 49 50 41 45 53 33 56 
42 47 39 37 43 30 41 52 59 35 38 35 53 50 50 39 48 50 35 46 
38 50 44 40 37 31 43 55 59 33 34 39 58 49 50 41 49 53 34 51 
43 47 36 40 38 36 43 50 56 34 35 41 54 50 48 40 50 51 34 55 
38 52 38 41 40 34 41 48 57 34 35 33 58 49 48 40 51 51 33 53 
42 49 41 42 43 30 43 46 56 31 37 34 53 50 48 42 45 50 35 51 
41 51 39 38 38 34 42 45 59 35 34 41 58 49 49 39 50 52 35 48 
44 51 40 43 45 36 43 48 56 31 39 37 57 48 50 41 47 52 34 53 
43 50 44 40 37 34 43 47 56 31 36 40 53 50 50 41 52 53 34 50 
40 48 40 37 39 31 43 48 59 33 35 34 56 49 48 40 44 50 35 50 
39 47 44 40 41 31 43 45 59 34 36 41 57 50 48 40 50 51 33 52 
39 48 45 42 38 31 43 46 56 31 33 39 55 48 48 43 48 50 33 49 
44 53 40 41 43 33 42 47 58 31 35 40 57 50 49 41 45 54 35 54 
41 48 44 37 39 30 41 47 59 33 39 37 56 48 50 39 51 51 33 46 
42 47 42 37 44 33 41 46 56 34 36 40 52 49 48 40 52 54 33 56 
43 51 38 43 40 33 43 45 58 34 36 39 58 48 49 39 46 53 33 55 
43 51 45 37 39 35 41 46 57 35 38 38 55 48 48 41 52 53 35 50 
38 50 43 39 41 34 42 55 59 33 34 34 57 50 49 40 48 52 35 55 
38 51 44 41 37 34 42 54 59 33 38 36 52 49 48 39 47 51 33 46 
42 49 35 41 41 34 42 48 58 34 34 37 54 48 48 40 46 52 35 52 
40 48 42 38 38 34 43 54 55 32 35 37 58 48 48 43 51 50 34 49 
43 50 43 42 38 36 41 47 56 32 37 36 57 49 50 40 52 50 33 51 
38 48 35 42 45 35 41 48 56 35 35 37 58 50 50 40 52 53 35 52 
39 49 43 37 39 36 43 52 58 33 38 40 58 50 50 39 47 54 33 50 
42 53 42 38 44 31 41 46 57 34 33 38 58 49 49 41 46 54 33 53 
42 52 40 38 41 33 42 49 57 32 33 41 55 50 50 41 47 53 33 49 
40 52 37 40 38 30 41 45 56 32 33 37 52 50 48 41 51 53 34 55 
42 50 42 37 38 31 42 48 57 31 38 34 57 49 48 39 47 53 33 49 
40 53 44 42 37 32 43 47 56 33 37 41 52 50 50 39 45 53 35 56 
43 53 40 39 39 34 43 50 57 33 34 41 53 49 48 41 46 50 34 46 
40 53 45 37 44 35 43 47 55 34 37 39 54 49 48 43 44 52 34 48 
39 49 37 43 39 36 42 53 57 32 38 41 53 48 49 41 49 50 35 47 
38 52 45 37 44 35 41 54 58 31 37 39 55 50 50 43 52 54 34 46 
39 51 42 43 41 36 41 47 56 32 39 36 52 49 49 43 51 52 33 51 
38 47 40 43 44 36 43 52 55 32 37 36 54 50 49 42 49 51 34 54 
41 50 40 42 37 36 42 49 58 32 34 39 56 48 48 42 52 51 35 54 
44 47 35 39 41 30 42 51 57 35 33 34 58 49 50 39 50 52 34 53 
39 50 37 38 43 34 41 51 58 34 33 34 54 48 50 39 52 50 34 51 
39 49 45 38 38 35 41 53 56 31 37 39 53 48 49 41 47 52 35 55 
41 49 36 39 44 34 42 46 56 33 38 36 58 50 48 43 45 54 34 56 
41 49 43 41 44 33 41 53 57 32 36 36 52 50 50 42 52 54 33 48 
40 49 38 43 40 31 42 54 58 34 38 33 58 49 48 40 45 51 33 47 
40 53 42 41 45 31 41 53 59 35 34 33 52 48 50 39 50 53 35 56 
42 48 36 37 45 30 41 48 58 31 38 38 54 48 50 40 45 54 34 54 
38 51 41 38 41 32 43 51 56 34 35 40 52 48 48 41 50 54 35 48 
43 47 37 41 45 30 42 47 59 35 38 35 54 49 48 43 44 53 33 47 
44 49 44 40 37 36 42 51 57 33 36 40 53 49 50 40 48 54 35 51 
39 48 37 39 44 34 42 50 55 34 38 40 58 50 48 40 45 50 35 47 
40 49 41 37 40 32 42 55 59 31 37 36 55 48 49 41 52 52 33 48 
38 53 40 38 43 36 42 49 55 34 34 41 58 49 49 40 51 50 33 50 
44 51 41 41 41 36 41 54 59 34 35 34 56 48 48 41 44 53 35 47 
43 48 36 37 41 35 43 52 55 34 36 33 53 50 49 41 51 53 34 48 
40 52 37 41 39 33 41 53 58 32 34 41 57 50 50 42 49 52 35 51 
43 51 37 43 41 35 41 45 59 34 39 41 56 50 48 41 48 54 34 55 
44 48 45 37 38 35 41 55 56 33 36 36 55 50 48 43 45 51 35 54 
42 50 38 42 44 32 43 54 56 35 37 39 58 48 49 43 44 54 33 56 
40 51 45 39 37 32 42 53 58 33 38 34 58 50 48 42 44 53 35 46 
38 52 45 43 44 36 41 54 59 35 35 38 53 48 49 39 45 50 33 46 
41 51 36 38 41 30 41 45 58 31 36 39 56 50 50 43 49 51 33 53 
40 50 44 37 42 32 43 51 57 31 34 41 52 49 49 40 50 54 34 54 
43 49 38 41 44 36 41 50 55 31 36 35 55 50 50 41 45 50 33 50 
39 48 40 41 40 32 41 51 59 34 33 35 53 50 48 39 46 50 34 55 
39 47 37 37 42 31 43 45 58 31 36 33 52 49 50 42 49 51 33 53 
39 47 36 41 44 31 43 51 58 33 36 33 56 50 49 43 48 51 33 47 
38 49 43 42 43 31 42 51 55 31 33 39 54 50 49 43 46 53 34 46 
38 49 35 37 39 32 41 48 58 34 34 39 52 48 50 40 46 54 33 50 
44 50 35 43 45 32 43 47 59 35 33 41 57 49 48 41 45 51 33 46 
42 50 44 41 40 33 43 45 57 35 38 40 57 49 50 43 47 52 33 49 
41 51 35 41 42 32 41 51 55 34 39 41 55 50 48 43 47 53 34 46 
43 47 44 38 37 35 43 47 55 33 38 37 57 49 49 43 49 50 34 53 
38 53 41 41 42 35 43 52 57 35 33 36 57 50 48 40 44 51 34 48 
38 53 40 37 38 30 42 49 55 33 36 41 56 48 49 39 49 53 34 54 
42 52 40 39 39 34 42 49 59 34 35 38 52 48 48 40 48 50 35 49 
43 47 35 43 45 36 43 45 58 32 35 38 57 50 48 43 49 53 33 53 
44 52 35 43 45 35 43 45 56 34 39 41 55 48 49 41 51 51 33 47 
42 50 44 40 37 32 41 52 59 33 33 33 52 50 49 42 46 50 35 53 
43 53 45 42 41 31 43 51 57 32 34 35 58 48 49 42 48 50 34 48 
42 53 42 42 38 34 41 52 57 32 39 41 58 50 49 43 46 50 34 46 
38 51 37 42 42 30 41 53 57 31 33 41 53 50 48 42 46 52 33 56 
43 49 37 37 42 32 42 54 59 31 33 40 52 50 48 41 50 53 33 47 
43 47 35 37 40 32 42 50 57 33 39 38 56 50 48 41 48 54 34 52 
44 52 35 41 40 30 43 54 56 31 33 41 58 49 49 40 48 54 35 49 
38 48 37 42 40 31 41 45 55 33 35 34 52 50 49 42 51 51 33 46 
40 51 37 38 37 32 43 48 56 33 33 34 55 50 50 41 49 51 35 52 
41 53 41 40 38 32 42 45 55 33 34 37 57 48 49 39 48 50 33 47 
43 49 37 40 38 32 42 55 57 33 38 41 54 50 48 40 51 50 35 55 
39 49 39 40 42 33 43 47 56 32 36 38 52 49 49 39 47 53 35 55 
39 50 44 39 43 33 42 53 58 35 37 41 58 48 49 39 44 52 35 49 
43 51 41 39 45 31 42 45 59 31 36 33 57 48 48 40 48 54 33 55 
38 53 38 38 42 30 43 48 58 32 33 33 56 50 49 42 45 51 35 51 
42 47 40 39 42 33 41 45 59 32 38 35 52 49 49 42 52 51 35 51 
38 49 36 38 37 35 42 51 59 31 38 35 56 50 50 39 50 51 33 49 
43 53 39 42 38 32 43 48 57 35 39 34 55 50 50 39 52 53 34 48 
43 51 37 37 39 33 41 47 55 32 35 36 57 50 48 39 51 54 34 49 
42 50 45 42 45 33 41 54 59 35 39 41 57 49 50 39 47 52 34 52 
38 50 41 39 42 33 43 45 56 31 37 37 53 48 49 41 47 53 33 56 
41 48 38 39 42 34 42 47 57 33 39 33 55 49 50 40 45 51 34 50 
38 47 43 40 38 31 41 50 55 32 35 35 52 49 48 39 49 53 33 49 
41 50 41 40 40 30 41 51 59 32 34 35 57 50 48 39 46 50 35 55 
39 51 40 43 38 36 41 53 55 33 37 33 53 48 49 39 45 54 33 50 
38 48 39 37 39 30 41 51 59 31 38 40 52 49 48 42 51 54 34 46 
44 53 41 38 43 35 43 49 56 31 33 33 56 50 49 40 49 51 34 47 
40 49 39 42 45 31 43 54 56 31 34 38 57 48 49 43 48 51 33 51 
41 48 41 39 42 33 42 52 56 35 35 37 58 49 49 40 52 52 35 55 
42 48 40 39 40 35 42 46 59 32 34 37 58 49 50 39 50 50 34 50 
42 49 40 37 45 35 42 45 59 31 35 40 56 50 49 40 45 51 35 52 
41 51 35 40 38 32 41 47 57 33 37 41 57 49 50 43 50 50 35 52 
42 50 36 42 39 32 43 46 55 32 38 36 53 49 49 43 47 52 35 50 
42 50 36 42 39 36 42 55 55 34 36 38 58 50 49 41 46 52 34 55 
38 51 44 40 45 35 41 45 58 32 38 35 57 48 48 43 48 52 34 54 
42 52 42 40 44 36 41 48 56 31 39 37 54 49 49 41 52 52 34 51 
42 48 45 38 43 30 43 55 57 32 34 39 52 50 50 41 49 50 33 56 
42 51 45 38 45 34 43 54 58 33 36 33 57 49 50 41 47 54 35 48 
41 53 39 40 37 30 41 54 57 32 33 37 56 50 48 39 49 50 33 54 
39 51 37 43 41 32 43 48 56 33 34 36 53 48 49 41 49 52 34 51 
43 51 38 43 41 36 41 54 57 31 33 39 52 49 48 41 44 54 34 49 
43 53 35 43 40 30 43 45 59 35 34 41 58 50 48 39 51 51 33 55 
42 47 40 38 40 34 42 46 58 35 36 38 55 50 49 41 46 50 35 51 