54 33 40 34 46 57 68 51 47 62 56 62 56 54 29 41 54 45 51 49 
52 31 40 33 49 55 58 50 48 60 57 59 53 49 31 42 56 45 51 46 
51 31 40 29 47 54 60 47 39 62 55 61 52 54 29 42 57 47 52 51 
53 33 41 32 47 55 64 47 39 61 60 62 54 53 31 41 57 47 52 45 
50 32 40 33 46 53 68 50 43 60 63 64 49 55 29 47 56 45 52 47 
52 32 40 34 48 57 60 49 43 61 60 58 49 49 29 44 54 46 52 50 
51 32 39 34 47 57 61 49 47 61 62 58 49 53 30 43 57 47 52 45 
48 33 42 31 45 57 67 48 47 61 62 64 57 53 29 46 54 47 52 53 
54 32 42 34 49 53 60 51 48 60 63 63 54 51 30 46 55 47 50 52 
53 31 40 33 45 56 64 49 43 61 57 64 48 48 29 44 56 45 51 51 
50 33 38 34 47 57 61 48 40 62 59 66 53 56 31 41 55 46 52 51 
53 33 41 29 47 56 67 51 39 62 56 58 54 56 30 44 57 46 51 47 
49 31 39 29 46 53 66 51 39 61 60 65 55 48 30 44 54 46 51 50 
50 33 41 33 49 54 59 51 47 62 61 61 54 52 30 47 55 47 51 50 
54 31 38 31 45 56 64 47 39 60 59 58 49 54 31 47 55 47 52 46 
49 31 39 34 49 56 58 47 48 60 57 58 50 56 30 44 56 46 52 46 
54 33 42 28 48 55 68 50 43 61 59 58 50 48 30 47 57 46 52 47 
52 31 38 30 47 57 66 48 44 61 63 61 50 49 31 41 56 47 52 51 
52 33 38 32 48 53 65 51 41 62 56 65 49 50 31 45 56 46 51 48 
51 32 39 34 48 55 61 51 44 61 63 61 51 53 29 43 55 46 51 48 
48 33 42 31 49 56 58 51 45 62 56 62 49 53 30 43 57 46 52 50 
52 33 42 28 48 55 68 47 47 60 55 66 50 51 29 46 55 45 50 47 
52 33 41 33 49 55 61 49 48 60 62 64 50 48 29 46 54 45 51 48 
49 31 40 32 45 54 61 50 38 62 62 58 52 54 31 44 57 45 52 53 
48 32 42 29 49 55 63 49 48 61 55 63 56 52 31 41 57 45 50 51 
49 31 39 29 47 56 63 50 41 62 56 62 55 55 29 42 54 47 51 46 
52 31 40 32 46 56 61 47 39 62 59 62 55 52 31 46 55 46 52 51 
52 32 40 32 49 57 60 50 38 60 57 62 57 52 29 44 53 46 51 51 
50 33 38 33 45 57 65 47 38 61 58 61 51 55 30 47 54 47 52 48 
51 32 40 31 46 55 67 48 44 61 63 62 53 51 29 41 56 45 50 45 
53 31 41 31 47 53 65 48 40 62 62 64 47 55 31 46 55 46 52 46 
50 31 42 32 47 57 65 48 42 60 59 59 53 56 29 44 55 47 50 47 
51 31 40 31 48 57 66 51 40 62 55 66 56 56 31 47 57 46 51 47 
48 32 42 34 46 55 65 48 47 61 59 58 56 52 31 41 54 46 52 45 
52 31 39 30 45 53 66 49 38 61 56 66 55 54 31 42 54 46 50 48 
53 31 41 31 48 53 60 48 46 60 61 61 56 50 31 42 57 45 50 46 
49 31 42 33 48 56 66 48 47 60 56 66 48 55 29 47 57 46 52 49 
51 33 42 29 47 56 61 48 41 62 59 63 49 53 30 45 56 46 52 47 
51 33 41 31 49 57 67 47 48 62 56 64 51 55 31 46 57 47 52 46 
53 33 38 29 45 54 58 49 41 60 58 66 53 48 30 43 56 47 51 45 
51 33 42 30 45 56 66 50 46 60 59 63 54 51 31 42 55 46 52 51 
53 32 39 31 47 56 65 49 42 60 56 63 55 56 30 47 56 46 50 52 
50 32 39 30 47 54 67 47 48 60 59 63 56 49 29 47 56 46 52 51 
49 32 42 34 47 53 58 47 39 61 57 65 48 50 29 45 54 46 52 47 
54 31 38 29 49 55 59 50 40 60 56 61 55 53 30 42 56 45 51 48 
54 31 40 30 45 57 67 47 38 61 61 58 54 49 30 46 56 47 50 48 
49 31 41 33 46 57 61 48 42 62 56 63 52 48 30 44 53 46 52 46 
52 31 40 30 46 57 58 48 39 61 56 58 51 55 31 43 53 47 52 51 
50 33 40 29 45 56 62 47 40 60 61 66 57 48 29 46 53 45 52 46 
54 32 42 31 46 55 59 50 39 62 58 60 51 55 31 47 53 45 50 53 
51 31 42 28 45 55 63 50 40 62 61 58 49 52 29 41 54 45 52 52 
51 31 40 29 47 55 66 48 47 61 61 63 57 55 29 43 56 45 52 52 
49 33 42 32 46 54 62 47 43 62 61 65 56 54 31 47 53 46 52 48 
50 33 42 32 47 55 68 49 47 61 55 62 54 48 30 43 57 47 50 46 
54 32 42 29 46 57 68 48 44 61 62 60 52 52 31 42 55 47 51 51 
53 33 38 32 45 57 66 47 48 61 58 66 55 54 29 43 55 47 51 46 
54 32 41 34 45 57 62 49 46 60 59 62 53 49 30 42 57 47 51 45 
52 31 42 29 45 56 68 51 42 62 56 62 57 52 31 43 54 46 51 50 
50 31 41 28 45 53 66 49 47 62 55 66 54 56 31 43 56 46 50 47 
49 31 42 29 46 53 58 48 38 60 56 59 47 56 30 42 57 47 51 47 
50 31 39 34 47 57 67 48 40 60 62 62 47 52 30 44 56 47 52 47 
53 32 42 31 45 54 58 47 39 61 59 59 57 50 29 47 54 47 51 45 
50 33 38 34 45 57 63 49 42 62 60 62 57 55 29 44 53 45 50 52 
52 32 38 33 47 55 60 47 41 62 63 59 48 56 30 43 53 47 52 46 
53 33 42 34 48 56 65 49 38 60 61 59 52 56 31 41 56 45 51 45 
53 32 40 32 45 53 59 49 44 61 63 66 57 50 30 44 55 47 52 47 
50 31 39 33 47 54 64 49 39 62 63 65 47 54 31 41 56 46 51 52 
54 33 41 31 45 57 68 51 47 61 61 61 54 54 31 46 54 46 51 53 
48 31 42 34 47 55 66 51 42 61 57 65 50 54 29 41 55 45 52 46 
49 33 38 30 45 53 58 51 43 60 63 60 53 50 31 44 57 46 52 53 
54 31 42 30 45 54 64 50 44 61 62 64 50 52 30 45 55 45 51 49 
52 33 41 30 49 53 61 48 44 62 56 66 48 50 31 47 57 45 52 51 
48 32 41 29 49 54 58 51 44 62 60 60 51 56 29 41 56 47 52 46 
51 32 38 31 49 54 65 48 41 62 58 58 53 49 30 45 56 47 52 45 
53 33 40 34 47 57 58 47 46 62 57 58 48 53 29 41 56 47 50 45 
51 32 40 31 47 57 59 47 41 61 60 66 55 56 29 44 55 47 50 53 
49 32 41 34 46 57 61 49 38 61 62 59 52 50 29 47 57 45 50 53 
50 33 38 34 47 56 66 48 39 61 57 60 55 54 31 43 54 45 51 47 
54 31 39 28 46 54 60 47 41 62 57 62 49 54 30 46 55 46 51 53 
53 32 39 33 46 57 58 50 44 60 61 66 56 55 29 41 54 46 52 50 
51 32 39 29 49 53 68 47 46 61 62 63 47 48 31 47 57 47 50 52 
51 31 40 32 47 54 58 49 43 61 61 59 51 50 30 46 56 47 50 45 
53 31 42 28 47 54 63 50 43 60 60 58 52 50 29 46 55 45 51 53 
49 32 40 34 45 53 66 49 46 61 57 61 57 49 29 41 53 46 50 49 
49 31 39 29 45 56 67 50 44 60 55 58 52 54 31 42 56 45 50 52 
50 32 41 32 49 54 64 47 45 60 59 60 54 52 31 46 57 46 51 51 
51 32 41 34 48 55 63 48 43 61 63 64 55 51 29 41 57 47 50 48 
49 32 38 31 47 56 58 48 47 62 63 65 55 53 31 47 53 47 52 45 
49 32 40 33 46 55 62 48 46 62 62 63 52 55 29 41 56 45 51 53 
53 32 39 29 45 54 63 50 41 61 61 61 49 48 31 42 55 46 50 47 
53 33 40 31 46 57 59 50 40 62 60 66 57 49 31 45 53 47 52 45 
50 31 42 31 48 56 68 50 46 61 55 59 56 53 31 42 56 46 52 45 
54 31 39 30 47 54 60 51 41 60 58 63 51 56 30 46 53 46 51 46 
51 33 38 32 46 53 68 49 48 60 55 65 53 48 29 47 53 46 51 51 
48 31 40 28 45 57 67 47 44 62 59 59 48 50 30 42 53 45 50 48 
50 32 40 33 47 54 64 48 40 61 60 61 57 48 29 46 54 45 52 53 
50 33 39 29 48 56 59 47 45 61 59 64 54 48 30 46 57 47 51 49 
54 33 41 29 48 57 60 49 48 62 61 60 53 48 31 47 57 46 50 51 
52 31 42 31 48 56 66 47 41 61 61 60 50 48 29 47 57 47 50 47 
53 32 41 31 49 55 62 47 46 61 60 58 57 51 30 41 54 47 51 53 
51 33 38 30 47 57 62 47 41 61 59 59 57 49 31 47 57 46 52 49 
48 32 42 30 46 55 63 50 38 61 63 61 57 50 30 41 57 46 51 53 
49 33 38 33 49 53 66 48 44 62 58 59 51 50 31 44 54 46 52 51 
50 31 39 32 45 56 59 47 40 61 57 64 48 56 30 42 55 46 50 46 
53 31 41 30 46 55 59 50 48 62 55 61 49 49 29 47 54 45 52 46 
54 32 42 33 49 57 67 47 41 62 62 58 55 50 29 44 55 46 50 45 
51 33 40 30 48 57 67 48 43 62 56 61 54 53 29 44 54 46 50 47 
49 32 41 31 45 57 61 49 44 62 57 58 50 56 30 47 54 46 52 48 
51 33 42 28 47 53 60 51 43 60 62 58 54 48 31 45 56 47 50 45 
51 31 42 31 49 56 66 51 47 60 61 60 55 55 30 46 53 47 51 53 
52 32 42 30 46 53 65 49 40 61 63 62 49 53 31 42 53 47 50 48 
51 31 39 32 49 57 59 49 43 60 56 61 50 56 29 43 57 47 51 52 
50 32 39 32 48 54 62 51 48 61 59 58 56 48 29 44 53 46 51 47 
53 32 41 28 48 56 64 50 46 61 56 61 48 54 30 43 53 46 52 50 
50 33 38 28 47 55 65 49 46 61 58 63 55 51 31 41 54 45 52 48 
49 32 41 30 47 54 65 51 45 60 56 58 54 56 29 42 56 45 51 48 
52 31 42 28 46 53 61 49 48 60 59 60 50 51 31 47 53 46 50 48 
54 32 41 31 48 56 65 49 44 62 62 60 49 56 31 45 57 46 51 45 
50 32 41 33 48 55 62 49 42 61 55 62 52 56 30 46 56 46 50 52 
51 31 39 28 45 55 64 48 48 60 59 66 51 56 30 44 57 45 52 47 
49 33 39 33 45 57 67 51 48 60 56 59 57 53 30 44 54 47 50 48 
51 31 38 28 47 53 65 49 44 60 57 66 48 54 31 46 54 45 52 48 
50 32 39 29 47 53 65 47 45 61 56 64 57 50 30 44 54 47 51 52 
52 33 40 29 47 55 64 48 39 62 62 66 51 53 29 43 54 45 51 46 
52 31 39 34 45 55 65 48 46 60 55 64 52 56 31 44 55 47 50 53 
50 31 42 30 49 54 67 49 42 61 55 62 55 48 31 45 53 46 51 53 
54 32 40 32 45 57 58 51 44 62 61 66 47 53 31 45 56 46 52 53 
49 33 41 34 45 55 64 51 46 62 58 66 54 54 31 47 55 45 50 53 
51 32 42 34 47 53 63 49 46 61 56 64 57 52 30 47 54 47 50 48 
52 32 40 31 47 55 63 47 40 61 63 63 57 48 31 46 57 46 50 50 
51 33 41 28 45 53 59 47 40 61 56 62 55 55 29 45 55 46 51 45 
52 32 42 32 49 55 58 50 39 62 63 63 55 54 30 41 53 45 51 49 
48 33 39 29 48 56 66 48 45 61 58 65 49 51 29 43 56 46 50 53 
52 32 38 28 46 54 67 51 47 62 58 60 53 50 31 47 53 47 52 49 
49 32 42 33 49 54 60 50 42 60 60 66 56 56 30 46 53 45 50 51 
53 33 38 30 49 54 66 50 38 60 58 66 53 54 29 43 55 47 52 49 
50 31 39 34 45 57 62 50 46 62 63 63 47 51 30 46 57 46 51 51 
54 31 42 33 47 54 60 49 47 61 57 60 50 55 30 47 54 47 51 48 
53 33 40 32 47 53 65 51 43 61 55 61 51 53 29 44 55 46 52 53 
54 32 41 34 48 53 61 49 42 62 61 62 57 56 31 41 54 46 50 45 
51 32 40 34 45 55 64 47 42 60 62 62 51 48 30 44 57 45 51 46 
52 33 38 29 48 57 59 49 40 62 61 65 50 54 31 47 53 45 51 46 
49 33 42 28 47 56 64 50 40 62 58 59 47 49 29 42 54 46 52 46 
54 33 38 31 45 57 64 50 48 62 59 59 55 51 31 44 53 45 51 51 
48 31 38 33 47 57 68 49 45 61 60 66 55 52 30 41 53 47 50 49 
48 33 42 33 46 53 66 51 42 61 58 61 54 56 30 41 57 45 51 49 
48 33 40 30 48 54 65 50 40 61 55 58 50 53 30 47 56 46 52 52 
52 33 41 32 49 56 63 49 39 60 58 60 53 51 30 44 57 46 51 47 
51 32 41 31 46 53 68 49 44 62 63 60 54 50 29 41 55 46 50 47 
48 33 38 32 49 54 66 50 43 60 62 65 55 55 30 41 57 45 51 46 
51 32 42 28 49 54 66 49 38 61 59 66 52 56 30 43 56 47 50 52 
52 33 42 29 45 57 61 51 43 60 58 62 50 53 30 43 55 47 50 50 
53 31 40 33 45 53 63 48 48 61 61 64 49 54 30 45 53 46 52 46 
51 33 39 30 47 54 66 48 45 60 57 63 47 49 31 44 53 45 51 53 
52 31 41 30 47 55 67 49 46 60 59 65 47 50 29 46 57 46 52 49 
49 33 40 31 49 54 58 48 47 62 58 59 48 54 29 41 56 45 52 48 
49 31 41 30 47 55 61 50 42 60 56 58 55 49 29 46 54 47 52 51 
48 33 41 29 47 55 63 48 45 62 63 62 50 54 31 44 53 45 52 49 
48 31 40 32 47 56 66 50 38 62 63 65 49 50 30 45 54 46 52 49 
50 31 41 29 47 55 62 49 45 61 63 63 49 49 29 42 56 45 50 45 
50 33 38 28 47 55 62 50 38 60 61 61 48 56 31 45 53 46 50 45 
49 33 42 28 46 56 65 50 46 61 56 65 47 51 31 45 56 47 51 45 
53 33 38 30 46 55 61 49 43 61 55 62 50 49 31 43 54 47 50 50 
52 31 39 31 45 53 66 47 40 61 55 60 55 54 29 42 56 46 51 49 
51 31 38 33 48 54 60 50 46 62 56 58 47 55 29 41 53 45 52 53 
50 32 39 28 47 57 68 50 46 62 58 62 50 56 31 43 56 47 51 50 
53 31 38 29 45 55 68 49 42 60 58 60 55 54 29 42 57 47 52 50 
48 32 41 31 45 55 60 50 43 61 61 66 55 54 31 43 55 45 51 52 
53 31 39 28 45 55 59 48 47 60 61 60 53 53 30 47 56 45 50 52 
48 31 42 34 45 57 62 51 42 60 61 66 50 50 30 47 55 45 52 45 
50 31 38 33 49 54 67 49 42 60 58 58 47 52 30 42 55 45 51 50 
53 32 41 30 48 56 68 50 40 61 60 65 51 53 29 45 56 47 50 46 
54 33 42 28 47 56 67 51 47 61 62 61 57 53 31 45 53 45 50 53 
53 31 38 29 48 55 61 51 40 61 62 59 51 50 31 44 55 47 52 52 
54 33 42 33 48 57 58 49 41 61 60 62 47 48 31 43 56 46 50 49 
54 32 41 28 46 56 63 48 47 60 60 61 56 48 31 47 56 45 50 51 
48 32 41 32 45 53 58 49 48 60 56 64 55 52 30 44 55 47 52 47 
50 33 39 29 48 54 67 47 40 61 55 66 52 48 31 47 55 46 52 51 
49 32 42 29 47 57 61 50 41 60 58 60 49 50 31 43 56 46 50 47 
50 33 40 33 48 57 61 49 47 60 61 59 48 53 30 46 55 45 50 52 
49 31 38 29 48 54 61 50 39 61 57 61 55 53 31 44 54 47 51 47 
52 33 40 33 49 56 60 49 41 61 61 64 51 50 31 41 56 45 52 49 
48 31 41 31 49 56 60 47 42 61 60 64 48 51 31 44 55 45 51 52 
53 33 41 33 46 53 58 51 41 60 61 59 55 56 30 43 57 47 51 50 
53 32 40 32 47 54 67 50 45 60 55 58 52 49 31 41 56 47 50 48 
50 33 41 28 46 56 58 47 39 62 61 63 51 55 31 47 55 46 51 47 
53 33 42 33 48 56 65 51 40 61 61 58 49 49 29 44 53 47 52 46 
52 31 42 33 48 54 68 50 47 62 60 61 57 56 29 47 56 46 50 49 
50 33 41 34 47 54 65 50 38 60 58 63 51 51 30 47 57 45 51 45 
53 31 40 29 46 53 59 48 42 61 56 61 48 56 30 47 54 45 52 47 
48 31 40 28 47 54 67 49 48 60 56 60 48 52 31 41 53 45 50 52 
50 33 41 34 46 56 68 47 40 60 58 59 49 53 29 42 57 47 51 45 
48 31 42 28 49 56 60 48 41 60 57 65 49 56 31 47 56 47 51 50 
51 33 40 32 49 57 63 50 42 60 55 64 55 56 30 46 55 46 51 48 
49 32 39 30 48 56 60 48 44 61 62 62 48 55 29 43 56 46 51 49 
52 31 41 32 48 54 62 47 38 61 55 59 55 48 31 47 53 46 50 52 
54 32 39 34 45 55 68 47 46 61 58 61 47 56 29 41 57 45 50 48 
51 33 42 32 45 54 62 49 41 62 61 65 47 54 30 41 57 47 50 47 
49 33 38 34 47 53 68 50 45 61 61 61 55 50 31 46 55 45 50 51 
52 32 39 33 48 56 61 47 44 61 60 65 52 54 30 45 53 46 51 46 