62 54 41 69 53 42 45 40 71 56 48 53 45 56 49 47 66 34 25 45 
64 57 39 71 57 42 47 46 65 58 41 51 42 56 51 52 66 33 25 43 
66 54 46 72 54 40 43 41 69 56 43 54 44 56 51 50 67 34 26 43 
65 55 44 66 62 40 48 49 72 57 45 54 45 54 49 50 67 33 27 43 
62 55 41 68 60 40 46 49 66 56 40 49 45 54 49 47 68 33 27 44 
63 59 38 65 56 40 46 46 67 57 48 52 44 54 49 46 68 34 27 43 
63 54 42 72 55 41 48 48 68 58 40 48 47 55 50 52 59 33 26 46 
62 57 43 65 54 40 46 48 64 56 45 48 45 54 50 46 67 33 27 45 
67 52 43 67 58 41 48 45 68 56 44 49 47 56 49 48 63 34 26 44 
66 56 46 68 62 42 49 46 66 57 47 48 46 56 51 52 63 35 27 44 
62 53 45 70 60 41 48 43 65 57 43 48 46 55 51 48 59 34 25 42 
62 51 42 73 55 41 49 43 70 58 40 51 45 54 49 50 62 35 26 43 
64 52 38 65 54 40 42 43 65 57 47 52 43 54 51 48 65 33 25 45 
62 54 41 69 62 42 41 50 68 58 48 49 44 55 51 51 64 34 25 41 
63 54 38 68 55 42 45 41 72 57 44 54 46 54 51 50 64 35 26 42 
64 54 40 69 53 40 49 40 70 56 43 51 46 54 50 47 62 33 25 42 
62 51 38 68 59 40 48 45 68 56 47 51 43 54 51 51 64 33 27 42 
67 59 41 69 57 41 43 50 70 58 45 48 44 54 49 50 69 34 26 46 
64 52 46 67 57 40 44 41 64 58 46 50 43 55 50 48 69 33 25 45 
63 53 44 69 58 42 43 41 72 57 45 54 43 55 50 48 69 33 26 47 
64 53 40 71 62 40 41 41 66 58 44 50 41 54 51 49 59 35 27 46 
67 56 44 65 57 42 49 46 72 56 43 49 45 56 49 48 69 35 27 43 
62 53 43 66 62 41 44 50 72 56 46 52 42 55 50 50 64 33 26 42 
65 56 46 66 61 40 42 47 67 58 46 51 47 55 49 46 61 35 25 43 
62 51 43 68 57 42 44 48 65 58 40 51 42 55 49 52 60 33 26 41 
68 53 44 71 57 40 44 42 71 58 42 50 41 56 51 49 66 33 26 45 
66 53 40 70 60 41 45 46 64 58 41 52 45 55 50 52 69 33 26 46 
63 54 42 67 57 42 42 47 67 56 45 54 43 55 51 46 64 33 27 41 
66 56 39 73 56 41 42 46 71 58 48 51 42 54 51 47 66 34 26 45 
67 53 38 70 52 42 44 41 71 58 45 48 47 55 50 50 61 33 26 44 
62 56 42 70 60 42 46 49 66 58 44 49 46 56 50 47 69 34 25 45 
66 55 46 73 62 42 49 47 71 56 45 53 43 55 50 50 66 35 25 42 
67 54 42 65 53 41 47 47 66 56 46 48 43 55 51 47 69 34 26 44 
62 58 38 70 62 41 45 43 68 56 47 48 45 56 50 48 65 34 26 46 
67 51 45 71 56 41 42 40 64 56 45 53 46 56 51 48 60 33 25 41 
68 52 41 67 57 42 42 46 70 56 44 51 41 56 51 46 61 34 26 47 
65 57 45 69 52 41 45 46 70 58 46 52 45 55 51 51 64 33 27 44 
67 57 44 68 56 41 45 43 64 56 41 50 41 54 50 50 68 33 26 42 
63 56 44 70 54 41 49 45 70 58 48 54 46 55 51 52 69 33 27 41 
66 59 44 70 57 42 44 48 67 58 41 48 41 56 50 48 60 33 25 42 
68 55 41 70 60 40 46 45 67 58 45 49 41 56 51 47 68 33 26 45 
68 54 40 73 62 42 45 44 69 56 45 50 47 54 50 47 63 34 25 41 
67 59 46 66 60 40 44 50 67 56 41 51 46 54 51 52 64 33 25 46 
66 59 46 65 59 41 45 47 71 57 44 53 44 56 49 50 64 33 27 47 
65 58 41 71 57 41 43 46 72 56 48 53 41 56 49 49 65 35 25 47 
65 53 38 69 55 40 41 42 72 56 43 52 43 56 51 50 67 34 26 46 
63 57 39 67 52 42 41 50 71 57 40 52 45 56 51 47 67 33 25 45 
64 53 42 70 52 41 43 50 65 57 41 50 42 55 51 46 66 35 26 43 
68 54 44 73 59 40 48 41 67 56 40 52 46 55 51 46 63 35 27 44 
68 57 46 72 60 41 42 40 70 57 42 49 43 55 50 49 59 34 26 43 
65 59 46 71 56 40 47 40 65 57 48 48 46 55 51 49 69 34 27 43 
62 52 42 66 55 42 48 40 66 56 40 51 41 54 51 46 65 35 27 47 
68 51 45 68 52 40 45 42 66 58 45 48 44 54 49 47 63 34 27 44 
65 59 45 72 61 41 46 50 64 58 45 51 42 56 51 47 67 34 27 43 
68 58 40 66 57 41 43 44 64 57 41 51 47 54 49 49 62 33 27 44 
63 59 44 66 55 40 45 48 66 56 41 52 47 56 51 50 61 34 26 46 
67 57 46 69 56 42 44 42 70 57 44 51 42 54 49 51 69 34 25 42 
68 53 43 69 52 42 49 48 69 58 41 49 45 55 49 50 67 35 25 42 
66 53 45 71 52 40 49 41 69 57 46 53 41 55 49 46 59 33 27 43 
63 54 45 67 55 41 42 43 71 56 46 53 44 55 51 48 59 35 27 43 
62 52 40 73 58 41 47 41 70 58 42 51 44 56 50 47 65 35 25 47 
62 53 44 65 62 42 49 45 64 56 43 49 41 56 50 47 62 34 25 43 
66 54 41 66 55 41 43 49 72 56 45 51 43 55 50 51 69 35 27 43 
65 59 43 72 62 41 45 46 65 56 40 52 47 56 49 47 67 34 26 47 
68 55 45 67 54 42 41 45 67 58 42 51 45 55 51 52 68 34 26 45 
68 54 46 66 56 40 43 46 72 56 40 51 41 56 50 50 59 35 25 44 
62 53 38 73 61 41 49 40 67 57 42 49 46 56 50 46 60 34 26 41 
64 59 45 69 52 40 49 48 71 56 45 52 43 54 50 51 64 34 26 47 
64 56 46 73 54 40 45 40 70 57 42 52 44 55 50 48 62 34 26 47 
66 56 40 69 62 40 41 45 67 56 46 53 44 54 49 50 61 35 25 47 
66 53 39 69 52 41 42 43 68 56 42 52 47 54 49 47 66 34 26 43 
63 53 44 69 54 40 46 45 67 58 42 52 44 55 49 51 62 35 26 41 
67 59 38 72 53 41 49 43 71 58 48 52 41 55 49 49 69 33 27 47 
66 52 43 69 55 41 47 50 64 56 48 52 47 55 51 52 68 33 27 43 
68 55 43 66 53 41 47 50 68 57 44 53 46 56 50 48 61 35 26 46 
64 57 45 67 60 41 42 44 68 57 41 48 44 54 50 51 61 34 26 46 
67 54 46 65 52 40 49 48 64 56 40 49 44 55 49 48 60 34 25 45 
68 54 42 66 57 41 41 50 68 56 42 52 42 56 49 49 63 35 25 44 
68 53 41 68 56 40 43 49 71 58 44 53 45 55 49 46 60 33 26 42 
68 52 44 65 61 42 43 49 72 57 40 48 46 54 49 52 68 35 26 43 
65 54 38 72 60 40 49 40 64 56 42 51 45 54 51 48 62 35 27 46 
68 59 38 67 54 41 44 47 72 56 40 48 45 54 51 48 61 34 27 47 
64 51 38 68 55 41 42 42 66 56 47 50 44 54 51 52 67 34 27 47 
67 51 42 73 59 42 45 41 70 56 46 51 45 54 50 46 69 34 26 47 
64 55 45 72 52 41 48 43 66 58 47 51 41 56 51 52 67 34 27 42 
68 56 42 73 60 41 43 49 64 57 47 52 47 54 50 48 61 35 26 44 
68 51 40 67 61 40 47 41 68 57 43 50 45 54 50 51 60 35 26 41 
66 57 45 67 55 40 42 46 67 58 41 51 43 55 49 47 69 34 26 45 
67 56 43 66 55 41 44 45 70 57 45 50 41 54 50 46 67 35 25 45 
65 55 40 69 56 42 42 40 66 58 45 50 46 56 51 51 66 33 26 47 
66 52 40 69 58 40 44 43 64 58 47 49 46 56 51 50 60 35 26 45 
65 59 42 72 62 40 42 50 68 57 47 48 41 56 50 46 60 33 27 45 
66 53 45 65 55 41 46 47 70 58 42 49 41 54 49 47 62 35 26 46 
66 58 41 69 56 42 41 50 70 56 40 54 46 54 50 52 69 35 27 42 
64 55 42 69 56 40 43 41 67 57 46 51 44 55 51 46 69 35 26 47 
63 58 38 70 60 41 41 42 68 57 43 50 43 56 50 50 66 35 26 46 
62 54 38 68 58 42 42 50 64 56 45 52 42 55 51 47 66 35 27 41 
62 58 46 68 52 41 48 50 65 56 48 54 43 56 49 49 62 33 26 44 
65 56 46 71 52 41 43 40 65 56 46 54 42 56 51 48 66 35 27 41 
64 54 44 71 55 41 43 44 69 57 40 54 41 56 50 51 69 34 27 41 
68 59 41 73 52 40 42 42 70 57 41 54 46 56 50 52 62 34 25 47 
64 55 44 67 62 41 45 42 67 57 44 49 45 55 49 52 63 34 27 42 
63 56 44 67 60 42 48 47 64 56 43 53 46 55 51 47 66 35 25 42 
68 58 44 69 61 41 42 49 65 56 48 48 44 55 50 47 60 33 26 46 
66 53 39 72 57 40 41 41 69 58 46 50 44 55 51 49 68 34 27 46 
67 56 45 69 58 42 48 44 64 58 48 50 45 56 50 46 67 33 26 46 
64 54 41 70 58 41 45 44 67 56 43 49 43 56 51 49 63 33 25 46 
67 53 45 70 61 41 41 48 68 56 43 48 42 54 50 48 60 34 26 43 
67 57 42 72 59 40 43 46 71 56 45 52 43 55 51 51 63 33 26 42 
63 59 40 73 59 40 48 44 66 57 46 49 45 55 51 49 69 33 26 44 
62 53 38 73 59 42 45 47 65 57 43 48 42 55 50 48 59 35 26 47 
63 56 40 73 58 40 44 42 69 57 40 53 44 54 49 46 63 35 26 44 
65 58 42 66 58 42 42 47 71 57 41 50 43 55 51 47 62 33 26 43 
64 57 38 66 62 41 46 45 64 58 44 53 41 55 50 46 67 33 26 42 
67 59 41 73 62 40 42 42 72 58 40 51 47 56 49 48 66 33 26 45 
64 57 43 71 59 41 43 46 64 58 43 53 43 55 51 50 67 35 27 43 
63 51 38 67 61 40 49 44 71 57 43 48 42 56 50 46 64 34 27 47 
65 56 46 67 55 41 49 45 69 57 45 53 46 56 50 49 68 35 27 43 
66 52 41 67 52 42 45 43 67 56 48 53 41 54 51 48 66 34 27 47 
68 57 41 73 55 41 41 40 66 58 47 53 45 56 49 52 59 33 27 41 
64 55 43 67 52 40 47 49 69 56 45 52 45 54 49 49 61 34 25 47 
64 59 39 71 53 42 47 50 71 56 47 51 43 55 51 49 65 33 25 46 
63 51 46 71 54 41 43 44 71 57 47 48 47 56 49 48 67 35 25 44 
62 51 43 69 58 42 46 46 68 56 48 54 47 56 49 49 62 33 27 43 
67 57 44 67 56 42 43 49 70 57 48 50 47 56 51 51 59 33 25 47 
63 51 44 71 60 41 46 49 65 56 41 50 42 56 50 46 69 33 26 41 
67 54 41 73 58 41 44 42 71 58 40 48 47 54 50 50 65 35 27 45 
66 57 38 66 57 40 47 47 70 58 40 51 41 54 49 52 69 33 26 45 
62 54 45 67 52 40 46 45 64 58 47 52 45 55 51 49 60 35 26 43 
68 56 46 71 53 41 46 45 67 56 40 49 41 54 50 48 67 33 27 41 
66 56 44 66 60 42 46 43 68 56 44 52 41 55 49 52 68 34 25 46 
64 58 41 67 61 40 46 48 65 58 47 50 45 54 49 51 62 33 25 44 
62 59 46 70 62 41 45 46 67 56 44 52 46 55 49 47 64 35 26 45 
66 59 39 73 62 42 49 43 70 56 42 50 47 56 51 47 62 35 25 47 
62 53 42 71 56 42 43 47 64 58 48 54 41 56 50 52 65 35 27 46 
68 59 45 72 54 41 44 43 65 57 47 48 45 55 50 47 63 35 25 42 
66 52 45 71 62 40 48 44 67 57 44 54 44 56 50 50 67 34 27 45 
63 58 43 70 52 40 46 41 67 56 47 53 45 55 50 51 65 35 26 46 
62 53 39 73 60 42 47 49 66 57 42 51 47 55 49 47 68 34 27 46 
67 53 40 65 58 40 46 41 72 57 41 51 45 56 50 46 65 33 25 41 
64 56 45 70 60 42 41 41 64 56 42 50 42 54 49 47 69 33 25 45 
68 53 39 69 59 41 45 43 64 57 41 52 44 56 49 50 64 35 25 44 
66 54 41 70 53 41 49 48 67 58 43 48 45 55 51 46 63 34 25 41 
66 54 43 68 62 41 42 50 64 56 40 48 43 56 50 51 60 34 25 44 
62 54 45 67 55 42 48 49 70 58 46 52 44 55 51 49 66 34 25 43 
62 57 43 73 60 40 47 42 65 57 43 52 45 54 50 47 62 35 26 47 
68 53 39 73 59 41 49 48 68 56 40 50 43 55 49 47 69 33 25 45 
63 54 40 67 57 40 47 48 69 57 45 53 42 56 49 51 63 35 26 42 
62 56 40 65 58 42 41 48 67 58 47 52 44 56 49 50 68 34 27 44 
66 59 42 71 56 40 48 42 68 57 47 53 46 54 50 47 62 34 27 47 
65 53 44 69 52 41 42 44 72 58 48 54 44 54 51 51 69 35 25 45 
64 57 45 68 53 40 48 48 72 58 40 50 46 55 49 52 61 33 25 45 
64 54 41 65 58 40 42 40 68 58 43 49 45 56 51 47 62 35 25 42 
62 57 40 70 59 41 43 44 66 57 40 50 44 54 49 51 66 34 26 42 
65 55 45 68 58 40 42 44 69 58 46 54 41 55 49 48 60 35 25 46 
66 58 39 66 62 42 43 48 72 57 43 53 43 56 49 48 59 35 27 41 
64 53 42 71 52 40 48 43 69 57 44 49 41 54 51 46 66 33 26 43 
64 59 43 72 61 41 47 48 69 56 46 54 45 55 49 48 69 33 27 42 
64 53 40 70 59 40 45 49 68 57 46 50 45 54 49 50 59 34 26 46 
68 53 43 71 61 40 47 43 70 57 48 50 44 54 51 49 59 33 27 41 
67 51 39 67 57 42 48 45 70 56 43 53 41 54 50 49 69 33 27 41 
66 53 41 65 53 40 48 45 70 58 42 53 41 54 50 51 66 35 27 41 
67 59 40 70 55 41 42 46 68 56 40 50 47 55 50 46 69 34 26 46 
64 58 42 69 60 40 46 43 65 58 48 52 45 56 51 47 67 33 26 45 
68 58 44 71 61 41 43 44 67 56 40 54 47 56 50 49 63 33 26 46 
63 54 42 73 62 41 43 50 65 56 46 54 42 56 49 47 66 33 25 46 
62 53 44 65 53 42 45 50 71 57 43 48 45 54 49 48 63 34 25 42 
65 57 40 69 61 41 49 42 68 56 44 53 42 56 50 48 62 33 25 47 
63 53 41 71 56 41 43 45 66 57 48 48 47 56 50 50 68 34 27 46 
68 51 46 69 57 40 44 41 64 57 47 54 46 55 49 50 69 35 25 46 
68 57 42 66 59 41 43 48 71 57 42 54 43 56 51 46 64 34 26 43 
65 52 46 68 61 41 41 41 69 57 41 52 42 55 49 50 60 34 27 47 
63 53 42 71 55 42 46 47 72 57 48 51 47 55 51 51 61 35 25 43 
66 57 40 68 55 40 42 40 68 58 48 48 42 56 49 51 61 34 26 42 
62 58 41 70 53 41 43 46 65 56 42 54 45 55 51 50 65 34 27 46 
62 52 40 65 55 42 46 44 69 58 47 50 47 54 50 51 66 34 27 41 
66 57 41 68 53 41 41 40 64 56 43 51 46 55 49 51 65 35 27 47 
66 59 46 66 61 40 47 41 64 56 44 50 47 56 50 48 64 34 26 44 
68 58 41 66 58 41 43 42 65 56 47 51 47 54 51 48 61 34 26 41 
67 54 40 66 56 41 45 44 68 58 40 49 42 56 51 48 64 35 25 43 
67 51 43 65 52 41 45 49 67 58 42 51 46 55 50 51 62 34 25 46 
62 53 41 71 60 41 45 40 69 56 46 50 46 55 49 46 61 34 25 45 
62 54 38 73 59 40 44 48 72 56 43 52 42 54 50 48 61 35 25 45 
67 57 44 66 62 41 43 42 68 57 43 50 47 56 51 49 59 34 27 41 
63 54 41 70 55 41 47 46 64 56 48 51 42 54 50 47 66 34 25 43 
63 56 45 73 62 40 47 43 71 58 41 53 47 54 50 50 60 35 27 46 
68 58 39 66 52 41 49 48 68 58 41 51 44 56 50 46 61 35 26 47 
65 53 40 69 56 42 43 42 71 58 46 54 43 56 51 49 63 35 26 44 
63 53 43 67 52 40 41 50 70 57 41 50 41 54 50 52 62 34 27 44 
68 58 38 69 54 42 46 45 70 58 45 50 41 54 49 51 61 34 27 42 
64 57 38 68 60 42 41 40 72 57 46 54 43 54 50 50 69 34 27 47 
65 58 44 68 60 41 47 40 70 56 48 49 45 56 51 49 60 33 27 43 
65 55 39 71 61 41 42 40 66 57 46 49 42 55 51 47 63 33 27 46 
65 52 38 66 62 42 42 42 65 58 48 53 43 56 49 46 62 34 26 47 
67 53 42 69 55 42 47 50 69 57 41 54 44 54 50 47 59 33 25 45 
66 54 39 72 56 40 48 45 67 57 40 54 47 55 51 52 64 33 26 47 
66 54 39 73 60 42 42 40 65 58 44 50 46 55 51 50 60 33 27 43 
64 58 43 66 58 42 46 43 64 58 43 48 41 54 50 51 66 34 27 42 
66 55 40 72 58 40 41 42 67 56 42 54 46 56 51 50 62 33 26 44 
67 51 38 68 61 41 41 40 67 58 46 48 44 55 51 52 68 35 25 46 