49 38 57 57 10 34 62 47 11 57 17 36 66 47 24 27 27 17 41 65 
50 39 56 55 10 38 60 54 6 57 15 35 66 42 23 28 28 26 44 63 
48 39 58 57 9 38 61 50 9 56 15 36 68 48 23 28 31 21 38 63 
51 39 58 55 10 36 64 51 8 57 15 41 68 44 25 29 26 18 46 64 
53 37 56 55 10 38 61 53 6 56 18 36 66 49 25 27 27 18 41 62 
49 38 58 57 10 36 63 51 5 56 19 36 67 42 25 30 28 22 43 64 
54 39 57 55 8 40 66 54 8 58 15 42 67 42 23 31 28 17 41 62 
53 37 59 57 10 39 65 48 7 56 18 39 67 46 25 27 27 20 42 62 
48 38 58 58 9 35 64 46 4 56 19 40 68 46 25 30 31 19 39 64 
52 39 59 55 10 33 60 52 8 58 18 41 67 50 23 30 27 19 45 62 
50 39 57 55 10 41 66 53 4 56 15 38 68 50 25 31 31 22 38 62 
48 38 58 58 8 35 65 50 10 56 18 38 67 42 23 30 32 25 42 66 
49 38 59 58 8 41 61 48 10 58 15 34 66 45 25 30 27 22 45 64 
51 38 58 55 9 37 60 48 9 57 16 35 68 43 25 25 25 24 46 66 
50 37 56 55 9 40 64 46 6 58 18 35 66 49 25 30 24 18 45 65 
48 37 56 57 10 38 60 50 5 56 15 34 68 47 24 27 27 19 41 65 
51 39 59 58 10 33 66 52 11 57 18 35 67 48 25 25 27 24 43 63 
54 38 56 55 8 35 66 48 4 57 18 35 68 45 23 23 27 27 38 63 
54 38 55 59 10 39 62 50 4 58 16 35 67 47 25 21 24 19 45 66 
48 37 56 57 9 34 62 54 10 57 19 40 66 42 25 21 27 22 40 65 
49 39 58 56 8 34 64 47 12 58 17 42 68 49 23 30 27 18 46 63 
51 38 56 56 8 35 61 52 10 56 16 36 66 44 24 31 30 18 43 62 
49 38 58 59 10 40 66 46 9 58 17 36 68 49 25 22 27 24 43 63 
52 38 59 58 9 36 60 54 4 57 15 38 67 45 24 27 24 23 45 65 
51 37 58 56 8 33 66 47 11 58 17 39 67 44 23 30 29 18 39 63 
50 37 59 57 9 41 61 51 10 56 19 35 67 50 23 30 32 25 43 62 
50 37 56 56 10 36 61 53 10 58 18 36 67 46 23 27 25 20 46 65 
53 37 57 58 10 40 61 47 8 56 15 38 68 45 23 23 24 24 45 66 
54 39 59 55 10 35 60 48 8 57 19 38 67 49 24 30 27 27 42 65 
52 37 57 58 10 34 63 47 11 58 19 42 67 43 25 30 26 24 43 64 
48 37 58 57 10 33 66 48 7 58 19 41 68 47 25 22 26 18 40 62 
51 38 55 59 8 38 66 48 4 56 16 38 66 43 23 28 25 25 39 63 
50 38 56 59 8 34 66 51 4 56 15 36 66 46 25 21 30 25 39 64 
52 38 58 55 8 33 62 54 11 58 18 41 66 48 23 26 25 26 38 62 
49 38 55 59 8 40 62 53 7 56 16 35 67 48 25 22 26 17 45 64 
48 38 55 56 10 37 65 51 5 56 15 35 68 49 25 24 24 22 41 63 
53 38 59 57 10 41 63 49 9 57 18 35 66 46 24 21 24 23 44 62 
50 37 56 58 8 34 62 52 7 58 18 35 67 49 25 21 28 23 39 64 
48 37 55 58 8 41 64 52 4 56 15 34 68 45 23 31 28 24 39 65 
53 39 55 57 9 33 60 51 6 57 16 41 66 47 24 30 26 19 40 66 
49 37 59 59 10 36 62 50 8 56 16 42 66 46 23 23 32 24 40 63 
54 37 56 57 10 40 66 47 10 57 17 40 67 42 25 21 30 27 40 66 
50 38 57 57 10 36 64 49 9 58 15 39 66 47 24 27 32 26 46 66 
48 37 57 57 8 36 61 47 6 58 15 35 66 45 24 25 26 23 41 64 
50 39 59 57 8 39 60 52 6 56 19 40 67 49 23 21 25 27 44 66 
49 37 58 58 10 37 63 51 11 56 15 37 68 43 25 27 24 24 41 63 
52 39 57 55 9 35 63 53 7 56 16 37 66 49 25 30 25 26 40 66 
48 39 55 55 10 41 65 48 12 58 15 35 67 50 23 25 28 19 41 65 
52 39 55 56 9 38 64 46 5 56 15 42 66 49 23 25 30 25 41 64 
53 37 57 58 9 40 63 47 9 56 17 39 68 49 24 24 24 24 44 66 
49 38 56 56 9 37 62 54 5 57 15 39 68 42 25 21 24 26 39 66 
50 37 59 55 8 39 60 48 7 57 19 37 68 43 24 21 31 18 38 64 
48 39 55 56 8 33 64 48 8 56 15 36 67 47 23 25 25 17 45 66 
48 39 55 59 9 40 64 50 11 57 17 34 66 45 25 23 32 25 45 66 
49 37 57 57 10 35 61 54 7 56 19 37 68 47 24 29 29 19 38 65 
50 39 55 59 8 38 65 50 4 56 15 38 66 48 25 31 29 19 42 65 
52 37 59 56 10 37 66 52 4 56 15 42 68 47 24 25 28 27 45 66 
54 39 58 58 9 39 62 47 4 57 17 34 67 49 25 28 29 23 39 64 
50 38 57 58 10 36 65 52 7 56 16 34 66 43 25 21 25 26 44 63 
51 37 56 58 8 38 62 47 8 57 19 42 66 43 24 24 29 18 41 62 
51 38 59 56 9 37 62 51 4 57 17 41 68 46 25 31 32 17 44 64 
48 38 56 55 8 38 63 51 9 58 16 37 67 42 24 29 32 17 41 62 
52 37 56 58 9 34 64 53 5 57 15 35 66 45 24 30 26 20 41 63 
48 38 56 56 8 33 66 53 9 56 16 40 68 45 25 25 28 20 42 62 
52 38 58 55 10 38 63 47 8 57 17 40 67 49 24 28 32 23 41 66 
48 39 58 57 10 38 60 48 8 57 18 35 66 43 24 23 25 27 42 63 
53 37 58 57 10 35 63 54 6 56 19 38 66 46 25 26 26 20 38 64 
49 38 59 59 10 38 64 54 4 58 16 39 67 49 25 24 27 22 45 65 
48 39 56 59 9 40 61 46 6 57 17 37 68 43 23 25 29 27 43 63 
48 39 56 57 10 39 60 52 6 57 15 37 66 44 23 24 29 22 38 66 
51 39 57 55 8 39 64 53 4 56 19 40 68 42 25 27 28 17 45 66 
50 39 56 57 8 41 60 48 11 56 19 39 66 43 24 23 26 27 38 64 
51 39 58 57 8 33 64 48 7 57 15 39 67 42 25 21 24 25 41 65 
49 39 56 56 8 35 60 49 4 57 18 42 68 44 24 23 27 23 38 65 
49 38 58 56 9 38 61 51 10 56 17 38 68 43 24 23 25 25 45 66 
48 39 58 58 10 35 63 48 5 57 18 42 68 47 23 21 24 26 43 66 
49 37 57 58 8 36 60 49 11 57 16 34 67 50 24 26 27 21 38 65 
54 38 56 58 8 41 61 49 4 56 17 42 68 43 25 21 30 23 39 65 
53 39 57 59 10 38 60 52 4 57 18 41 67 50 25 27 31 19 42 62 
53 39 58 56 9 34 66 46 5 56 16 39 68 45 24 24 26 17 42 65 
49 38 56 58 8 37 62 46 8 57 17 40 66 42 23 21 24 22 42 64 
51 37 59 56 9 38 66 50 8 57 18 42 67 43 25 31 29 20 41 64 
52 38 55 55 8 37 61 52 7 58 19 34 68 47 24 29 32 22 41 66 
50 38 55 56 9 38 62 51 9 56 17 40 67 49 25 23 26 26 46 64 
54 38 56 59 9 38 60 53 8 58 19 35 66 47 24 21 29 21 46 62 
52 38 58 58 9 38 63 50 11 58 15 37 66 47 24 21 26 19 40 65 
48 37 57 55 8 34 65 54 10 58 15 42 66 46 25 30 24 18 42 64 
48 38 55 58 9 34 61 52 9 58 19 39 67 50 24 29 24 23 41 63 
49 37 59 59 8 41 66 53 9 56 16 34 68 47 24 25 25 25 46 64 
51 37 59 56 8 37 63 51 10 57 19 42 67 44 25 26 29 23 45 65 
54 37 59 55 9 34 60 51 10 56 16 34 67 48 25 31 26 18 45 65 
50 38 58 58 10 37 66 47 11 58 17 40 68 48 23 29 25 22 41 63 
53 39 57 57 9 36 62 48 6 58 19 40 68 43 23 30 30 19 44 65 
51 37 58 58 9 36 60 53 11 56 17 35 68 47 23 28 25 21 45 64 
48 37 56 56 9 38 65 53 4 56 18 42 67 44 23 21 25 24 43 65 
52 39 58 56 9 34 63 54 6 56 17 35 68 49 25 25 28 24 43 66 
51 39 57 56 8 34 65 49 8 56 18 36 67 45 25 23 26 24 39 66 
52 38 58 56 8 34 61 50 4 58 17 38 67 42 25 26 29 21 44 66 
51 39 58 57 8 37 60 46 10 56 19 34 68 42 23 23 25 22 42 65 
50 38 55 55 9 36 63 46 8 58 18 35 68 43 25 27 25 17 40 64 
50 38 57 58 10 39 64 53 4 56 18 34 68 48 25 24 30 20 42 63 
49 37 58 56 10 35 66 54 5 58 17 38 68 44 24 21 26 21 45 62 
48 38 58 59 8 40 62 47 5 57 15 35 68 49 25 28 30 25 45 64 
51 39 58 59 10 33 65 53 8 56 17 38 67 47 23 30 31 17 41 63 
48 38 57 55 9 36 63 53 6 56 16 37 67 44 23 27 29 23 43 66 
50 37 56 55 8 40 66 51 12 57 17 38 67 48 25 24 31 26 44 66 
52 37 58 59 8 35 63 50 10 56 18 41 66 48 23 28 29 24 39 63 
49 38 55 58 9 41 63 52 11 56 16 36 66 49 23 30 26 17 45 63 
50 37 57 59 9 40 62 54 12 57 18 41 67 46 25 22 25 22 45 65 
52 37 58 56 8 38 62 51 8 57 16 36 68 48 25 29 31 24 42 62 
50 37 57 58 9 39 66 47 12 56 19 38 68 46 23 21 25 24 41 63 
54 38 58 55 10 35 64 47 7 56 18 39 68 42 23 29 31 25 45 62 
50 39 58 59 9 36 64 52 9 57 17 37 67 49 23 29 32 17 45 65 
51 39 59 55 10 41 60 54 9 56 16 41 66 44 23 23 25 20 43 64 
52 39 56 59 9 41 61 48 5 57 19 37 66 43 24 27 32 21 45 63 
50 37 55 58 9 36 62 53 9 57 16 34 68 45 25 22 25 26 45 66 
48 38 59 57 10 41 65 47 10 56 17 41 66 43 23 27 29 21 46 66 
51 37 59 57 8 35 65 48 7 57 17 40 66 50 25 31 30 25 38 65 
49 37 58 55 9 39 60 48 5 56 18 40 68 44 24 25 24 24 46 65 
48 38 56 56 9 36 60 47 11 56 15 34 67 43 25 30 24 26 42 63 
54 37 57 58 10 36 62 46 10 56 17 42 68 46 23 25 28 27 40 63 
48 38 58 58 8 41 61 49 10 56 17 38 67 47 23 21 29 19 38 65 
53 39 56 55 8 36 63 49 5 57 15 42 67 43 23 29 26 22 46 63 
50 39 57 56 8 35 64 48 8 56 15 34 66 47 25 24 26 27 38 63 
49 37 59 56 10 39 63 50 4 57 17 41 66 43 24 28 32 24 41 66 
52 39 58 58 9 37 64 51 6 58 19 42 67 45 25 26 32 17 43 64 
51 37 58 57 8 41 61 52 5 56 16 42 66 43 23 26 24 18 46 65 
48 37 59 55 10 34 60 49 9 56 18 39 68 43 25 26 32 20 39 66 
50 38 59 56 9 35 61 48 9 56 19 42 68 44 24 31 24 17 38 63 
49 37 55 58 10 37 65 46 10 57 15 38 68 48 24 30 28 19 38 64 
54 39 55 58 10 41 66 53 5 58 19 40 68 47 23 23 29 18 43 66 
53 38 57 56 10 40 64 46 7 56 19 42 68 46 24 24 30 22 46 63 
54 37 56 59 9 39 60 54 8 57 16 42 68 42 25 28 26 22 41 64 
51 37 55 58 8 41 66 47 10 56 15 41 68 45 23 25 27 23 42 62 
52 37 58 58 8 33 65 48 7 56 15 34 68 42 25 26 28 19 39 65 
52 38 57 57 10 34 61 46 10 58 17 39 68 45 24 22 25 19 41 66 
54 38 57 55 8 41 60 54 8 58 19 35 67 42 23 23 30 21 46 63 
53 39 58 55 10 36 63 51 6 56 19 35 67 43 25 21 25 17 46 63 
48 39 59 57 9 36 64 49 8 56 16 38 66 50 25 27 31 23 41 66 
50 39 58 59 8 40 62 53 11 58 15 34 67 43 25 30 30 21 45 66 
52 39 57 56 10 35 64 51 12 56 16 37 68 50 25 27 30 23 42 62 
51 38 59 58 8 38 63 47 6 58 18 36 68 50 24 23 28 18 45 65 
49 37 58 59 9 34 63 47 6 57 16 37 68 50 23 31 30 24 41 64 
52 39 55 58 10 41 65 49 7 56 17 38 66 47 23 30 27 21 38 62 
53 38 57 57 10 39 61 51 5 58 15 40 67 44 24 28 28 20 42 63 
49 37 57 56 9 40 63 49 12 57 15 37 67 45 24 31 24 25 39 63 
54 38 59 55 9 36 62 54 5 56 15 35 67 44 24 27 30 25 40 65 
51 39 58 57 8 37 65 54 12 57 19 39 68 42 24 21 29 18 38 64 
53 39 56 55 10 36 64 46 10 57 19 37 68 47 25 31 29 18 40 65 
51 38 58 57 9 33 61 50 8 58 17 35 66 43 23 30 31 25 46 66 
48 38 55 59 9 40 64 52 6 58 19 39 66 42 25 22 29 18 40 65 
52 37 57 58 8 34 66 53 7 58 16 38 68 45 24 27 31 27 42 63 
50 38 58 56 10 39 64 46 8 56 19 37 66 45 24 30 30 25 40 65 
52 39 56 59 9 37 63 49 5 56 15 41 66 48 24 22 25 24 41 63 
54 38 55 57 8 41 61 52 10 56 17 39 67 50 23 27 30 26 42 66 
48 38 55 55 8 35 64 47 7 57 18 40 67 47 25 26 31 27 40 66 
53 37 59 59 9 33 65 53 4 58 18 39 67 43 24 30 26 24 40 65 
49 39 58 59 9 37 60 50 8 56 15 40 66 43 23 28 29 23 41 63 
54 37 56 57 9 39 62 52 11 56 15 40 66 44 25 24 29 21 42 66 
54 37 57 56 8 35 61 52 4 58 15 35 67 45 24 25 31 20 39 65 
50 38 55 55 10 35 61 50 6 56 15 35 68 46 25 21 32 24 38 65 
49 37 59 55 10 39 63 51 8 58 18 37 67 46 25 31 24 23 38 64 
52 37 58 58 8 37 64 48 7 57 16 36 66 50 23 29 27 27 41 64 
49 39 58 58 9 38 60 49 6 58 17 41 67 49 23 29 26 25 43 66 
48 38 55 55 10 34 65 47 10 56 15 41 68 44 25 31 27 26 41 64 
52 38 58 57 8 35 64 54 10 56 15 35 66 44 25 27 32 17 41 66 
54 37 55 55 9 41 65 54 12 58 16 42 66 43 25 30 27 25 44 63 
52 37 57 55 8 39 61 50 6 57 15 37 68 43 23 25 31 19 40 64 
50 39 56 56 8 39 64 49 4 58 19 38 68 46 23 25 32 18 39 64 
48 39 56 57 8 41 64 50 8 57 17 34 66 49 25 25 26 27 46 64 
51 37 56 59 10 37 60 53 11 57 16 40 66 46 23 26 29 21 45 64 
52 37 58 58 9 41 63 53 5 56 17 37 66 50 23 23 30 19 42 66 
52 37 58 57 8 40 64 47 5 56 17 35 66 46 25 30 25 21 39 63 
52 37 57 55 9 34 65 52 11 57 19 39 68 45 25 29 25 19 43 62 
51 39 57 56 9 35 62 48 10 56 18 34 66 46 24 21 28 25 46 66 
51 39 57 56 8 35 60 53 8 57 16 34 67 46 23 22 32 22 44 64 
50 39 59 57 9 41 60 54 7 58 18 36 68 47 23 23 32 20 38 62 
49 38 55 55 9 33 62 46 8 58 16 36 66 42 23 28 30 25 41 62 
51 39 57 59 8 34 61 54 8 58 19 38 67 48 24 28 28 19 43 66 
49 39 55 58 9 40 63 54 11 57 16 35 68 44 25 22 29 25 43 64 
54 37 55 55 8 38 63 50 5 56 19 41 68 42 25 22 30 18 44 66 
48 37 59 55 8 36 63 52 12 58 17 34 68 47 24 31 32 17 46 64 
48 37 56 56 9 36 65 51 10 56 17 42 66 49 25 29 32 23 41 64 
48 37 55 57 8 36 66 53 9 57 19 34 67 42 25 27 26 20 41 66 
48 37 56 55 8 38 60 52 8 58 18 39 66 48 24 29 31 26 41 64 
50 37 55 58 8 37 60 48 9 56 16 36 67 42 25 28 30 17 44 62 
50 39 59 59 8 40 65 47 9 57 16 41 67 45 23 30 29 17 38 65 
50 38 59 58 9 40 62 50 9 57 18 36 67 44 24 26 26 23 39 65 
48 37 55 59 8 35 62 51 12 57 16 36 68 49 25 28 30 22 43 62 
49 39 56 55 10 38 61 50 6 58 17 36 66 48 25 22 30 19 41 65 
53 39 55 59 10 37 66 54 4 57 15 38 66 47 23 28 31 23 38 62 
49 39 55 55 8 34 62 51 8 57 17 34 67 50 25 27 27 20 43 64 
53 39 59 57 8 38 63 51 10 56 18 37 68 42 24 24 28 26 45 64 
54 37 58 58 8 41 65 50 9 56 19 39 67 49 24 28 30 17 43 65 
51 37 58 56 8 34 62 47 12 56 15 35 68 50 24 27 28 25 42 64 
51 39 58 59 8 34 64 47 5 57 16 40 68 49 23 31 30 24 44 62 
54 37 56 57 10 40 60 54 12 56 15 38 68 48 24 30 32 19 41 62 
53 38 59 57 9 35 64 48 12 56 16 41 66 49 24 26 24 27 39 66 
51 39 55 55 8 34 61 53 10 57 19 34 66 43 25 26 26 25 39 63 
54 37 59 59 8 33 63 54 7 57 16 41 66 47 23 31 30 23 45 66 