76 50 24 54 86 36 63 84 47 17 62 67 42 73 36 23 74 53 25 56 
76 45 23 57 83 31 65 83 45 22 64 67 42 72 34 23 72 55 22 58 
80 47 22 57 78 36 65 83 48 19 64 69 42 72 35 25 75 54 19 57 
76 46 24 57 84 28 67 81 45 20 62 69 44 73 38 24 67 54 25 57 
79 50 23 55 85 27 63 83 46 22 63 67 42 72 34 25 68 54 19 60 
73 52 22 55 82 32 63 85 40 27 62 66 42 72 36 24 73 51 22 60 
76 52 22 53 85 37 65 81 42 27 64 72 42 74 36 24 68 53 22 59 
76 46 23 54 79 37 65 83 44 26 64 68 42 72 38 23 68 61 22 57 
80 48 24 57 84 32 67 82 48 20 63 71 43 72 36 24 71 61 21 58 
73 43 23 54 81 34 65 84 43 20 63 66 43 72 35 23 74 51 21 58 
81 43 23 53 85 31 63 86 41 26 63 70 43 72 36 23 75 56 21 59 
81 47 23 55 84 34 63 80 44 25 62 69 43 74 35 24 67 58 20 59 
80 52 23 53 85 31 64 84 44 23 62 72 43 74 36 23 74 54 20 58 
73 50 24 57 81 27 66 86 40 26 64 72 44 73 34 23 75 61 21 59 
81 47 22 53 84 30 65 86 49 26 62 67 44 73 37 24 69 56 19 60 
74 50 22 57 80 29 66 84 47 21 64 70 43 72 38 23 73 61 23 59 
76 47 23 53 85 35 67 83 48 25 64 70 43 73 37 25 70 52 22 56 
79 52 22 54 79 28 63 86 39 18 64 72 44 74 34 24 67 59 24 59 
79 47 24 54 83 27 66 81 40 21 63 72 42 73 38 25 75 58 19 60 
78 46 23 53 86 35 67 85 42 21 63 68 44 74 36 25 74 55 25 58 
77 50 24 53 86 35 66 85 45 27 63 66 42 73 38 24 67 57 20 57 
80 46 23 56 82 28 64 81 43 17 63 66 44 72 35 24 71 61 19 58 
74 42 22 56 78 35 64 82 43 20 63 69 42 74 38 25 72 53 24 59 
81 47 24 54 80 32 65 84 48 22 64 71 44 73 35 24 67 61 22 57 
77 51 22 57 85 33 66 82 41 25 64 68 42 73 34 25 73 54 25 59 
77 52 24 55 83 30 65 80 42 18 62 68 43 73 34 25 71 59 24 60 
77 48 23 53 80 33 64 86 40 26 64 66 42 73 34 24 74 58 22 60 
75 47 23 54 78 33 67 80 39 23 62 71 43 74 38 25 69 60 20 57 
76 46 23 55 78 27 64 84 45 24 64 72 43 72 36 25 67 58 23 58 
73 50 22 56 80 28 66 84 47 17 63 66 42 73 37 23 72 53 19 58 
75 47 23 53 82 33 67 83 39 25 62 72 43 73 34 23 70 57 20 59 
75 47 22 53 78 32 66 80 39 20 63 71 44 73 36 25 68 58 21 56 
77 43 24 56 86 31 66 80 43 24 62 72 42 74 35 24 69 57 20 59 
79 52 22 53 82 32 63 85 43 20 64 69 43 72 34 24 74 51 21 60 
74 50 23 54 83 33 67 85 45 22 63 67 43 72 37 23 69 53 25 58 
73 43 24 54 82 32 66 85 42 18 64 69 44 74 36 25 68 55 20 60 
75 50 22 56 80 28 66 85 45 19 62 72 44 72 37 25 73 57 22 59 
75 48 24 54 86 30 63 84 40 26 63 69 43 73 35 23 67 57 25 58 
76 47 24 57 79 27 65 81 45 17 63 69 42 74 35 25 70 51 25 57 
75 46 24 53 84 32 67 85 44 26 63 71 42 72 35 25 69 58 21 56 
80 52 23 53 84 27 64 85 39 20 63 72 42 74 34 25 71 54 19 58 
81 50 23 56 86 30 64 84 41 23 62 66 44 72 36 23 72 53 23 59 
74 52 22 54 82 34 65 85 43 23 62 71 43 73 35 23 72 55 19 60 
74 44 23 55 83 31 64 80 48 26 62 66 42 73 38 25 70 52 23 57 
74 44 24 57 85 27 66 80 46 22 62 67 42 74 37 23 67 60 20 58 
75 47 22 56 82 27 63 86 46 20 64 71 43 73 34 24 73 52 19 57 
73 42 23 56 78 31 63 84 45 25 63 70 42 73 35 25 71 51 24 60 
80 42 24 57 80 30 65 83 46 19 64 67 42 72 35 24 74 56 19 58 
73 48 24 53 85 32 65 82 42 21 62 66 43 74 38 25 68 52 22 57 
74 51 23 53 82 29 66 85 47 27 63 68 43 73 36 25 67 52 21 56 
80 50 24 54 83 31 67 81 40 22 64 70 43 74 36 23 70 61 23 60 
79 52 22 57 78 30 67 80 43 25 62 67 42 73 38 25 73 53 24 57 
80 47 22 53 78 28 67 85 43 23 63 68 43 72 37 25 73 59 23 59 
75 48 23 56 80 31 65 85 41 20 63 66 43 72 38 24 71 51 22 57 
81 50 22 55 81 33 64 85 40 20 63 72 42 74 38 25 69 59 25 59 
79 44 22 56 83 36 65 82 42 21 63 69 42 73 35 23 67 55 19 58 
74 49 23 54 85 29 63 84 39 18 62 72 44 74 34 24 69 54 23 59 
80 45 23 54 80 36 65 81 47 26 62 69 43 73 34 24 73 53 21 60 
76 46 24 55 81 36 66 82 42 21 62 67 42 74 35 24 72 53 20 58 
76 49 23 57 86 32 64 82 47 19 63 68 42 73 34 25 72 59 24 56 
74 52 23 56 79 36 65 80 49 23 62 68 43 74 34 24 73 60 21 59 
73 47 23 55 83 37 64 84 41 17 62 69 44 74 34 23 75 59 19 57 
75 42 22 53 78 32 64 85 43 26 62 72 44 74 34 25 70 60 19 60 
74 43 22 54 80 32 67 83 49 18 62 72 42 73 35 25 68 51 25 57 
73 47 24 54 84 37 67 85 40 22 63 72 43 74 35 23 69 51 24 56 
79 45 24 54 85 33 63 80 45 23 64 67 43 74 36 24 70 56 19 56 
77 44 24 56 83 32 64 85 49 22 64 66 42 74 38 24 71 57 21 56 
79 52 22 55 78 37 64 86 48 27 64 66 42 73 38 25 75 61 19 56 
75 48 23 53 80 37 67 81 40 18 64 68 43 72 35 25 73 51 20 60 
77 42 24 56 83 36 63 86 39 17 63 69 42 73 37 24 74 58 19 59 
78 44 24 54 85 30 64 84 44 19 64 67 44 74 37 24 75 55 20 56 
73 46 22 54 79 36 67 84 40 22 64 72 44 72 38 25 72 53 22 58 
73 48 22 55 81 36 64 85 47 17 63 70 43 72 37 24 70 60 22 60 
78 43 23 57 79 35 66 84 42 26 64 67 42 74 38 25 74 59 21 59 
81 49 24 56 84 27 64 86 44 21 64 69 44 73 38 24 74 56 21 56 
74 49 22 53 82 28 66 83 42 17 62 70 43 74 34 24 71 60 20 60 
76 44 22 53 82 32 67 86 45 24 62 68 43 72 38 25 70 51 24 58 
81 42 23 53 82 36 63 85 40 24 62 68 44 72 37 23 70 58 24 58 
81 49 24 54 80 36 65 84 44 17 62 68 42 73 38 23 75 58 20 59 
73 42 22 55 79 27 64 81 45 18 63 66 43 73 36 25 74 61 19 59 
78 47 24 57 84 30 64 81 46 17 63 66 44 73 38 25 68 60 19 57 
73 48 22 53 86 31 67 81 49 20 63 66 43 72 36 25 70 55 21 59 
73 43 22 54 80 29 63 81 41 19 62 69 44 72 35 25 72 59 23 60 
73 43 22 55 80 28 63 86 45 17 63 71 44 73 34 23 73 60 21 59 
77 51 24 57 83 37 66 86 49 22 62 71 43 72 35 25 68 55 23 56 
73 46 22 56 82 31 64 80 42 22 63 72 44 72 38 24 73 51 24 59 
81 50 23 55 78 36 64 80 42 19 62 70 43 73 35 23 74 54 23 60 
81 47 23 54 83 30 65 86 49 23 63 68 44 72 35 24 71 61 23 58 
77 43 23 57 84 28 63 86 46 26 62 71 42 73 38 25 70 57 19 56 
73 50 22 56 81 27 66 83 47 27 64 68 42 72 37 23 68 58 20 60 
74 44 24 56 80 28 65 83 47 19 64 72 43 73 35 24 69 51 19 58 
79 42 24 54 80 34 67 85 46 18 62 66 42 73 34 23 74 55 23 60 
80 52 24 56 85 37 63 83 45 18 63 71 42 72 36 23 74 59 22 60 
77 51 24 53 81 30 64 80 49 20 63 72 44 73 34 25 75 60 22 57 
73 45 24 57 81 33 67 82 42 19 63 67 44 72 36 24 72 61 21 59 
77 50 23 53 85 35 66 83 47 23 63 70 44 73 35 24 68 55 25 58 
77 48 23 57 85 31 65 82 44 18 63 69 44 74 38 25 72 51 21 56 
80 46 22 54 84 28 63 84 48 24 62 66 42 73 38 25 72 58 20 59 
73 51 22 57 85 34 63 85 41 25 63 72 42 73 36 24 75 59 25 56 
73 52 22 57 81 37 67 84 42 21 63 67 44 74 34 23 74 52 22 56 
79 52 24 53 83 29 64 80 43 20 63 66 43 73 38 23 71 54 20 59 
80 42 22 55 80 27 63 86 46 19 63 69 42 72 36 23 70 51 19 58 
75 49 22 53 85 27 65 82 41 17 63 69 42 74 35 24 67 51 22 57 
81 52 22 56 80 30 66 82 44 17 62 70 44 74 38 24 69 55 19 56 
79 44 24 53 81 34 66 84 39 19 62 66 42 72 34 23 72 60 22 59 
76 45 24 53 79 36 66 83 42 20 64 72 44 73 34 23 69 51 22 58 
78 50 24 56 85 36 65 84 49 18 64 66 44 73 34 24 69 51 22 60 
75 52 22 54 78 27 66 83 49 19 64 66 44 73 36 23 74 53 22 58 
78 43 23 56 85 35 65 83 45 19 64 68 42 72 34 25 67 57 25 56 
75 50 24 56 82 32 66 85 41 20 64 67 43 73 34 24 71 53 20 58 
78 44 24 53 84 29 65 86 41 23 64 68 44 72 38 23 73 61 23 60 
81 49 23 57 83 29 67 80 39 22 64 67 44 72 34 25 73 52 20 56 
80 45 24 53 80 29 66 86 49 27 62 72 44 73 37 24 68 53 22 57 
79 42 23 56 86 31 64 84 43 21 64 66 44 74 35 23 67 56 23 58 
75 45 22 57 78 32 65 81 39 24 62 70 43 72 37 24 70 56 19 56 
79 47 22 53 80 31 63 82 44 18 62 69 43 74 34 24 68 57 19 59 
81 45 22 57 83 36 66 81 47 24 63 72 44 72 37 23 72 54 25 58 
75 46 24 53 81 29 66 84 46 17 64 70 44 74 38 25 75 53 23 60 
74 50 24 57 82 29 67 86 45 17 64 72 42 74 34 23 68 56 24 59 
73 49 23 53 78 36 63 86 45 20 63 67 42 72 38 23 67 58 20 56 
81 48 24 55 86 29 65 86 43 25 62 72 43 72 36 24 73 60 23 57 
80 49 24 57 78 32 65 84 46 25 64 66 44 73 35 23 67 58 24 60 
73 45 23 57 82 33 67 82 40 26 63 69 42 73 38 23 71 58 24 58 
79 45 24 55 82 35 67 86 44 26 64 69 42 74 38 25 73 59 19 59 
75 47 24 54 82 36 66 86 41 21 64 72 42 72 38 25 68 58 25 57 
75 43 22 56 82 32 66 80 45 18 62 68 42 74 38 24 71 57 19 57 
78 42 23 55 84 30 66 84 43 26 62 68 44 73 34 25 67 61 23 60 
77 49 23 53 86 29 67 81 43 27 62 69 42 72 36 24 69 61 25 59 
79 45 24 54 80 28 65 84 45 27 64 66 44 74 37 25 73 59 24 56 
80 49 24 53 81 34 67 83 44 22 62 67 44 72 34 24 72 55 20 60 
80 45 23 57 83 29 66 83 48 20 63 66 43 72 34 24 72 56 23 56 
78 48 23 57 80 36 63 86 40 26 62 71 43 74 38 24 71 52 24 56 
76 45 24 56 79 28 63 82 45 19 64 68 43 72 35 24 75 60 21 56 
78 50 22 57 79 37 63 83 39 21 62 70 42 73 35 23 75 59 25 60 
74 46 22 56 81 37 67 80 48 24 64 72 44 74 37 25 68 51 23 58 
74 52 24 56 84 30 63 84 39 25 62 69 42 74 35 23 73 57 19 57 
78 46 23 53 82 35 66 80 48 23 64 67 42 73 38 24 70 52 22 60 
78 51 22 57 86 32 66 84 43 22 64 67 44 74 37 23 75 60 21 58 
76 50 23 54 79 30 66 84 41 26 62 67 44 72 36 23 67 52 25 58 
81 49 24 54 84 34 65 81 47 27 62 72 44 73 37 23 68 55 21 57 
77 45 22 54 83 37 67 85 42 24 63 71 44 72 36 23 74 51 24 59 
76 46 24 57 82 33 66 81 40 17 62 68 44 74 36 25 73 57 25 58 
77 52 23 57 84 29 66 86 39 19 62 69 43 72 38 23 70 54 19 60 
79 51 23 55 82 27 64 80 45 23 63 70 42 72 36 25 72 56 22 59 
73 49 23 57 81 37 64 83 40 21 63 66 43 72 37 23 72 60 20 59 
76 51 24 53 83 36 65 85 43 20 63 66 44 72 34 23 74 51 23 59 
79 44 23 56 86 32 64 85 42 21 62 69 42 74 36 23 69 56 21 56 
78 48 23 57 83 36 65 82 49 17 62 71 43 72 35 23 74 51 23 59 
74 48 22 57 81 33 63 82 44 27 62 66 42 73 38 25 67 55 23 60 
81 43 22 53 85 31 66 84 44 21 62 67 42 72 35 23 68 51 21 58 
73 49 24 55 80 30 63 84 45 23 64 68 43 73 36 23 69 55 21 60 
78 50 22 54 79 31 65 80 49 27 63 72 42 72 38 25 68 59 21 56 
78 50 23 54 85 33 65 81 40 27 64 67 42 74 38 25 70 61 23 60 
79 42 24 53 84 37 64 82 40 25 62 71 44 72 36 23 73 52 19 60 
79 50 24 54 83 37 64 80 48 21 62 71 44 72 36 24 69 55 22 56 
75 47 22 54 83 30 67 82 49 19 64 69 42 72 38 25 74 60 24 56 
75 46 22 56 78 34 65 85 44 17 62 66 43 72 36 23 69 56 23 60 
76 50 22 56 81 33 67 84 42 26 63 68 44 72 37 24 73 59 22 58 
80 52 22 55 78 30 64 82 48 17 64 71 42 72 36 25 74 57 23 57 
81 43 23 55 82 35 65 83 46 19 64 68 42 74 34 25 71 52 20 57 
73 43 22 54 78 27 65 81 49 18 63 71 44 74 36 25 71 59 22 60 
79 52 24 57 85 35 65 85 45 24 64 66 44 73 37 25 69 53 21 57 
77 46 23 55 82 27 63 80 44 26 62 67 43 73 38 25 73 54 19 56 
79 47 22 54 78 31 67 86 39 25 62 69 42 72 34 24 74 60 24 56 
81 50 24 53 83 32 66 84 47 26 63 72 42 73 35 23 70 60 24 59 
78 51 24 54 78 28 66 84 46 18 63 72 44 72 37 24 71 51 20 60 
74 42 22 55 78 29 66 83 47 19 64 68 44 72 34 23 73 57 21 59 
75 50 23 53 78 35 66 86 47 24 63 72 44 73 34 24 74 58 21 57 
78 47 23 56 84 31 64 80 39 20 63 71 43 73 37 23 71 53 25 59 
73 47 24 57 78 27 64 82 47 24 63 70 44 73 36 23 67 53 25 58 
80 51 22 55 78 34 66 84 41 26 64 66 43 72 34 23 69 60 22 56 
74 52 24 54 82 36 63 84 43 19 63 68 44 72 38 23 75 55 22 56 
76 44 23 57 86 36 67 84 39 21 64 67 43 74 37 24 74 59 23 57 
75 45 22 57 81 34 64 86 48 21 63 72 44 73 34 23 71 57 24 60 
81 51 23 56 80 29 67 82 39 18 63 66 43 72 38 23 68 56 24 58 
75 49 23 57 81 27 66 81 47 27 64 69 44 74 36 25 69 56 20 58 
76 43 24 56 78 37 67 85 48 17 63 67 44 73 34 23 71 52 21 59 
73 43 24 56 85 30 66 81 41 25 64 70 44 72 37 23 69 56 19 57 
74 49 22 57 78 35 63 80 41 18 64 66 43 74 36 24 71 57 19 60 
75 48 23 55 79 36 63 84 49 17 64 66 44 74 37 24 67 53 23 59 
78 42 23 55 84 30 67 84 42 22 63 70 44 72 36 24 75 57 19 59 
76 45 24 56 84 28 63 82 39 24 64 70 43 73 36 23 75 52 25 56 
74 43 24 53 85 36 64 85 48 19 63 67 43 72 37 23 71 51 23 57 
77 42 22 54 83 32 65 86 45 23 64 71 43 72 35 25 70 59 23 57 
76 49 23 57 80 33 67 81 47 17 63 69 42 72 35 23 75 51 23 60 
77 45 24 55 85 37 64 83 41 19 63 71 44 74 37 24 68 58 25 59 
80 45 23 56 84 34 67 85 40 26 63 70 43 72 37 25 71 56 25 59 
79 52 24 55 82 28 64 84 40 20 63 67 42 73 36 24 70 55 21 57 
79 48 23 57 79 36 67 82 42 22 62 68 42 72 37 23 73 51 19 56 
73 51 22 53 83 36 64 80 41 21 64 70 43 74 35 23 71 59 22 58 
81 43 23 56 82 27 67 86 45 17 63 68 44 73 38 23 71 58 22 58 
78 42 24 57 85 34 65 82 44 20 64 67 44 74 35 25 74 53 19 56 
77 44 24 57 85 33 66 80 45 22 64 72 43 74 35 25 71 58 25 57 
78 48 22 53 80 28 64 86 42 27 63 72 42 72 35 24 71 59 22 58 
73 52 24 54 79 33 65 82 41 21 62 66 43 72 35 24 71 54 25 58 
73 49 24 55 85 36 65 86 49 27 64 66 43 74 35 25 73 59 24 57 
77 43 24 54 83 27 66 85 48 25 63 67 42 74 38 25 69 53 19 57 
74 44 22 57 79 34 63 84 42 17 63 70 44 72 36 25 75 61 21 57 
81 47 23 54 80 34 64 81 39 17 63 68 42 72 38 23 71 60 21 57 
79 50 24 56 79 30 65 86 47 19 63 72 43 73 34 23 71 61 24 59 