73 21 20 15 63 69 33 13 58 24 6 71 54 74 14 67 10 63 39 14 
73 27 22 17 61 68 30 13 61 22 8 72 56 72 18 67 15 67 38 15 
73 22 23 15 62 68 34 11 52 21 8 76 54 75 14 67 9 61 38 14 
72 28 26 18 62 70 34 13 58 19 6 71 56 72 12 66 15 64 42 16 
74 21 25 17 62 69 30 8 51 24 6 73 52 73 15 65 15 64 41 15 
77 24 23 17 59 69 33 13 61 25 7 71 55 69 15 67 16 64 39 13 
76 20 26 14 62 68 30 10 52 20 6 71 56 72 17 66 14 64 40 14 
77 26 27 15 61 68 30 11 58 24 6 71 54 75 18 66 16 65 40 13 
73 26 25 14 62 70 31 11 59 20 6 77 53 70 13 65 10 66 40 13 
73 24 18 17 59 68 30 11 53 26 7 72 55 71 13 66 10 67 42 15 
75 25 20 18 63 70 31 13 54 21 7 75 56 70 13 66 8 64 41 13 
75 23 21 16 59 68 31 12 53 21 7 74 54 74 15 67 10 65 38 13 
73 24 18 17 60 70 31 7 53 19 6 77 56 72 17 67 9 61 40 14 
73 28 20 18 60 69 30 11 58 20 7 76 52 75 13 67 15 62 41 15 
73 26 26 14 59 70 31 11 56 25 8 73 53 70 17 66 12 66 39 12 
72 24 18 16 61 70 31 13 54 23 7 71 52 77 15 67 9 66 42 15 
73 22 17 16 62 69 33 9 60 25 8 71 54 77 15 66 11 65 39 15 
74 21 27 16 59 70 31 10 52 25 8 75 52 73 18 67 15 64 40 13 
73 23 20 16 61 69 34 13 53 18 8 75 52 71 18 66 15 61 38 15 
70 24 21 17 60 69 32 11 60 22 6 71 54 73 12 66 9 62 40 13 
76 26 27 17 62 68 33 10 53 26 8 73 55 77 17 65 13 60 39 13 
70 23 24 15 63 68 32 12 51 24 7 71 52 69 12 65 11 66 40 15 
71 25 22 16 60 70 34 10 52 25 7 76 53 74 12 66 14 66 38 16 
70 25 26 18 59 70 34 9 59 22 7 71 53 74 18 65 9 63 39 15 
72 25 26 16 62 68 32 11 57 25 6 72 55 77 18 66 14 65 40 12 
75 24 24 15 62 70 34 10 60 20 6 75 52 71 12 67 16 66 42 15 
74 20 22 17 61 70 31 7 57 26 8 71 52 75 14 66 12 61 42 12 
76 25 26 14 59 68 33 7 57 18 8 77 53 73 17 65 12 68 40 15 
76 28 26 14 60 70 33 7 58 24 8 74 55 76 16 65 15 63 41 13 
72 24 27 17 62 68 34 8 59 21 7 72 55 76 15 66 16 67 40 15 
72 27 21 17 59 68 34 11 58 24 8 71 52 70 13 67 12 68 38 13 
69 24 19 14 63 69 31 13 51 22 7 72 56 70 12 67 9 65 40 16 
75 27 18 15 62 69 32 11 59 20 8 76 53 76 18 67 16 63 38 16 
76 25 25 14 62 70 34 11 61 18 8 72 54 72 14 66 12 62 41 15 
70 20 26 17 59 68 32 11 60 26 7 72 53 73 16 65 11 64 42 15 
69 26 26 16 59 69 32 13 54 26 8 77 53 75 12 65 10 62 42 15 
75 28 20 14 63 69 33 7 57 25 8 75 55 75 18 66 11 65 39 13 
69 22 23 18 63 69 34 11 60 25 7 76 53 69 16 65 12 65 41 14 
74 27 23 15 60 68 32 11 51 25 8 77 53 70 14 66 11 63 41 16 
76 28 25 17 63 70 34 12 58 19 7 75 54 74 14 65 11 60 40 13 
73 26 26 15 61 69 30 7 57 23 8 77 53 71 18 66 8 68 38 15 
77 21 21 14 59 70 33 8 58 22 7 74 52 71 13 65 12 64 42 14 
77 23 18 18 59 68 31 8 53 22 6 76 52 73 13 67 9 68 38 16 
70 21 24 16 59 69 31 7 56 26 7 71 54 75 13 65 12 67 42 16 
77 25 25 14 61 69 31 9 51 18 7 75 52 74 13 65 8 66 42 16 
71 27 24 17 59 69 33 8 56 21 7 73 53 74 14 66 11 65 41 14 
74 23 24 15 62 69 33 10 59 21 8 77 56 71 17 67 15 61 39 16 
74 23 22 16 62 70 32 12 55 24 8 73 52 71 16 67 9 67 41 12 
72 23 22 18 59 68 32 12 55 22 7 72 53 69 16 65 13 64 41 13 
74 26 20 15 61 69 34 10 51 24 8 71 52 73 15 66 8 64 38 12 
72 27 23 15 62 69 32 9 51 23 7 74 54 73 13 66 14 60 39 16 
69 27 22 18 63 70 32 13 55 26 7 71 53 69 13 67 14 63 40 12 
74 21 23 18 62 68 34 8 54 26 6 74 54 74 12 65 9 64 39 13 
74 22 27 16 63 68 32 7 57 19 6 71 55 74 17 65 8 62 38 16 
75 23 23 16 62 70 30 10 61 24 6 73 55 72 12 67 16 62 41 14 
69 25 21 17 60 68 30 8 58 24 6 74 53 70 18 66 12 65 41 12 
75 20 17 14 62 70 30 11 61 26 6 77 56 77 17 66 9 65 39 15 
74 28 21 17 63 70 32 8 55 21 8 71 55 71 14 65 16 68 40 13 
72 21 22 15 59 68 32 13 53 23 6 72 53 70 18 67 8 65 41 14 
72 23 24 15 62 68 30 11 51 24 8 76 53 69 17 65 13 63 38 13 
76 23 20 18 59 68 32 10 59 24 6 76 53 76 14 66 13 66 42 16 
77 25 24 14 63 68 30 11 61 18 6 74 53 73 14 67 16 64 41 15 
76 27 25 16 62 70 33 12 59 20 6 75 54 73 18 67 11 64 41 14 
71 27 25 16 60 70 34 9 53 18 6 71 56 73 15 65 16 66 40 14 
73 23 19 16 61 68 32 10 60 23 8 71 52 69 12 66 14 64 38 12 
71 25 24 14 63 69 31 13 58 24 8 74 54 75 14 67 12 60 41 16 
71 21 17 18 61 70 31 10 57 23 7 75 52 77 18 66 15 66 41 14 
71 23 20 18 60 69 34 13 58 18 6 74 55 69 17 66 13 64 39 13 
73 22 26 14 60 68 32 9 51 26 8 74 52 72 15 65 15 61 42 15 
75 24 20 18 61 70 30 8 60 22 8 74 56 75 13 67 8 67 42 14 
75 24 26 17 62 70 33 9 60 21 8 75 52 76 16 66 11 67 40 13 
75 26 18 15 60 70 33 13 56 24 8 72 53 72 12 66 16 64 38 15 
73 22 24 15 63 70 30 9 51 22 8 76 53 72 15 66 13 60 41 13 
69 25 26 15 60 68 31 12 56 20 6 75 55 74 15 66 10 68 41 15 
75 27 27 14 63 69 32 9 53 24 7 74 52 77 14 67 13 61 42 13 
72 22 24 17 60 70 34 11 55 23 7 72 52 71 12 65 16 68 41 15 
72 23 26 16 59 69 32 10 54 24 6 74 54 71 13 65 10 66 39 13 
69 24 25 16 62 70 34 8 53 19 8 75 56 72 16 66 8 66 39 14 
71 26 17 18 62 68 34 9 60 22 7 76 55 77 17 65 9 60 38 12 
71 21 21 16 63 70 34 9 61 18 8 75 56 73 14 66 11 67 41 14 
70 23 24 14 61 68 31 10 60 23 7 74 53 76 15 66 10 61 41 12 
73 28 19 17 60 68 33 13 55 26 7 72 53 76 14 66 8 64 39 12 
74 26 21 16 61 70 34 10 52 23 7 77 55 73 18 67 9 60 42 15 
74 28 17 17 60 69 33 9 56 26 8 75 54 70 16 67 10 68 42 16 
69 23 18 18 63 68 31 13 55 18 7 72 52 73 13 67 14 63 40 12 
73 22 26 17 60 68 30 12 60 19 7 74 53 76 15 67 8 67 39 16 
76 24 25 18 63 69 33 8 61 23 6 72 56 74 16 66 13 64 42 14 
76 26 18 14 61 69 34 8 54 22 8 72 53 70 12 67 16 61 42 14 
76 28 17 18 60 69 30 7 59 23 8 75 53 71 13 65 13 63 38 16 
75 22 23 18 61 69 33 10 60 20 8 76 52 71 15 67 15 67 41 12 
73 22 27 15 59 68 34 10 60 19 6 77 55 77 18 65 10 68 38 13 
70 26 17 18 62 70 33 9 58 22 8 74 55 72 12 66 12 63 42 14 
69 28 19 14 59 69 34 13 61 22 8 77 54 72 12 65 16 63 39 12 
73 25 27 15 59 68 32 9 51 22 8 75 53 73 12 65 15 62 39 13 
69 23 20 15 59 69 34 12 57 21 7 74 52 69 16 67 8 62 38 14 
72 25 17 17 59 69 33 7 53 19 7 72 54 73 16 66 15 61 38 12 
72 23 21 16 61 70 31 9 56 18 6 74 52 70 12 65 15 63 40 12 
70 21 22 15 59 68 34 13 57 23 8 76 55 70 17 67 12 67 41 14 
74 27 21 16 60 70 30 9 58 22 8 77 55 77 17 65 13 60 40 13 
76 21 18 17 60 69 30 8 52 26 6 72 54 75 12 65 13 62 42 15 
69 24 20 17 60 70 34 9 59 22 7 72 52 73 18 65 9 62 42 16 
71 21 24 17 62 70 31 13 53 24 8 73 54 69 16 65 11 65 40 12 
74 27 19 15 61 69 33 11 54 22 6 76 55 75 16 67 11 63 38 12 
73 21 22 17 62 69 33 13 56 25 8 76 54 69 16 67 14 66 41 16 
72 21 26 14 60 70 33 11 61 19 6 76 55 70 12 66 13 61 40 13 
73 23 19 14 60 70 32 9 57 20 6 72 52 73 15 65 13 62 39 13 
74 23 24 17 61 68 31 12 53 18 8 72 53 73 18 66 15 63 42 13 
71 23 17 14 62 68 34 8 52 21 7 77 56 72 12 66 11 63 39 15 
75 20 26 17 60 69 33 7 54 26 8 77 55 70 14 66 16 66 38 14 
69 24 25 15 63 68 34 13 51 26 6 72 53 70 12 65 10 66 42 16 
76 21 21 16 63 69 34 11 56 18 6 71 56 73 16 65 10 62 42 14 
77 26 17 17 61 68 30 12 58 23 8 77 52 77 12 66 13 64 40 13 
71 20 27 15 59 68 34 8 53 19 7 74 55 70 13 66 12 63 39 12 
77 21 19 16 59 70 32 9 54 23 7 73 56 72 14 65 15 65 40 13 
77 26 17 17 62 68 34 8 61 25 7 76 53 77 18 67 16 64 40 16 
70 28 19 17 60 69 34 7 55 25 6 71 53 72 12 65 10 63 38 14 
75 28 19 15 60 70 34 8 60 19 8 71 56 77 15 67 13 62 41 16 
69 25 27 17 61 68 33 7 61 24 6 74 54 73 17 66 9 66 38 12 
70 22 17 17 61 70 33 10 52 24 8 71 53 74 17 67 10 63 40 14 
77 28 24 17 61 68 31 11 55 23 8 73 54 71 13 65 8 64 41 16 
77 21 26 14 59 68 32 13 51 19 8 77 54 74 17 67 15 66 38 13 
74 28 24 14 59 68 33 12 59 22 7 74 56 70 13 66 11 61 40 12 
72 28 25 17 63 70 31 8 51 21 8 71 54 69 14 67 14 68 41 16 
70 26 19 17 62 68 30 10 56 21 8 77 53 69 12 66 8 65 38 16 
71 27 26 16 59 68 30 10 54 19 6 77 54 69 13 67 11 66 40 15 
77 25 24 16 60 69 33 9 61 21 6 75 55 72 18 67 9 61 40 12 
76 27 23 15 60 70 31 11 58 23 8 76 56 75 17 65 16 67 39 12 
76 20 21 14 59 68 34 7 53 23 7 73 53 71 14 66 12 64 41 13 
70 20 21 15 59 68 33 13 57 25 6 71 56 71 17 66 12 63 41 12 
73 22 24 15 59 70 34 13 53 22 7 76 55 72 16 65 13 65 39 12 
75 27 27 18 60 69 31 8 57 26 6 74 56 74 12 66 13 68 42 13 
73 25 21 15 63 70 32 12 59 22 7 74 53 70 13 67 10 67 40 16 
76 25 19 17 62 69 30 12 57 18 6 76 52 70 17 65 13 62 39 16 
75 23 20 14 59 70 30 13 55 22 6 73 53 76 16 67 12 68 40 14 
76 25 25 17 62 70 30 12 55 19 8 76 55 76 15 65 14 67 39 12 
75 24 17 18 62 69 30 8 54 23 6 73 55 70 14 67 9 68 41 15 
70 22 22 18 62 69 31 8 53 22 8 73 54 77 16 67 8 67 38 13 
72 26 27 16 59 69 30 12 58 18 8 73 56 73 15 65 14 66 41 15 
74 26 18 15 63 68 34 13 61 22 6 77 53 74 14 67 10 65 40 12 
73 23 17 17 60 69 32 11 58 19 8 75 53 77 17 66 13 64 42 14 
71 26 25 15 60 70 31 12 57 18 7 72 56 73 18 66 16 64 38 14 
72 24 27 15 63 69 30 8 61 20 8 74 52 77 14 66 16 61 38 13 
76 28 23 17 59 68 33 11 59 25 6 74 53 70 17 66 16 60 42 14 
75 27 17 15 59 68 34 12 60 25 7 76 53 76 16 67 16 64 41 13 
72 27 25 15 59 68 31 9 52 26 8 74 54 75 12 67 14 63 42 13 
75 26 17 14 63 70 33 8 61 19 8 75 56 76 17 65 12 63 38 12 
72 27 18 14 61 69 30 11 54 24 8 77 56 74 14 67 16 62 40 13 
74 24 23 15 59 68 30 12 61 23 7 71 52 72 12 66 16 60 39 15 
73 24 17 17 63 70 32 11 53 20 7 76 53 70 18 67 12 65 42 12 
72 27 22 17 59 70 30 12 56 25 7 73 53 72 13 67 13 62 41 12 
69 20 19 18 59 70 32 10 61 20 7 72 56 77 18 67 16 65 40 16 
74 24 24 14 59 70 34 8 58 25 6 73 53 75 14 65 12 66 39 15 
77 20 22 15 63 69 32 10 59 24 8 77 56 72 14 67 8 61 38 12 
74 21 20 14 59 69 34 8 52 21 7 75 55 75 15 65 10 65 41 15 
73 21 26 14 63 68 30 10 51 23 8 71 53 72 18 67 14 60 40 12 
74 24 17 16 60 69 31 10 56 26 8 72 55 75 17 67 15 66 39 13 
75 26 22 16 61 69 31 12 61 20 7 74 53 70 16 67 11 63 38 16 
73 26 23 16 59 70 34 13 53 22 8 71 52 71 12 65 16 60 41 16 
75 25 18 15 61 70 31 7 61 25 7 77 54 72 14 65 8 67 42 15 
77 20 23 16 62 68 33 9 54 24 8 75 52 70 17 65 10 68 39 12 
76 24 18 17 59 70 34 13 57 20 6 74 52 70 13 66 9 68 38 12 
70 26 23 16 63 70 32 7 58 22 6 76 56 73 15 67 12 67 41 16 
72 27 17 15 63 69 32 13 56 21 8 72 56 72 16 66 8 66 41 16 
70 21 21 14 61 68 33 10 60 26 8 71 52 75 18 65 12 68 42 14 
77 21 23 15 60 70 32 7 60 24 6 77 53 75 16 65 10 67 39 16 
74 23 25 18 63 68 33 9 57 19 7 75 53 72 16 66 8 61 42 12 
73 28 18 18 62 69 32 7 57 23 6 75 53 73 14 67 8 63 42 12 
76 22 21 14 59 70 30 8 55 25 6 74 52 73 17 67 14 60 40 12 
77 20 25 15 60 68 30 12 51 25 7 71 52 74 15 67 16 62 41 16 
69 22 19 15 59 68 34 7 51 24 8 73 53 77 12 65 16 65 42 13 
70 25 17 14 60 70 32 10 57 20 6 74 54 70 12 66 15 62 39 15 
75 25 19 18 61 70 32 9 58 21 7 74 55 75 16 66 9 65 41 14 
70 23 23 15 61 70 30 7 61 23 8 73 56 69 15 66 13 60 38 13 
76 23 22 16 60 68 33 8 60 19 8 73 55 76 15 66 15 68 38 15 
73 28 26 18 63 68 32 10 55 19 7 71 55 74 15 66 14 62 41 12 
69 24 21 15 60 70 30 10 61 19 6 71 55 70 12 66 13 63 41 15 
71 24 18 18 61 70 33 11 53 19 7 73 56 73 13 65 9 68 41 14 
76 27 19 15 60 69 34 8 51 24 6 71 54 69 13 66 15 62 41 14 
77 25 22 18 63 68 30 8 61 20 8 74 53 76 13 65 12 68 40 16 
72 22 18 15 63 70 33 8 61 23 7 71 56 70 14 67 13 65 40 16 
71 26 27 14 59 70 32 13 57 25 6 73 55 70 14 67 8 68 40 14 
75 25 22 15 60 70 33 13 52 22 6 71 56 74 15 65 8 61 42 14 
71 22 18 17 60 69 34 13 52 21 8 74 53 76 14 67 8 64 42 13 
77 27 20 14 59 69 30 12 58 23 7 74 55 72 17 67 13 61 41 15 
76 20 22 16 60 69 33 11 52 20 7 73 56 72 12 67 16 62 42 13 
75 24 21 16 62 68 33 11 59 20 7 72 52 74 16 66 13 63 38 13 
71 27 17 15 60 69 31 10 58 20 6 74 53 76 12 67 11 68 42 16 
69 23 26 15 62 69 31 11 58 19 6 72 54 75 16 65 11 63 41 15 
72 21 26 18 59 69 32 8 59 23 6 74 54 72 14 67 15 65 41 12 
77 27 17 15 61 68 32 12 52 25 8 76 54 74 15 65 10 62 40 13 
69 23 18 16 59 70 30 12 51 22 8 72 54 73 15 67 8 67 42 12 
77 22 24 16 61 68 32 7 57 19 6 72 52 76 16 65 10 60 39 16 
70 25 27 15 62 69 34 10 56 23 7 74 56 73 18 66 12 63 38 13 
72 21 26 15 61 68 34 8 51 25 7 73 56 74 18 65 11 64 39 13 
74 27 18 16 63 70 33 10 55 24 8 71 53 73 13 65 11 68 40 14 
73 25 25 18 62 69 30 11 58 21 7 74 54 75 13 66 14 67 42 13 
69 20 24 14 62 68 31 10 59 21 6 77 52 76 14 65 14 61 42 14 
73 20 23 14 62 68 33 13 58 18 8 73 56 73 16 65 14 68 40 16 
72 22 27 17 61 68 32 11 53 21 8 75 53 76 12 67 15 60 40 14 
73 24 22 16 60 69 32 13 52 25 8 72 52 71 13 67 10 62 42 14 