55 42 81 83 73 93 92 57 57 66 58 30 66 86 35 24 76 24 85 37 
57 47 81 87 67 92 90 55 54 67 56 33 65 89 34 22 84 25 86 36 
53 43 80 85 73 91 90 55 58 72 58 36 63 85 33 25 82 28 82 37 
55 42 81 79 73 91 91 59 57 65 58 30 71 85 37 24 77 31 87 36 
53 44 81 79 70 92 92 61 57 73 58 29 65 89 35 22 84 28 86 37 
50 42 79 81 69 93 91 63 58 67 55 37 64 85 35 24 78 26 82 37 
52 48 79 83 69 93 90 61 55 71 57 29 67 88 38 23 82 26 86 37 
50 44 79 87 69 92 91 63 58 73 57 29 64 89 37 22 75 30 90 35 
55 43 79 81 67 92 92 63 56 67 58 37 69 89 33 24 80 31 88 36 
49 47 79 79 72 92 91 60 56 66 57 38 71 88 32 23 84 25 90 37 
56 42 79 85 72 91 90 59 55 73 57 31 66 85 36 22 79 25 82 35 
51 45 81 81 72 93 91 57 55 67 56 30 67 85 33 24 81 29 89 36 
56 43 81 87 73 91 92 55 57 68 55 33 65 88 32 26 75 28 82 36 
55 47 79 84 71 91 92 60 57 68 56 36 68 87 38 20 78 25 90 37 
57 45 81 80 69 92 90 59 57 73 57 37 70 86 37 24 76 28 83 37 
57 45 79 83 69 92 92 59 56 70 59 36 64 89 32 19 75 28 82 35 
54 43 79 86 73 91 91 61 55 71 55 35 67 89 34 24 82 25 84 36 
54 43 80 81 71 91 91 61 55 69 53 38 65 86 34 22 83 31 83 35 
50 45 80 87 72 91 91 62 57 71 53 37 63 89 34 20 80 24 82 37 
56 48 80 86 72 93 91 55 57 70 54 31 70 89 33 25 81 29 83 36 
54 48 79 85 72 93 90 62 58 73 57 32 71 87 35 20 80 28 85 37 
56 44 81 79 67 91 90 63 55 70 55 35 70 88 34 24 80 27 83 37 
49 42 79 84 70 91 92 58 56 68 55 37 65 86 33 27 79 28 86 36 
52 42 79 82 73 91 91 56 58 66 58 39 68 88 35 26 83 28 84 35 
56 47 81 85 69 91 92 63 55 66 57 30 64 85 36 22 84 30 87 36 
55 48 79 83 71 93 90 62 58 68 58 36 64 85 34 19 79 31 82 36 
54 44 81 79 70 93 92 62 57 70 58 34 70 88 33 20 75 30 85 35 
51 47 81 85 67 91 91 59 58 68 59 31 70 89 34 22 84 26 85 36 
51 42 79 82 71 93 91 59 57 68 59 38 65 88 38 25 85 29 86 37 
51 43 80 84 69 93 92 62 56 70 57 34 68 88 35 21 84 29 90 36 
50 43 81 80 70 91 90 60 56 67 58 32 70 87 37 19 79 25 82 37 
53 43 79 86 70 93 92 55 57 70 54 36 68 88 36 27 78 24 87 37 
49 44 79 83 68 93 91 57 58 71 57 35 68 88 36 25 77 31 83 35 
52 45 80 87 71 91 92 55 54 67 57 35 67 85 33 20 79 31 82 35 
54 42 81 79 73 93 92 62 56 69 58 36 71 88 36 24 84 31 87 36 
50 46 81 86 69 93 92 61 58 72 56 37 71 86 37 19 84 26 86 37 
50 44 81 83 72 93 90 63 56 69 59 33 66 88 34 27 75 27 84 36 
50 45 81 85 69 92 90 56 54 66 55 32 68 85 34 24 79 24 86 37 
50 47 80 83 73 92 92 55 54 66 54 32 63 88 38 20 84 31 82 35 
53 44 80 85 72 92 90 59 58 70 59 31 65 89 33 24 76 26 84 37 
50 45 80 83 72 91 92 60 57 66 55 31 71 88 38 22 79 25 84 37 
49 45 80 82 73 91 92 58 54 73 56 35 71 86 36 25 83 25 86 37 
57 48 81 79 70 91 90 57 58 73 57 32 70 87 38 21 79 25 89 35 
52 48 79 79 72 93 92 62 57 69 59 34 70 87 34 21 76 32 90 37 
50 43 81 83 68 91 91 55 54 73 59 35 63 88 38 22 81 28 85 37 
53 48 79 85 73 92 91 63 55 72 53 38 71 87 33 21 78 30 88 37 
52 43 80 82 72 91 92 61 54 65 56 30 63 85 36 24 85 29 88 36 
51 42 81 83 69 93 91 61 58 68 56 30 66 85 33 26 82 27 86 36 
57 42 80 80 71 93 92 63 54 70 54 30 66 86 38 23 85 28 87 37 
56 46 81 80 72 93 91 63 56 71 54 33 66 85 37 25 75 31 84 36 
55 47 80 79 69 91 91 56 54 70 58 29 68 89 32 24 82 31 82 35 
57 47 79 85 72 92 91 57 54 67 54 39 64 89 33 19 75 26 90 36 
56 45 79 80 67 92 90 60 57 70 55 36 70 85 35 24 76 31 87 36 
51 46 80 79 73 91 92 58 55 70 56 34 68 89 37 25 84 26 90 37 
54 48 81 86 70 92 92 63 56 71 54 36 67 86 37 20 76 27 84 37 
57 48 79 86 68 93 91 55 56 70 58 38 67 88 35 25 81 29 86 35 
51 48 80 81 73 91 91 59 55 65 58 34 65 87 33 24 80 29 82 35 
50 47 80 80 69 92 90 61 55 70 57 37 63 86 33 23 78 26 87 35 
49 42 80 83 70 93 92 59 54 70 54 37 71 88 37 24 80 25 88 36 
56 44 79 86 68 91 90 62 54 70 53 37 67 87 37 23 76 25 90 37 
49 43 80 84 70 93 91 60 56 67 58 35 70 85 38 19 85 24 85 37 
53 42 80 80 71 93 91 58 55 68 59 35 63 85 36 25 80 31 89 36 
51 48 79 81 68 93 92 59 57 71 58 39 67 86 34 23 84 29 82 36 
51 45 81 79 67 91 90 62 55 65 53 38 67 89 35 27 81 27 85 35 
51 46 80 81 71 92 92 62 55 69 57 31 68 86 35 23 85 31 83 37 
50 47 81 86 67 91 92 58 58 70 55 37 69 86 33 24 78 27 83 35 
49 47 79 83 67 93 91 61 54 65 55 30 71 89 36 20 82 31 84 36 
51 43 80 85 69 93 90 57 57 68 54 37 71 85 35 24 85 31 82 36 
50 47 80 80 70 92 90 58 54 71 55 33 71 86 33 23 78 32 83 37 
50 42 81 80 68 93 90 55 57 67 53 36 70 86 35 24 79 24 87 36 
50 43 79 81 70 92 90 63 58 72 53 32 66 85 35 21 81 29 84 35 
57 46 80 86 73 92 91 62 56 70 55 36 65 88 32 26 83 24 83 37 
50 44 80 87 71 93 91 57 58 71 53 34 71 88 37 19 84 26 84 37 
56 47 79 84 72 92 90 62 58 70 57 35 69 85 34 27 76 30 89 37 
54 43 79 83 72 92 91 59 56 66 58 33 66 88 34 25 82 32 89 37 
52 47 80 87 73 93 91 58 54 67 53 35 65 88 35 24 79 30 88 35 
51 44 81 80 71 93 92 59 57 70 53 35 67 89 38 27 78 24 83 36 
52 46 80 80 72 92 91 57 56 66 56 39 63 87 33 20 75 24 82 35 
52 47 79 85 70 91 90 57 58 72 57 30 68 85 32 19 80 30 89 36 
52 45 80 85 71 91 91 59 55 66 54 34 68 88 38 24 84 31 88 37 
52 46 81 83 71 93 92 60 54 68 54 29 70 88 37 23 80 30 90 36 
49 46 80 87 69 93 92 58 58 69 57 31 69 88 35 22 82 28 82 35 
54 48 80 81 70 92 90 63 56 68 59 37 65 88 38 23 82 32 84 37 
51 45 80 82 70 93 91 59 56 67 53 37 65 85 38 26 79 24 84 35 
57 44 80 82 71 91 90 61 56 65 53 31 63 86 36 27 85 30 88 37 
49 47 79 82 68 92 91 58 58 70 59 33 70 85 35 22 78 31 86 35 
53 47 80 84 73 92 90 57 57 68 56 38 63 87 34 26 76 27 82 36 
53 44 79 81 73 93 90 59 55 68 58 34 65 85 34 26 81 25 82 37 
56 44 81 79 72 93 91 57 57 72 56 33 69 86 32 26 78 29 86 36 
52 45 81 86 68 92 91 60 56 66 55 29 63 88 35 24 76 26 82 36 
49 42 81 83 72 93 91 57 58 65 59 33 69 85 33 27 79 32 82 36 
52 48 81 86 71 91 90 61 54 65 57 37 67 89 38 26 81 25 85 35 
53 45 80 79 72 93 90 63 55 68 53 38 70 87 32 23 76 26 83 36 
49 48 79 87 67 91 92 56 56 69 54 34 66 85 35 20 76 25 89 37 
54 48 80 81 72 92 90 63 57 67 59 38 71 85 38 22 83 25 88 37 
55 43 81 82 72 92 90 58 54 69 58 33 68 86 32 23 85 32 87 37 
50 42 79 85 72 93 91 62 57 68 59 35 64 85 38 19 85 28 88 36 
56 46 80 79 70 92 92 57 54 65 58 34 69 89 32 21 78 27 90 37 
51 46 80 82 72 93 90 56 58 70 56 31 71 88 34 27 85 31 82 36 
49 47 80 84 73 92 91 56 58 72 55 36 71 86 36 26 83 28 83 37 
53 44 80 81 68 93 90 55 54 69 54 35 71 86 37 25 83 32 87 35 
51 47 80 81 69 91 92 56 54 68 53 37 67 88 35 24 83 32 85 35 
55 43 79 84 71 91 90 63 54 73 57 38 69 88 33 24 78 25 83 37 
49 45 80 79 70 92 90 59 58 68 56 29 68 89 34 19 77 29 83 36 
54 43 81 86 72 93 90 62 57 70 58 36 64 86 37 23 85 24 90 36 
52 48 81 86 67 93 91 63 54 68 58 35 65 88 38 26 85 29 84 36 
57 42 79 86 71 93 91 63 58 70 58 31 71 89 37 23 82 27 85 37 
50 44 79 83 68 91 92 61 57 66 59 38 69 89 34 26 76 27 85 37 
52 45 79 79 67 91 92 56 58 72 53 29 69 88 38 23 84 31 90 35 
51 46 81 84 67 92 91 62 57 72 55 31 63 89 37 20 85 29 84 36 
49 45 79 79 72 91 90 60 57 68 55 37 67 85 32 27 85 28 87 37 
56 45 79 82 72 91 91 61 54 65 58 38 65 87 38 22 78 25 84 35 
54 42 79 85 73 93 92 62 55 72 57 38 68 88 38 20 76 27 83 37 
56 44 79 86 73 93 90 61 56 72 56 31 70 85 37 24 80 27 86 35 
57 48 80 83 69 92 92 60 58 65 54 38 67 87 33 26 78 29 89 37 
52 46 81 84 72 91 90 56 56 66 58 30 71 86 35 24 82 28 90 37 
57 43 81 85 70 91 90 56 58 68 54 29 70 88 35 24 78 31 82 35 
50 43 80 86 73 91 91 57 54 72 56 36 64 89 36 25 78 24 84 35 
51 44 81 87 71 93 92 56 55 73 58 37 70 85 35 26 84 27 88 35 
54 44 81 79 67 93 90 62 56 70 54 38 69 86 32 19 75 32 88 35 
53 47 80 86 67 91 90 63 55 73 59 35 69 85 34 25 79 31 84 35 
57 42 79 83 69 91 90 56 55 68 59 34 63 86 37 24 81 28 87 37 
52 48 80 81 69 91 91 62 54 71 57 39 69 87 35 27 75 28 90 36 
54 46 80 82 70 91 91 59 54 72 57 36 64 88 37 26 78 27 89 35 
52 43 80 80 67 93 92 63 58 71 55 37 65 87 34 23 83 31 85 37 
50 47 79 80 69 91 90 56 56 71 59 37 65 87 34 27 84 31 82 35 
56 46 79 82 73 93 90 62 58 69 54 30 70 87 38 23 79 28 83 36 
50 42 80 85 68 93 92 62 54 73 59 35 64 89 32 19 79 32 83 36 
50 48 79 79 72 91 90 55 57 72 55 36 64 87 32 20 77 26 88 37 
49 42 79 83 71 91 92 58 55 73 57 29 64 85 34 26 81 28 82 36 
55 48 81 84 71 93 92 56 57 70 56 36 70 88 34 25 85 24 88 37 
50 48 79 82 69 93 91 62 57 67 54 31 64 87 38 27 78 30 87 35 
49 47 79 81 72 91 92 56 58 67 55 37 64 88 38 21 78 30 82 37 
56 48 80 80 70 93 90 61 58 70 53 32 64 85 38 23 84 24 84 35 
49 48 81 85 67 91 92 55 56 67 55 36 65 88 38 19 83 25 88 36 
49 44 79 81 73 93 90 62 54 70 54 38 65 88 32 26 79 24 83 35 
55 46 81 80 68 91 92 56 54 66 56 34 68 85 36 25 83 26 82 36 
53 42 79 85 69 91 92 61 54 70 59 30 69 86 35 25 83 29 86 37 
53 47 81 81 72 91 90 59 54 72 58 32 70 88 37 20 76 27 88 37 
54 42 81 87 70 93 90 57 58 71 57 29 69 88 35 25 84 26 83 37 
54 45 81 81 70 91 92 58 54 67 54 37 71 88 35 24 80 29 83 35 
53 43 80 83 71 92 92 57 55 66 55 34 64 85 32 21 84 29 82 37 
50 43 79 81 67 91 90 59 55 70 53 39 67 87 34 19 83 28 82 37 
50 46 80 85 71 93 91 61 56 65 54 32 67 89 33 24 80 25 84 36 
53 42 81 80 70 93 92 59 56 73 57 30 70 87 35 21 76 32 88 37 
51 48 80 79 69 93 92 59 56 65 59 36 63 88 35 26 81 31 89 36 
51 44 81 79 72 91 90 60 58 66 59 37 68 86 37 24 84 24 84 37 
53 43 80 81 71 92 91 55 57 71 59 33 69 88 34 24 83 30 84 35 
57 45 79 87 69 93 91 63 56 69 54 38 70 89 35 24 79 26 90 35 
51 48 81 79 67 93 92 60 56 67 58 38 70 85 32 25 76 25 88 37 
54 46 80 83 68 92 92 63 56 68 57 35 63 86 32 24 84 25 82 36 
57 47 81 79 67 93 92 60 55 66 53 39 63 85 32 25 81 31 87 35 
52 43 81 83 72 93 90 63 58 67 58 34 63 88 34 21 85 31 84 37 
56 46 79 82 72 93 91 56 55 65 53 33 69 89 37 20 84 29 86 35 
57 48 81 79 70 93 92 56 56 70 54 38 71 85 33 23 81 24 90 35 
57 44 80 86 67 92 91 62 55 66 55 33 63 89 37 20 79 27 85 37 
53 46 80 79 73 91 91 60 57 66 58 32 65 85 38 24 81 28 86 37 
51 44 79 85 68 93 92 57 54 65 59 29 63 86 32 22 85 29 83 36 
56 42 80 81 73 92 90 58 57 70 58 37 69 87 36 23 75 28 88 35 
50 46 80 85 67 93 92 60 55 69 58 29 67 87 35 27 78 31 84 36 
56 44 79 82 71 91 90 61 54 68 58 29 63 89 37 19 84 27 83 37 
54 48 79 82 72 93 90 59 57 66 58 30 67 86 33 25 75 25 90 35 
51 44 81 86 68 93 91 58 56 65 58 30 70 85 34 22 76 31 88 35 
55 43 81 86 67 92 90 63 57 70 59 34 70 85 37 23 79 26 84 37 
54 44 81 86 72 93 92 60 57 67 59 38 67 87 32 24 85 30 90 37 
50 42 81 81 70 91 92 63 57 73 59 30 71 89 32 26 83 27 86 35 
52 45 81 84 71 93 90 55 55 65 56 31 66 86 35 22 85 29 86 35 
51 42 79 84 70 93 90 57 57 67 54 37 66 85 34 26 81 27 90 36 
57 44 81 85 69 93 92 56 55 70 58 30 63 86 37 23 78 28 85 35 
53 48 81 81 69 93 92 56 54 68 55 31 69 88 34 19 82 25 86 35 
53 43 79 79 72 93 91 55 56 70 53 35 65 86 32 26 82 25 83 37 
56 46 79 84 73 92 91 58 54 65 54 33 68 88 34 27 80 32 90 37 
49 47 80 87 68 93 91 57 58 68 57 29 66 85 38 21 75 25 85 37 
54 44 79 87 72 93 92 63 54 67 53 33 68 86 33 20 79 27 90 37 
52 48 81 79 71 92 92 55 56 69 56 37 63 89 36 26 79 25 82 36 
57 44 79 80 69 93 92 56 56 71 54 32 66 89 36 26 77 24 83 37 
53 47 79 82 68 93 92 63 54 72 57 31 71 87 35 22 75 32 90 37 
56 47 79 79 67 93 92 57 55 73 54 29 63 87 32 27 81 28 89 36 
54 43 80 87 69 91 92 60 55 67 57 38 63 88 36 21 78 30 90 37 
54 48 81 81 67 93 90 60 58 72 53 39 66 89 38 21 78 25 82 37 
53 42 80 86 70 92 92 60 55 66 57 32 69 85 32 21 82 28 90 35 
54 44 81 83 69 93 90 60 55 73 55 35 65 88 36 22 78 27 82 37 
51 48 80 80 72 92 91 57 56 72 54 29 66 86 38 19 81 27 86 35 
54 43 81 85 67 92 90 55 57 70 55 39 65 87 33 27 83 30 85 37 
55 43 80 86 71 92 90 57 56 65 55 29 64 85 34 23 75 25 83 37 
50 45 79 83 73 93 91 59 56 71 55 29 66 88 34 27 76 26 87 37 
49 45 81 82 71 93 92 61 54 66 53 30 71 87 38 19 80 30 82 37 
51 42 79 83 68 91 92 59 54 73 57 39 71 86 35 24 82 28 85 36 
49 42 81 80 72 91 92 56 57 73 56 38 70 87 36 20 85 24 83 35 
57 43 81 83 73 93 92 56 55 66 57 39 63 88 36 26 82 31 83 36 
52 44 79 84 71 93 92 63 57 69 58 38 70 86 36 25 84 29 82 37 
55 44 81 84 73 92 91 59 58 69 56 31 70 87 34 23 81 30 87 36 
55 48 80 87 70 93 91 60 58 68 55 29 63 85 32 27 84 28 88 37 
55 42 80 84 71 93 91 56 55 66 54 34 71 89 35 22 82 28 84 36 
51 46 80 80 68 92 90 57 54 68 57 37 70 86 37 23 80 28 86 35 
55 47 81 80 69 93 90 60 57 71 54 29 63 89 36 21 80 25 90 36 
50 48 80 82 73 92 92 58 58 67 59 37 67 86 38 27 81 29 86 36 
54 45 80 80 71 92 90 59 55 68 55 37 70 86 33 25 76 26 84 35 
52 45 79 80 68 92 91 55 55 68 55 34 69 87 35 25 78 24 82 36 
52 46 79 81 69 91 91 63 57 72 55 38 64 87 34 27 75 25 88 36 