30 28 32 30 28 29 31 28 30 29 32 30 31 30 32 29 31 28 29 28 
24 19 20 24 24 25 22 24 25 21 22 25 24 25 23 23 24 20 20 19 
52 49 51 52 50 52 49 49 52 51 51 51 48 51 48 48 50 48 52 49 
41 41 42 43 41 43 42 43 42 42 41 42 43 42 42 42 43 43 42 43 
28 27 20 26 24 27 28 21 26 24 25 22 24 24 22 27 24 27 24 26 
7 2 6 7 4 3 5 5 4 6 1 2 5 7 7 5 6 2 5 6 
91 92 98 90 92 97 93 97 98 98 90 97 94 93 98 98 97 96 97 98 
63 64 62 64 66 66 63 64 60 65 65 65 60 60 60 66 65 66 63 64 
13 13 12 11 13 12 11 11 11 12 12 13 11 12 12 13 12 11 12 11 
53 48 48 54 49 49 54 53 49 48 48 48 48 51 52 53 52 53 52 50 
60 58 58 60 62 61 61 59 61 62 59 59 58 60 62 59 58 58 61 58 
74 68 71 73 71 74 72 73 72 69 70 68 72 70 68 71 68 69 69 69 
53 52 55 50 49 54 51 49 54 50 55 52 54 51 54 53 50 54 51 49 
53 56 55 55 57 53 54 52 53 55 56 53 54 56 53 55 52 51 53 56 
76 76 74 74 74 75 74 74 74 74 75 74 74 75 75 75 76 74 76 74 
25 28 25 29 25 25 25 29 27 25 25 28 29 28 28 27 25 26 27 25 
53 56 52 54 55 52 56 52 52 55 56 52 52 54 56 53 53 54 53 53 
58 66 62 64 63 65 61 62 63 57 66 62 67 63 64 61 58 58 66 63 
47 50 46 48 47 49 48 49 43 48 46 47 46 47 48 48 51 44 48 50 
37 37 35 36 37 35 37 36 35 36 36 36 35 37 36 37 36 36 36 37 
22 19 18 19 22 19 21 19 22 20 21 20 20 22 22 19 20 22 19 19 
63 67 70 64 63 64 65 66 64 65 67 64 69 64 69 69 68 62 62 65 
95 98 98 95 96 94 97 97 96 94 94 97 97 98 95 96 94 95 94 98 
69 68 67 70 71 68 69 71 71 70 67 67 70 70 67 67 70 71 68 69 
28 28 25 25 25 28 25 26 28 27 24 26 27 26 27 26 26 25 26 27 
62 56 59 64 66 57 65 65 62 58 65 62 66 66 63 64 57 58 56 58 
82 82 84 84 84 83 83 83 84 84 83 83 82 82 84 82 84 83 82 84 
34 41 33 35 42 39 39 41 43 41 39 39 35 34 36 40 36 38 38 35 
47 45 46 42 48 45 48 48 46 46 47 41 46 42 49 41 47 49 42 46 
66 64 61 64 64 64 71 62 69 65 71 67 69 65 71 61 66 62 65 61 
4 5 5 5 6 3 6 6 4 6 4 3 4 4 4 6 3 5 6 5 
35 38 42 34 33 37 33 42 37 42 38 39 34 35 38 41 42 41 40 36 
54 52 54 51 53 53 52 55 48 49 48 57 50 58 54 51 50 57 56 50 
48 45 48 40 46 46 41 47 42 41 41 47 40 42 47 44 41 42 47 42 
44 35 36 41 43 44 37 44 36 37 38 35 35 43 42 37 36 35 35 35 
58 49 49 59 50 53 52 50 49 59 51 51 52 58 53 53 58 59 53 50 
76 80 76 76 80 77 73 81 77 76 81 73 78 75 73 74 74 73 77 75 
94 92 93 88 89 90 92 88 88 91 88 89 91 89 92 89 94 90 89 93 
99 95 96 93 96 99 96 97 95 97 96 96 93 99 99 95 93 92 99 92 
31 29 24 30 26 27 25 30 26 25 23 28 29 23 23 25 29 23 28 24 
62 68 61 67 65 66 62 65 60 61 64 65 64 67 67 60 65 68 64 67 
47 45 51 51 49 52 51 45 46 46 50 49 47 48 51 48 47 46 47 44 
35 33 37 37 33 36 34 33 36 36 33 34 36 34 35 37 37 34 33 37 
88 89 91 87 90 91 87 90 87 92 87 93 92 89 87 87 93 91 92 90 
18 19 20 19 20 19 20 17 18 17 20 17 21 19 17 20 19 21 17 17 
92 96 86 94 90 87 91 93 95 89 94 91 92 89 92 90 89 91 92 93 
3 1 5 1 1 3 2 2 1 1 5 1 1 2 4 5 1 1 1 3 
82 83 81 82 80 80 80 79 80 80 82 83 80 80 83 80 80 83 83 79 
45 45 43 43 43 44 44 43 43 44 43 44 43 43 43 45 44 43 45 45 
87 89 85 86 89 85 88 88 84 85 90 89 87 90 89 88 89 85 87 88 
65 61 63 64 64 63 62 65 62 64 59 64 65 60 59 65 62 61 65 63 
27 24 26 30 24 27 30 26 27 28 26 29 25 24 26 25 25 28 28 24 
50 54 52 49 54 52 56 54 53 49 53 55 48 50 52 50 51 55 56 54 
52 52 52 52 52 54 53 54 53 54 54 53 53 53 52 53 54 53 52 52 
74 75 75 75 75 75 74 71 73 75 71 75 72 75 73 71 75 74 75 73 
46 46 47 46 46 46 47 48 48 47 48 48 48 48 47 47 48 48 48 47 
26 25 27 25 24 28 25 28 28 27 24 28 28 25 27 28 26 26 28 27 
97 98 98 97 96 98 96 98 97 96 96 97 97 98 98 96 98 98 98 98 
80 85 84 86 81 85 83 87 83 84 88 88 86 87 80 86 88 85 87 86 
18 18 16 18 16 18 17 17 17 17 17 16 17 17 18 18 16 17 18 17 
20 21 23 24 22 22 26 21 19 25 25 23 19 25 20 27 23 24 26 21 
90 91 91 89 91 91 91 89 91 91 91 90 91 89 90 91 91 89 90 91 
24 24 21 18 24 26 26 27 27 21 23 25 20 21 25 27 25 24 21 18 
12 10 13 10 15 12 13 10 13 13 13 15 12 14 15 10 12 13 14 13 
31 35 27 33 27 34 28 28 33 34 34 30 26 26 29 30 29 29 29 34 
7 6 3 4 7 7 7 6 7 5 3 3 6 7 7 4 6 4 7 6 
55 56 53 54 53 55 55 55 55 53 53 54 56 53 55 56 57 54 54 56 
29 28 32 30 34 26 29 32 28 34 34 32 34 33 34 33 26 27 31 29 
9 9 8 10 8 8 10 9 10 9 8 8 8 9 10 8 10 10 9 9 
70 61 68 62 60 66 69 67 64 62 64 66 64 68 62 63 69 70 69 62 
43 35 42 39 43 38 38 44 41 38 44 40 42 42 36 38 35 40 37 42 
35 35 33 35 34 34 34 35 35 33 35 33 35 34 34 33 35 35 34 35 
38 32 33 38 38 31 37 30 36 32 37 30 34 38 33 34 33 33 33 31 
55 55 59 60 60 60 60 56 54 58 59 55 58 58 60 54 55 54 60 60 
83 86 85 83 85 84 84 84 83 84 86 84 84 86 82 84 83 82 84 84 
18 20 19 20 19 18 20 19 19 18 19 19 19 18 20 18 18 19 20 18 
79 83 78 85 80 78 81 78 78 79 86 82 77 83 82 84 86 82 85 77 
84 80 83 84 82 84 83 84 80 84 84 84 80 82 83 84 81 84 82 81 
93 97 96 97 95 94 94 93 96 94 94 95 93 97 97 95 97 97 95 97 
99 96 99 96 95 96 96 96 98 99 99 96 98 98 99 99 95 99 97 99 
60 64 64 64 63 64 66 65 63 62 58 63 60 59 62 62 60 65 65 59 
90 89 89 90 91 90 90 89 91 91 89 91 91 89 91 89 90 90 91 91 
63 58 66 60 63 67 60 63 58 60 58 58 65 67 67 60 66 60 61 64 
42 42 41 44 42 39 40 36 40 41 43 40 43 43 41 38 44 44 39 43 
44 43 42 40 40 40 41 42 40 39 40 42 43 44 43 41 45 41 41 40 
81 79 81 78 81 81 78 80 79 81 80 79 80 81 78 78 81 78 80 82 
77 72 79 78 76 73 78 73 77 77 74 75 77 74 73 74 74 75 74 72 
58 54 54 58 58 57 58 56 56 55 56 56 58 57 54 54 58 55 56 55 
28 31 29 29 30 28 30 25 28 26 25 26 27 29 30 25 26 28 27 25 
94 92 96 97 98 92 90 89 92 99 91 92 93 99 89 93 97 91 90 98 
75 81 81 76 73 73 75 74 73 74 80 79 78 82 76 77 81 74 77 78 
5 6 10 4 2 4 3 10 6 2 8 7 4 10 8 3 10 2 5 10 
15 7 10 10 16 16 15 17 12 9 9 11 12 9 15 11 12 9 8 10 
50 53 52 53 49 52 50 52 50 52 52 53 49 53 51 51 53 51 50 52 
64 64 64 64 65 66 65 64 64 65 64 65 64 66 66 64 65 64 65 66 
74 74 75 75 76 74 76 76 75 75 75 75 75 74 76 74 75 75 76 75 
42 41 40 41 42 42 41 40 41 40 40 42 41 40 40 42 40 40 42 42 
39 39 40 39 40 37 40 40 37 39 40 39 37 37 39 41 41 41 41 41 
18 18 15 12 14 13 13 12 13 15 18 13 17 13 12 14 12 13 14 16 
30 32 32 32 32 34 27 34 27 32 30 35 30 28 30 31 29 35 31 31 
96 95 96 96 96 95 95 95 95 94 96 94 94 94 94 94 95 96 95 94 
61 63 60 61 62 60 60 62 62 60 63 62 62 63 61 61 63 62 64 64 
14 13 12 13 13 10 11 13 11 14 10 14 12 12 14 10 12 10 14 13 
46 46 44 46 45 46 44 45 46 45 45 46 44 44 45 46 45 44 46 46 
89 91 96 87 95 87 92 94 94 92 88 89 89 96 88 93 89 87 91 97 
90 91 89 89 89 89 90 90 89 90 91 91 91 91 90 91 91 89 90 90 
27 27 28 24 28 20 23 22 27 26 27 20 29 29 20 19 26 27 27 22 
71 72 70 71 64 72 72 67 67 69 67 65 72 72 69 71 68 68 69 64 
7 7 4 8 6 5 1 1 6 8 7 3 2 1 1 3 5 7 2 1 
2 3 1 9 1 9 5 10 1 5 5 4 8 5 1 10 4 10 1 7 
77 78 79 79 77 78 77 78 79 77 78 79 79 78 79 79 77 77 78 77 
17 11 11 11 17 14 17 17 9 17 17 15 12 14 9 15 9 16 12 14 
29 33 33 29 28 27 27 33 31 33 33 32 29 29 31 33 27 30 29 27 
59 61 59 62 63 59 62 61 60 59 60 62 62 62 62 62 60 63 62 59 
6 7 5 7 5 5 7 7 6 5 5 5 7 7 6 7 7 6 7 7 
48 46 46 45 49 49 45 50 48 40 50 50 49 49 47 49 47 46 47 41 
14 12 13 13 12 14 15 11 9 9 10 13 16 10 13 11 10 13 11 8 
17 13 18 9 13 16 13 18 16 10 8 13 10 16 18 17 10 14 15 18 
23 29 29 27 28 25 25 29 31 29 27 28 33 24 27 28 27 26 29 23 
71 72 71 66 70 71 67 67 74 70 73 70 70 72 66 72 70 69 70 69 
71 74 71 68 68 65 75 70 66 75 66 75 66 69 70 75 69 71 74 65 
40 40 41 42 41 40 40 43 40 44 44 41 40 42 41 41 43 40 40 40 
58 56 58 56 55 54 57 55 56 55 57 58 58 57 58 57 55 56 54 55 
99 99 97 98 99 98 97 99 98 97 97 98 97 99 99 96 97 99 97 99 
15 16 16 14 14 14 14 15 15 14 16 14 14 14 15 15 16 14 16 15 
89 90 88 88 90 91 85 89 85 86 86 89 88 84 90 83 84 89 87 90 
15 14 17 16 13 15 14 17 13 15 15 13 12 16 14 16 17 12 15 13 
10 11 12 13 13 9 9 13 11 10 9 12 12 12 13 10 11 12 12 13 
73 71 76 76 74 76 76 77 76 76 72 69 74 75 70 75 71 70 70 77 
45 51 50 52 47 45 51 43 46 50 44 52 42 52 42 45 50 43 51 48 
7 8 5 7 5 5 6 7 6 6 4 4 4 7 6 5 4 5 5 4 
37 34 32 38 35 32 34 36 34 33 34 34 34 37 37 33 37 33 33 34 
29 28 29 28 29 29 29 27 29 29 29 28 28 29 29 27 28 28 28 27 
85 80 82 85 87 80 83 90 83 81 85 83 84 82 84 80 84 88 80 83 
84 81 78 77 82 79 82 81 79 82 84 80 77 83 85 79 80 81 81 78 
49 49 49 49 49 48 48 48 49 50 49 50 48 48 49 50 50 50 49 49 
98 98 98 96 96 99 96 96 96 98 97 99 96 99 97 96 97 97 99 97 
58 59 58 57 58 60 57 61 57 60 60 58 59 59 58 61 61 57 60 58 
3 3 5 4 5 4 4 4 5 5 3 5 4 5 5 4 5 3 3 5 
51 43 43 42 50 50 41 47 45 49 46 48 50 50 47 44 51 42 43 48 
46 49 49 47 47 49 49 48 48 46 48 45 48 49 49 46 48 47 49 48 
17 19 19 23 20 19 23 20 21 22 23 20 17 20 19 19 23 17 17 19 
56 54 59 58 58 59 53 53 55 59 55 55 56 55 53 54 58 59 58 53 
12 15 12 12 10 10 9 15 11 13 11 8 8 13 12 15 15 7 12 7 
57 55 50 53 57 53 50 56 57 51 50 55 49 51 50 52 54 51 55 47 
29 26 25 27 28 28 26 26 27 25 25 29 27 27 28 27 25 29 25 25 
1 4 1 4 2 3 3 3 1 1 3 4 4 1 1 1 3 4 1 2 
10 9 10 11 7 8 9 8 8 9 7 9 9 7 7 10 8 7 10 7 
57 66 67 60 59 58 65 58 58 62 61 57 60 66 65 67 64 64 57 60 
43 40 41 39 42 42 40 39 43 43 43 43 40 41 42 39 43 43 41 42 
97 96 98 95 95 96 97 95 95 95 98 96 94 96 98 97 97 98 95 94 
67 67 67 65 63 67 63 65 65 64 64 64 65 67 64 64 67 65 65 66 
43 48 40 44 48 39 42 41 39 41 43 48 47 43 48 43 46 48 38 41 
77 77 78 79 78 76 78 78 76 78 78 77 77 77 79 79 80 80 79 79 
13 14 15 15 14 13 15 15 13 15 13 14 14 15 14 13 15 13 14 14 
47 49 48 50 50 50 47 52 50 52 52 49 50 49 51 47 47 46 48 50 
18 18 19 17 17 17 18 17 19 19 17 17 18 18 17 18 19 18 18 17 
42 39 42 40 37 43 40 41 43 40 43 41 43 39 39 43 38 42 42 39 
46 47 47 47 46 46 46 48 47 48 46 46 48 48 47 48 47 47 46 48 
76 77 73 76 73 76 74 74 74 77 77 75 76 75 76 76 74 75 75 73 
63 56 56 63 53 55 56 57 61 59 57 60 54 60 57 60 58 61 55 59 
81 81 83 87 81 84 83 86 81 81 85 81 85 86 86 81 84 84 86 81 
15 14 15 16 18 15 17 15 17 18 16 14 14 17 18 18 18 16 18 14 
67 69 70 66 72 73 73 76 74 76 75 75 68 73 68 66 69 75 71 70 
96 97 91 92 92 93 94 92 93 96 95 97 92 97 92 96 95 93 95 95 
48 50 49 49 47 47 46 46 50 50 48 46 46 49 47 46 46 49 48 47 
88 86 85 88 87 87 85 85 87 85 87 85 87 86 84 86 84 85 88 86 
3 3 3 5 5 1 3 2 4 2 4 2 5 2 3 1 2 3 1 5 
81 80 80 77 79 78 81 78 77 80 81 81 80 81 79 80 81 80 78 80 
21 21 21 24 23 24 25 23 25 22 23 23 21 21 22 24 23 24 22 22 
33 32 28 37 35 34 35 32 28 29 33 28 28 37 29 30 36 34 31 34 
18 21 22 18 18 19 20 19 20 22 22 21 24 22 19 23 21 24 22 23 
26 25 29 23 24 26 28 23 23 25 26 28 28 26 24 27 23 28 25 29 
13 12 12 13 9 14 12 13 8 13 13 9 11 6 11 12 7 14 14 6 
70 67 65 70 66 67 67 67 69 69 71 67 67 66 69 71 71 69 66 66 
67 70 66 66 66 70 66 70 67 70 67 68 68 67 68 69 68 69 67 69 
42 42 42 43 42 42 43 44 44 44 44 42 43 44 44 43 42 44 42 44 
96 96 98 94 98 99 99 97 95 94 99 96 99 94 94 93 99 94 99 96 
65 66 67 64 63 62 66 65 63 65 67 67 62 67 66 68 64 64 65 64 
10 10 11 9 8 11 9 9 9 10 9 11 12 11 10 11 9 8 10 11 
49 48 47 49 47 47 47 48 49 47 48 47 49 47 49 48 47 47 48 49 
1 1 4 2 1 1 2 1 3 5 2 2 5 5 3 4 4 5 1 1 
80 77 80 75 80 76 79 82 82 75 74 78 80 82 76 81 74 74 82 80 
25 31 29 28 29 25 25 26 26 25 26 28 25 31 25 27 25 29 31 29 
83 84 82 82 82 82 82 83 82 82 82 84 84 83 84 82 82 84 83 84 
54 54 53 55 55 55 54 55 53 53 53 55 55 54 55 54 53 53 54 53 
52 50 50 52 52 50 52 52 51 50 50 51 50 50 50 50 50 52 52 50 
26 25 27 27 25 26 25 26 27 25 26 26 26 27 26 25 25 26 27 26 
7 11 3 8 4 10 5 7 6 10 6 10 5 7 5 5 11 6 3 4 
68 68 70 70 68 69 68 69 68 68 68 69 68 70 70 69 69 70 70 69 
85 78 83 79 82 81 81 82 85 79 81 80 88 80 85 80 87 79 86 87 
34 29 32 29 32 32 34 31 30 33 29 32 29 30 29 34 31 27 29 29 
4 6 5 6 4 4 6 4 4 6 6 4 4 5 6 5 4 6 4 6 
99 98 98 99 99 95 99 94 94 98 99 99 99 97 94 96 98 96 99 97 
12 14 12 12 12 12 12 13 13 14 12 13 12 14 13 14 13 12 13 12 
64 60 64 60 63 62 64 60 61 64 62 61 62 63 63 61 64 63 61 62 
7 8 8 3 7 3 4 9 10 4 11 9 10 11 4 9 6 10 7 6 
69 62 62 61 65 65 61 68 64 63 68 63 63 63 61 63 65 61 61 65 
3 5 3 5 5 5 6 7 3 7 5 3 7 4 3 7 5 6 4 3 
7 6 9 5 8 8 7 7 9 5 8 7 7 7 9 6 9 6 8 9 