26 24 27 23 25 26 27 27 24 26 25 27 24 25 24 26 26 27 23 27 
17 20 18 18 20 19 21 17 19 19 21 20 21 18 21 17 21 17 19 19 
8 15 14 15 10 10 8 14 16 8 8 13 16 10 10 16 13 15 11 16 
13 9 10 15 9 13 9 14 9 9 10 12 14 14 10 15 11 14 15 9 
22 25 20 25 20 22 23 23 23 21 26 25 24 22 24 20 24 22 20 21 
15 16 17 15 16 17 17 16 15 17 16 16 16 16 17 17 15 16 16 16 
15 21 23 16 16 24 16 18 16 23 18 17 25 21 18 17 18 22 23 25 
20 17 15 15 20 16 21 16 21 17 16 17 15 20 21 21 18 20 20 19 
15 11 11 12 11 11 15 12 13 12 13 15 12 14 14 15 13 11 13 13 
25 26 26 26 24 25 24 25 26 26 24 24 25 26 26 26 26 24 24 24 
9 8 14 9 12 15 10 8 15 16 14 10 14 8 11 12 14 10 10 14 
24 14 19 15 21 23 17 21 14 24 18 23 15 18 23 23 22 18 17 21 
11 14 13 14 14 12 15 12 13 11 13 11 15 11 11 13 13 15 15 12 
13 12 6 13 9 10 12 10 8 7 13 9 13 13 11 7 8 6 7 11 
14 15 15 15 15 15 16 22 22 13 16 22 18 21 20 15 19 17 23 16 
20 19 21 21 21 19 16 19 20 17 22 18 22 19 17 20 19 21 16 18 
12 15 7 17 12 7 8 10 15 11 7 15 12 14 14 9 10 11 14 7 
11 14 14 11 13 13 12 11 15 15 11 14 13 14 14 15 15 12 14 13 
25 28 28 29 29 23 26 27 29 25 25 24 27 28 25 27 25 26 28 26 
10 11 8 12 11 11 10 12 11 10 11 12 9 9 8 10 11 12 12 10 
15 14 14 10 13 11 12 10 16 16 13 13 15 10 16 14 10 13 10 12 
14 16 11 12 14 14 13 13 13 12 16 14 12 15 15 11 14 10 16 15 
12 13 16 10 11 13 12 13 14 11 11 13 14 17 17 17 12 9 11 14 
20 20 17 20 19 18 19 17 16 17 20 18 18 18 20 17 17 20 19 16 
24 19 19 23 24 19 17 23 23 24 20 20 21 21 23 24 23 17 17 24 
28 26 24 26 29 28 26 23 28 29 26 23 24 26 26 26 24 23 23 29 
23 23 24 21 23 24 22 20 24 23 22 22 24 22 23 22 23 22 21 21 
15 15 15 15 16 16 16 15 16 15 14 14 14 14 15 16 14 14 15 16 
21 23 23 23 22 23 23 23 22 23 21 23 22 21 23 21 21 22 21 21 
11 12 12 13 11 12 15 16 12 12 12 16 17 11 16 14 15 12 15 16 
18 23 22 22 17 16 18 23 25 26 24 19 24 19 22 23 26 17 20 24 
11 12 11 6 8 12 6 6 6 8 12 8 9 12 10 10 7 10 6 6 
16 17 18 17 16 17 18 16 17 18 19 19 16 18 19 15 16 18 15 18 
6 8 7 6 6 8 10 6 10 6 10 10 8 9 9 6 10 9 7 6 
24 27 26 27 24 28 27 24 24 28 28 28 25 28 26 25 27 26 24 24 
8 11 13 13 9 15 8 9 11 9 10 15 8 12 14 9 12 14 10 12 
17 20 19 21 18 21 19 17 21 20 17 20 20 17 17 19 20 19 21 21 
12 12 13 10 9 8 12 12 13 9 9 7 8 10 14 8 13 6 6 13 
9 8 13 7 7 13 12 10 12 9 13 12 13 8 7 10 12 12 11 10 
15 12 10 9 9 13 12 12 13 11 11 16 11 12 9 15 14 15 16 15 
11 12 12 11 12 14 14 12 15 12 13 15 11 12 15 15 14 11 11 15 
18 16 18 16 20 19 18 18 17 19 18 19 20 18 19 18 17 16 16 18 
20 11 15 15 16 13 13 12 13 16 19 21 21 20 15 14 20 21 17 21 
12 14 15 15 11 14 14 15 12 11 14 14 15 13 12 15 13 11 15 12 
21 26 22 20 22 23 23 22 24 25 22 25 24 24 24 21 23 24 21 24 
13 13 14 9 13 8 5 7 12 15 12 12 6 15 15 12 8 10 10 9 
20 22 22 20 22 21 21 21 22 22 20 20 22 21 22 20 22 20 21 20 
11 14 18 12 14 17 12 19 13 13 18 16 18 16 15 17 15 14 18 15 
19 20 22 23 25 21 25 21 20 21 23 20 22 21 24 24 23 25 19 21 
9 10 9 9 9 10 8 8 8 9 9 8 8 10 9 8 8 9 9 10 
15 11 12 15 15 12 10 11 13 14 10 13 9 13 10 15 14 9 15 15 
24 24 20 19 25 19 20 25 17 23 25 18 19 20 20 22 25 22 20 20 
16 15 16 13 15 16 17 13 16 13 17 13 16 13 15 14 15 16 15 16 
25 25 28 25 29 25 27 26 28 29 28 23 29 25 27 26 23 23 24 27 
22 22 24 22 23 24 23 22 24 23 23 24 24 22 23 23 24 23 24 24 
24 18 26 23 18 25 26 19 24 25 20 19 22 21 22 19 18 18 20 24 
13 15 18 19 18 15 14 13 18 15 17 15 14 13 15 19 15 16 16 15 
11 12 11 8 9 11 10 10 6 9 9 7 10 7 7 11 8 7 6 10 
18 18 27 27 21 21 25 24 21 23 19 22 17 25 25 23 26 19 27 18 
13 20 18 14 21 23 16 15 21 18 19 20 20 16 14 22 22 21 23 22 
9 6 10 11 9 10 6 6 7 11 9 7 6 10 6 8 12 8 8 11 
22 27 22 27 25 28 23 26 26 22 24 24 23 25 27 23 26 26 22 25 
23 22 22 23 25 24 22 24 25 24 21 25 24 25 25 24 22 23 25 25 
12 11 12 10 12 11 10 12 11 12 11 12 10 10 10 11 12 10 11 11 
20 13 12 12 16 20 12 15 16 18 12 18 15 12 16 20 12 12 17 17 
10 4 13 12 8 7 7 12 4 14 11 10 12 8 13 4 11 14 8 8 
10 10 11 8 13 11 14 14 11 13 11 11 15 14 12 14 11 15 16 13 
14 13 14 15 8 9 10 13 14 13 9 13 8 11 15 15 12 16 14 14 
27 28 24 27 26 25 27 24 24 27 28 24 25 28 25 25 27 26 26 26 
10 12 10 15 10 15 17 12 16 15 10 17 13 17 14 15 14 16 17 16 
16 18 18 18 17 17 18 16 17 17 17 17 18 18 16 18 18 17 17 16 
18 10 14 15 10 17 16 17 11 9 10 19 15 18 19 15 14 11 19 12 
23 23 24 20 23 23 21 21 23 22 23 21 20 24 21 22 22 24 24 24 
11 15 12 11 19 16 16 11 11 17 11 17 17 11 18 12 18 12 12 16 
14 17 15 15 14 14 14 15 16 16 14 14 13 13 17 15 17 14 17 15 
8 14 10 10 15 15 10 13 9 13 16 16 11 13 13 15 12 16 14 15 
10 13 9 8 11 12 16 9 16 9 16 8 13 11 14 8 16 10 11 8 
20 19 20 18 18 18 20 19 20 20 18 19 19 20 20 19 20 20 20 20 
21 19 24 25 20 20 21 24 21 19 23 25 25 20 25 24 22 22 25 22 
21 21 21 23 23 23 21 22 22 23 22 22 23 23 21 22 23 22 22 23 
23 25 22 21 23 23 24 25 21 21 25 24 25 22 21 22 21 22 23 24 
17 18 17 17 18 19 17 17 20 21 20 20 21 19 18 20 17 19 20 19 
15 14 14 13 14 16 14 18 19 22 20 19 21 16 13 14 18 21 18 23 
9 9 8 12 9 10 10 8 12 12 12 11 11 8 9 10 8 12 11 12 
15 12 13 16 16 14 13 16 15 12 15 14 12 15 14 12 14 15 15 13 
16 17 22 17 17 16 19 22 16 20 17 17 17 16 21 18 18 17 17 20 
20 21 19 23 15 20 21 22 18 17 18 17 18 23 22 18 15 18 16 22 
23 30 29 30 28 26 30 29 30 30 30 31 23 29 25 25 27 30 30 25 
16 16 13 16 18 14 12 19 12 19 11 15 18 12 14 13 19 13 11 15 
11 13 9 12 7 12 7 13 13 8 11 13 8 8 13 10 10 10 7 7 
14 11 11 11 11 13 11 13 13 10 13 12 10 10 10 10 14 13 13 12 
23 20 21 21 21 20 22 22 22 19 19 21 22 19 20 21 22 19 19 20 
18 18 17 16 21 17 21 17 17 19 18 21 21 19 21 18 18 18 18 20 
17 16 25 18 20 25 20 17 23 21 25 22 21 17 26 17 20 23 21 22 
12 14 19 12 19 14 14 17 15 18 11 13 17 14 12 13 19 11 18 19 
11 13 14 12 11 13 15 14 14 12 15 11 12 14 11 12 14 14 14 11 
13 15 15 15 15 11 11 12 13 13 14 14 10 13 16 13 14 14 14 12 
9 12 12 17 11 13 16 19 14 13 16 13 15 16 19 12 12 14 9 12 
25 24 28 31 31 31 28 30 28 26 21 28 25 27 21 21 22 25 30 25 
15 18 14 16 18 12 15 15 16 16 17 16 15 15 17 15 18 13 13 13 
23 22 25 22 21 23 25 24 23 24 22 21 21 25 23 21 22 25 24 25 
5 11 11 12 13 7 9 12 8 6 11 8 10 9 6 12 11 7 7 6 
14 15 17 14 14 14 14 17 18 16 14 14 15 16 14 17 16 16 14 14 
24 21 21 20 24 20 23 22 19 23 19 18 18 21 19 24 19 19 20 21 
18 26 16 22 24 25 22 25 23 20 22 20 20 25 21 18 22 25 24 18 
15 14 14 17 18 17 16 16 15 18 14 14 17 17 15 14 16 17 16 18 
23 27 25 28 29 30 28 24 25 29 26 30 29 28 23 29 26 26 29 29 
15 17 13 17 15 16 17 17 15 16 14 15 17 17 15 16 14 14 17 14 
6 7 11 13 13 8 13 10 9 7 12 6 6 8 11 11 8 14 13 10 
23 25 23 23 23 24 23 25 24 24 23 24 25 23 23 24 25 23 23 24 
22 28 20 19 27 26 25 19 23 23 28 22 28 28 27 18 21 20 20 27 
10 8 7 7 10 8 10 11 7 11 7 8 10 10 7 11 8 11 10 7 
13 13 11 18 19 14 10 20 11 13 15 16 11 13 11 12 16 13 12 15 
9 10 9 9 9 8 9 9 9 9 8 8 10 8 9 10 10 10 8 8 
7 9 11 9 10 9 8 11 11 7 11 9 7 8 10 11 8 11 10 7 
20 18 18 22 18 20 22 18 18 22 21 18 20 18 22 19 21 19 20 21 
26 21 24 24 21 29 31 26 31 23 25 24 29 21 21 21 31 24 25 27 
20 18 18 19 18 19 19 20 20 19 18 18 19 18 18 18 20 20 19 19 
15 15 17 15 15 16 17 15 16 17 15 17 15 16 16 16 17 17 15 16 
20 16 16 19 18 18 19 17 19 16 19 16 20 18 20 17 19 19 16 19 
22 22 27 27 31 29 26 24 30 32 28 25 25 27 30 31 22 26 32 32 
19 17 17 17 17 18 19 19 17 17 19 19 19 17 19 19 17 17 19 19 
10 10 10 12 11 11 11 10 10 10 11 11 12 10 10 12 12 12 12 12 
25 29 31 31 25 26 25 25 25 30 29 26 28 30 30 31 27 31 26 27 
15 20 20 17 16 16 23 23 15 24 20 15 17 21 15 17 24 19 22 17 
31 28 25 29 24 25 21 31 28 21 22 31 29 25 24 28 22 30 24 29 
19 22 24 25 20 22 18 27 25 26 28 23 27 22 23 19 26 26 26 27 
29 27 27 29 27 28 27 27 29 27 29 27 29 28 27 29 29 29 29 29 
21 24 24 18 19 23 24 18 19 24 18 19 20 23 21 19 20 22 18 22 
27 26 27 22 22 23 26 26 22 28 25 23 28 24 23 28 22 27 22 27 
13 12 14 14 16 12 13 15 16 13 14 13 16 12 13 15 14 12 14 12 
9 14 9 12 9 10 9 11 10 8 10 8 14 10 11 14 12 9 9 8 
27 25 24 24 21 25 18 19 20 22 26 18 24 19 17 24 19 19 26 22 
20 21 20 23 19 17 18 24 21 16 24 17 23 16 19 19 18 18 22 24 
16 21 23 24 18 20 20 23 19 22 19 19 23 24 20 19 24 18 24 22 
11 11 12 11 11 10 11 10 10 11 11 11 11 11 11 12 11 11 12 11 
14 19 16 15 16 15 20 19 14 20 20 16 16 19 17 16 14 14 15 15 
23 21 23 28 24 21 28 21 25 27 26 26 23 24 29 27 25 24 28 27 
22 28 21 21 27 25 22 27 22 22 27 24 26 24 28 29 27 22 26 27 
25 26 27 27 25 24 24 29 29 30 24 30 22 26 30 25 27 23 22 26 
17 19 18 19 19 19 18 17 19 18 17 18 18 19 18 17 18 18 17 18 
27 29 30 28 26 29 30 30 29 26 28 29 28 28 28 30 30 28 29 30 
13 21 14 16 15 16 21 15 18 21 14 19 18 19 16 13 13 20 20 21 
13 13 9 11 13 11 16 12 12 10 13 9 15 10 13 10 9 17 10 15 
26 22 24 26 25 23 25 24 23 26 25 25 22 22 23 25 25 24 26 24 
22 21 21 21 22 20 20 20 20 21 21 22 20 20 21 20 20 20 20 21 
9 9 10 10 10 9 9 9 8 8 10 9 9 8 8 10 9 8 8 9 
15 12 16 11 14 15 12 17 12 12 16 12 12 12 15 11 13 14 11 14 
28 29 26 29 26 23 21 23 23 24 24 24 21 28 28 23 27 28 23 29 
19 19 18 20 17 18 17 18 19 21 18 17 20 17 19 18 19 21 20 20 
25 19 20 23 24 20 25 24 21 25 25 25 24 24 24 24 23 18 24 21 
17 16 11 14 12 14 15 16 11 11 18 11 12 13 11 19 11 20 18 16 
25 24 24 22 23 24 20 19 21 25 23 21 24 20 23 19 23 23 25 19 
27 23 27 24 28 28 27 30 24 25 30 22 24 22 22 25 22 29 30 28 
17 17 21 12 19 19 22 12 14 14 13 19 16 12 12 15 12 22 20 21 
10 13 10 11 9 16 8 10 11 12 13 14 14 16 9 15 13 13 8 16 
12 12 14 10 7 6 11 10 12 9 12 14 11 15 6 6 13 15 9 12 
18 18 15 20 18 17 19 18 17 20 19 19 17 19 17 18 18 19 19 16 
21 21 15 23 20 16 22 23 23 15 21 22 15 20 22 19 16 21 23 17 
13 12 13 16 12 16 16 12 14 13 12 16 14 13 14 14 14 12 13 16 
14 16 16 14 13 13 14 13 13 13 17 17 13 17 13 13 16 13 14 13 
19 19 21 20 20 20 21 20 20 19 21 19 21 19 20 21 19 19 21 21 
20 21 13 13 14 13 19 22 13 16 21 14 18 22 22 17 15 18 12 19 
29 19 22 20 24 24 21 27 19 25 22 28 20 24 22 28 28 26 27 19 
28 28 24 28 25 25 24 28 28 24 27 27 26 27 28 24 27 26 28 26 
12 11 10 13 11 12 13 10 11 10 12 9 13 10 13 11 10 12 12 13 
13 16 16 11 14 15 15 13 15 14 16 11 14 14 11 11 12 17 11 13 
21 19 19 18 18 20 20 22 19 20 21 22 19 21 19 20 20 18 19 22 
23 20 25 22 24 20 19 23 25 21 21 20 20 22 20 22 22 25 20 24 
17 17 18 22 23 16 21 24 24 19 20 21 19 24 24 22 17 17 21 18 
12 12 12 12 13 13 13 14 10 14 12 13 10 10 11 11 11 14 11 11 
19 20 18 19 18 19 18 19 18 19 20 20 18 19 19 19 20 20 20 18 
26 25 21 22 28 29 21 23 23 24 19 22 29 19 26 22 22 20 25 25 
21 20 21 20 20 20 21 20 19 19 19 21 19 19 19 20 19 21 21 19 
28 27 28 28 26 28 28 27 29 28 29 27 25 27 25 27 25 28 28 26 
18 21 20 22 22 18 21 22 22 22 22 20 19 21 20 22 18 18 20 18 
24 23 24 22 23 23 22 23 24 23 24 23 23 23 24 23 22 22 23 22 
25 25 19 24 17 17 25 25 24 20 17 20 24 18 22 25 21 18 17 18 
25 25 27 25 25 27 27 27 27 27 27 27 27 27 27 27 26 26 25 25 
23 22 19 17 17 22 19 21 22 19 20 20 17 18 17 22 17 23 23 23 
17 14 11 13 11 12 16 11 14 12 7 13 7 8 13 7 16 10 12 17 
14 12 6 9 6 14 13 10 10 7 13 13 12 8 6 15 12 13 12 7 
11 17 13 17 16 13 16 13 13 17 11 12 12 19 17 18 15 13 11 12 
29 28 29 26 25 24 27 26 26 30 25 28 25 30 24 30 28 29 28 27 
13 12 14 16 13 13 15 16 15 14 14 12 16 17 17 13 12 15 15 17 
11 11 10 9 10 11 11 11 11 10 10 11 10 11 9 11 9 10 9 9 
12 10 11 10 12 10 12 10 12 12 10 10 12 10 10 12 12 12 10 10 
21 25 24 23 23 25 21 22 24 22 21 24 23 25 22 25 25 22 22 25 
19 27 24 27 25 25 25 23 22 25 21 22 22 20 20 21 27 21 23 24 
27 28 25 27 29 27 29 25 28 29 25 28 26 29 29 25 29 28 29 28 
12 12 8 10 9 10 12 14 14 12 9 11 11 10 8 9 9 11 11 9 
16 18 15 14 16 14 17 14 15 18 14 16 18 18 18 18 15 14 14 17 
20 18 16 15 17 15 19 20 22 23 19 17 16 16 16 17 21 17 20 15 
9 7 6 7 7 10 10 7 10 10 10 6 10 10 7 8 6 10 6 7 
25 23 23 22 25 23 19 20 22 21 20 20 23 19 20 18 22 23 20 22 
27 26 25 26 26 27 27 26 27 26 25 26 26 26 26 27 27 25 27 25 
9 12 14 12 5 8 8 7 7 8 10 11 7 5 13 7 14 8 6 7 
9 11 14 13 10 11 16 10 9 13 15 9 12 17 10 16 12 13 14 15 
22 30 26 28 30 27 27 27 30 22 22 25 24 27 26 24 28 28 30 24 
22 21 16 24 19 24 22 21 24 18 22 22 21 16 19 21 18 16 22 18 