37 34 33 33 37 33 37 35 34 34 37 37 34 33 33 35 36 36 33 36 
47 45 45 42 42 48 49 52 51 47 50 50 47 52 42 42 42 46 47 46 
42 42 42 42 41 40 40 42 42 40 42 40 41 42 40 42 41 40 41 42 
22 24 23 26 21 26 24 27 25 29 25 24 28 24 21 22 28 26 22 28 
34 35 34 34 34 35 34 34 36 34 36 36 36 36 34 35 35 34 36 35 
40 46 48 45 49 41 39 39 43 41 39 44 44 47 45 49 46 40 44 41 
34 33 37 33 34 35 37 38 36 39 32 33 35 36 36 38 32 33 35 37 
45 45 43 45 45 45 44 43 45 43 43 45 43 44 45 44 44 44 45 43 
39 37 38 38 37 37 39 39 38 38 37 38 38 38 38 37 39 38 38 37 
29 31 29 30 30 30 29 29 29 31 29 30 30 30 31 29 31 29 31 29 
24 22 19 26 23 20 23 22 18 25 24 22 18 21 20 22 18 21 26 25 
25 22 25 22 23 28 26 20 21 24 21 25 27 22 27 22 23 27 20 21 
49 45 44 48 50 44 50 46 49 44 48 51 50 45 44 48 45 43 46 49 
30 31 28 29 28 29 31 31 31 28 30 28 29 27 27 27 27 30 30 29 
27 33 27 34 34 30 31 33 31 33 34 30 35 33 26 26 32 26 28 33 
40 37 44 43 37 42 38 38 40 40 45 41 45 38 37 42 43 40 41 41 
31 31 33 28 34 28 32 30 34 32 33 33 31 30 34 29 31 31 30 31 
42 43 43 42 42 42 42 41 43 42 43 41 42 42 41 45 44 45 43 42 
28 26 28 30 25 24 30 26 30 29 27 30 27 29 27 25 27 30 28 25 
43 44 44 44 44 45 44 44 44 45 44 45 44 44 45 44 44 45 43 43 
39 35 38 38 40 36 38 37 35 42 39 38 38 38 36 40 40 35 38 35 
42 52 42 43 47 51 44 49 47 45 48 52 47 52 50 49 42 48 52 50 
42 45 40 45 46 43 38 38 39 38 39 42 40 42 44 44 45 46 38 46 
37 37 37 36 37 37 35 35 35 37 37 37 36 37 37 36 37 35 35 36 
45 38 37 39 44 36 45 36 44 42 43 35 41 35 45 45 38 36 45 36 
30 30 31 29 29 30 31 31 31 29 31 30 30 29 29 29 30 30 30 30 
37 33 34 37 36 33 35 35 34 33 40 39 37 38 33 38 37 39 40 32 
33 39 30 30 34 30 32 34 37 35 38 33 31 39 39 33 35 34 32 30 
39 41 37 38 40 38 39 41 43 41 43 39 38 38 42 41 40 38 40 41 
25 25 25 23 25 25 26 22 24 24 23 25 23 26 25 24 23 23 24 22 
46 42 47 47 44 42 46 45 43 45 44 44 43 46 41 44 43 46 44 45 
34 34 32 33 32 34 34 33 34 34 34 34 34 34 34 34 33 34 33 32 
41 41 39 40 39 40 40 39 40 39 39 41 41 41 39 41 40 41 39 41 
35 32 35 33 32 32 34 32 35 32 36 35 35 33 36 36 32 35 35 34 
48 48 45 42 39 42 41 39 40 39 41 41 45 40 41 44 41 38 42 43 
42 48 48 42 41 41 44 46 45 41 38 38 43 43 46 45 38 48 43 44 
40 39 38 38 38 36 37 39 36 40 36 37 37 40 38 40 38 36 39 38 
46 43 44 47 46 44 44 44 45 41 45 41 45 46 44 42 45 45 47 45 
42 44 49 41 43 42 45 42 46 51 45 49 46 41 50 44 47 41 46 45 
38 38 42 38 36 38 39 38 36 39 40 42 37 40 38 40 36 39 40 36 
31 31 28 27 31 31 30 29 30 29 27 27 27 29 28 31 28 28 30 31 
48 53 47 50 52 50 52 47 48 47 48 50 53 48 51 50 48 49 49 48 
47 50 46 47 49 47 50 50 49 46 51 46 50 48 47 52 49 49 49 50 
32 30 32 34 32 33 33 35 32 34 34 31 30 31 32 33 36 33 36 36 
35 36 37 37 35 37 35 36 37 35 37 35 36 37 37 35 35 37 37 36 
23 28 27 27 22 24 29 23 21 26 29 26 24 26 25 26 22 23 22 27 
25 28 26 28 24 28 22 23 23 28 28 30 29 23 30 28 27 29 23 23 
25 26 20 23 20 20 22 23 20 24 23 22 22 25 26 21 23 20 25 25 
44 42 40 39 43 44 43 41 44 45 45 45 45 45 43 40 39 42 43 42 
54 49 46 53 51 53 54 52 51 51 44 52 53 46 45 53 49 46 46 51 
36 33 37 34 34 35 33 33 35 36 34 34 34 37 36 33 34 35 35 35 
25 25 21 21 27 25 27 27 27 21 26 23 26 24 26 25 26 25 23 25 
40 39 40 38 43 37 42 43 42 43 40 39 43 43 43 37 37 42 40 39 
51 51 50 51 50 48 46 47 51 50 49 46 46 47 50 45 51 48 46 47 
26 24 32 24 28 30 28 26 31 26 24 26 32 31 28 27 27 29 32 25 
22 22 20 20 20 22 22 21 22 21 22 21 21 20 20 20 21 20 21 20 
39 44 43 44 44 39 38 45 38 45 44 42 40 46 45 42 39 42 42 39 
29 37 36 36 37 32 37 30 36 30 35 31 37 35 32 34 37 31 29 35 
41 39 40 33 33 38 37 37 42 32 35 41 41 37 32 33 39 36 38 36 
43 41 42 43 45 40 44 41 43 46 44 44 42 42 44 44 44 41 41 44 
46 44 45 42 44 46 45 42 44 44 44 45 44 45 43 45 42 43 46 46 
30 30 31 22 24 25 23 28 31 24 28 31 22 21 23 29 25 28 28 24 
39 41 37 38 36 37 38 38 41 40 42 38 42 40 37 40 36 38 40 40 
36 34 35 34 37 37 37 33 34 34 33 37 37 38 36 35 33 37 34 37 
50 48 53 51 49 47 48 55 50 52 48 52 53 54 54 55 49 49 51 47 
34 39 43 36 37 42 42 43 35 43 34 40 40 41 36 38 41 39 35 41 
30 31 34 34 33 34 33 34 30 33 31 31 33 33 34 32 34 34 31 32 
30 25 27 30 32 25 28 29 24 24 29 29 28 32 26 26 31 26 26 28 
51 44 47 45 53 51 47 47 49 52 52 46 50 44 51 43 45 53 48 44 
21 21 22 20 21 21 20 21 21 20 21 20 22 21 20 22 22 20 21 20 
26 30 26 27 28 26 30 27 27 30 27 28 29 27 29 30 30 30 26 30 
45 43 45 44 42 41 41 45 43 44 45 43 41 45 42 44 43 41 44 45 
51 47 47 50 51 49 48 49 47 49 47 51 46 47 48 48 47 52 48 47 
37 36 38 36 38 38 36 38 36 38 38 36 37 37 36 36 36 36 37 38 
40 37 40 40 38 39 37 36 36 39 37 38 40 37 39 36 40 36 39 37 
51 48 44 50 51 45 46 49 51 51 45 47 47 49 52 52 51 50 45 47 
26 29 30 35 25 33 34 35 30 33 30 31 25 27 28 33 33 27 25 33 
27 26 29 23 24 24 27 29 26 27 29 23 26 29 24 24 25 27 26 23 
35 32 30 34 34 35 31 38 32 33 30 37 39 34 40 32 33 34 34 35 
37 36 35 31 32 32 31 30 32 30 39 35 36 37 36 39 32 35 35 39 
46 46 46 47 47 46 46 48 46 47 46 46 48 47 47 46 48 46 46 47 
33 32 29 27 25 28 27 25 26 30 32 32 25 31 26 31 25 31 27 32 
43 43 37 41 39 33 39 39 35 40 40 41 37 36 43 33 42 42 33 40 
38 37 37 38 41 43 36 35 35 43 37 39 39 36 40 36 43 40 42 38 
48 46 40 47 48 43 48 42 45 45 48 45 40 40 44 44 41 41 42 46 
32 31 30 31 31 30 31 32 32 30 32 32 31 32 32 30 32 31 30 31 
38 38 38 40 40 38 38 39 38 38 39 38 40 40 39 40 39 40 39 40 
29 30 32 33 37 37 37 35 36 29 34 34 29 32 37 31 30 33 37 35 
36 33 37 32 33 34 33 31 35 35 36 36 34 34 36 36 36 34 31 34 
38 37 39 38 37 37 39 38 39 37 38 38 39 38 39 39 37 39 39 37 
29 29 31 33 32 29 30 32 33 29 29 31 33 31 31 32 33 29 29 30 
37 34 34 36 35 33 33 33 37 37 34 37 35 36 33 34 37 33 33 33 
33 35 35 35 35 34 34 33 33 35 33 33 33 35 33 33 35 34 34 35 
39 42 41 39 39 41 45 41 41 43 42 42 44 47 46 46 41 46 45 42 
38 34 33 40 34 36 41 37 41 42 37 32 40 38 42 40 34 41 33 33 
42 42 42 40 42 39 38 38 40 42 38 39 38 38 41 38 40 39 41 40 
31 27 25 32 33 33 24 32 30 29 26 31 31 34 34 25 27 32 32 24 
37 36 33 39 33 34 38 39 36 31 33 35 38 39 35 34 33 32 38 37 
24 24 24 24 22 23 23 24 23 23 23 23 23 23 22 24 23 23 22 22 
35 39 35 38 39 31 34 36 33 33 33 32 38 36 37 35 31 33 34 31 
23 22 22 24 24 22 23 24 24 24 24 23 22 23 23 24 24 23 22 22 
25 21 24 23 26 25 22 23 21 22 25 25 26 24 21 24 22 24 23 25 
26 28 31 31 30 26 28 23 30 26 28 31 28 29 23 26 26 23 24 28 
24 26 22 24 24 28 27 28 24 24 30 23 22 24 30 28 28 30 25 27 
25 25 27 28 24 30 31 28 24 28 29 30 26 30 29 27 28 26 31 30 
26 24 23 25 20 26 28 21 23 23 22 25 25 27 26 22 28 27 25 21 
48 46 45 47 41 44 48 48 46 41 41 47 44 46 45 47 45 46 45 45 
40 40 40 39 39 39 40 39 39 40 40 40 39 40 39 40 39 38 38 40 
26 26 26 27 27 26 26 27 26 28 28 28 27 27 27 26 28 28 26 26 
27 29 25 29 25 25 25 29 25 25 25 26 25 26 27 29 29 25 29 27 
40 37 37 39 38 38 39 40 41 39 40 37 40 39 41 38 38 37 37 38 
32 29 27 27 24 29 29 31 26 31 29 31 26 31 29 30 24 25 30 31 
40 37 40 37 42 43 38 43 39 41 37 37 37 42 39 40 41 43 40 41 
41 32 41 38 37 42 35 32 42 34 36 37 32 36 40 37 33 42 36 34 
44 49 47 45 46 47 50 47 45 50 48 47 47 48 45 49 46 48 46 50 
31 32 29 31 28 31 28 28 31 32 29 30 31 30 31 32 29 28 28 32 
32 27 25 29 31 24 34 25 25 26 28 29 32 30 26 26 33 34 31 24 
28 31 28 29 30 29 34 32 34 33 31 29 32 30 28 32 32 27 31 35 
47 50 46 54 48 48 50 48 53 54 50 51 52 51 46 49 51 54 46 47 
42 42 44 43 45 44 45 45 41 42 44 43 45 42 42 44 42 43 42 41 
37 36 31 36 38 36 37 30 31 38 30 35 30 38 31 35 39 33 29 38 
28 30 30 29 29 29 29 28 29 30 28 30 29 30 28 29 28 30 30 29 
21 22 26 21 22 26 21 21 21 23 24 21 21 21 22 20 22 25 20 24 
45 47 46 49 49 49 49 48 47 49 46 47 48 48 47 45 48 47 46 47 
23 20 23 25 20 25 22 22 25 21 20 22 21 21 20 24 23 24 21 22 
31 32 30 30 30 30 31 31 32 31 31 32 30 32 31 32 30 32 31 30 
50 51 51 49 49 48 46 52 47 49 51 47 46 47 51 51 52 49 52 51 
39 35 41 37 38 40 40 41 36 40 39 41 38 40 41 37 41 38 36 37 
44 44 45 43 43 43 45 45 45 44 45 44 45 45 44 45 43 43 43 45 
47 44 44 46 47 46 47 48 48 48 44 44 48 44 46 47 46 45 45 46 
28 28 30 30 28 29 28 29 30 29 28 30 30 28 29 30 28 30 30 29 
36 34 36 37 34 36 33 35 33 37 35 34 36 34 33 35 36 37 37 35 
37 37 37 38 38 37 37 38 36 36 37 36 36 38 37 38 36 38 38 36 
44 42 43 43 42 42 39 39 43 39 39 40 45 45 39 44 42 44 44 43 
27 37 29 29 34 31 31 32 33 27 35 35 28 34 31 36 30 36 28 27 
35 32 31 34 31 31 34 31 35 32 35 32 35 32 35 33 32 33 33 34 
44 45 42 43 42 41 42 43 41 45 43 44 44 42 42 42 42 44 43 45 
36 34 35 34 37 35 33 33 36 34 34 35 36 33 35 35 36 34 36 33 
44 44 47 43 46 47 43 46 44 52 49 46 49 51 51 43 46 43 48 46 
31 34 28 32 31 32 29 35 30 34 31 31 28 30 33 35 28 31 33 31 
33 32 29 29 35 29 37 30 34 30 29 30 30 35 30 32 36 35 32 32 
21 25 25 25 21 22 23 28 24 21 22 29 21 24 21 21 24 28 26 26 
36 36 37 37 36 37 36 37 36 36 36 37 36 35 37 36 36 35 36 35 
51 47 51 46 49 45 50 50 51 48 51 49 48 46 45 49 46 49 47 45 
36 38 38 37 37 38 35 36 31 40 40 31 38 39 40 33 39 32 38 38 
46 39 40 42 44 41 45 42 39 44 39 42 43 43 43 44 39 45 39 45 
24 29 30 26 24 29 23 30 25 31 27 29 23 22 24 26 25 28 30 31 
23 21 21 21 20 23 19 20 21 20 22 20 19 22 21 23 19 21 22 19 
38 39 40 36 39 36 38 37 36 40 40 39 40 40 39 38 37 40 38 36 
39 39 39 39 34 39 35 35 36 39 34 37 33 38 34 36 37 36 37 35 
35 33 32 31 33 32 34 33 33 32 35 34 33 34 33 34 35 32 33 35 
23 24 24 23 22 22 23 24 24 23 24 22 22 24 23 23 22 23 24 22 
20 21 23 20 21 22 20 24 20 21 20 23 23 24 24 24 23 23 20 20 
27 29 35 27 33 32 34 29 32 34 35 33 30 34 32 34 27 30 35 33 
40 39 39 40 37 38 37 39 41 37 38 38 39 38 38 39 39 38 41 38 
28 28 29 30 30 30 29 28 29 28 28 28 29 29 28 29 30 29 28 28 
31 31 25 27 29 31 26 27 26 23 27 24 31 22 27 24 26 26 30 31 
34 33 34 34 34 33 34 32 32 33 33 33 32 34 33 34 32 34 33 33 
40 39 40 40 40 39 41 40 41 40 39 39 40 39 41 40 41 41 40 39 
43 41 45 48 44 47 42 46 48 43 42 45 43 46 45 45 48 48 44 46 
50 47 50 50 53 46 45 46 51 49 51 48 52 52 53 49 53 50 52 53 
24 26 25 24 25 26 26 25 24 25 26 26 26 24 25 24 26 25 24 26 
26 25 31 29 30 27 31 22 30 30 30 29 24 30 26 28 31 24 32 26 
21 23 25 23 26 29 26 20 21 25 28 20 22 26 24 27 22 28 27 25 
28 26 27 26 32 30 25 25 31 30 25 28 29 24 28 27 30 29 25 28 
39 40 36 36 36 35 39 40 40 36 35 40 40 39 40 35 36 41 39 39 
26 25 26 28 29 29 29 27 25 28 28 28 25 27 25 27 25 28 25 25 
34 35 35 35 34 34 35 36 36 34 34 35 36 36 36 36 35 36 34 35 
37 36 36 36 37 35 36 37 36 35 35 35 36 35 37 36 37 37 37 36 
40 39 42 41 42 40 42 41 38 38 40 42 38 40 41 39 41 41 39 41 
33 32 29 30 30 36 28 32 32 29 36 30 35 31 35 31 35 33 33 33 
23 25 23 24 25 25 23 26 23 24 27 23 23 23 27 26 24 26 23 25 
27 25 27 26 29 27 25 26 28 26 29 27 31 31 28 31 29 31 28 31 
44 43 44 44 43 43 44 43 44 42 43 43 42 44 43 43 42 42 43 44 
28 29 28 28 28 30 29 28 28 30 27 29 31 29 29 28 29 31 27 31 
31 29 31 30 30 31 31 29 29 31 31 29 30 30 30 31 30 31 29 31 
48 48 49 47 49 47 48 47 48 49 48 47 48 47 48 48 49 47 47 47 
38 39 39 38 37 39 37 38 37 35 37 35 39 35 39 39 38 38 37 36 
40 38 36 40 36 39 38 40 36 40 38 39 39 39 36 39 38 37 39 39 
50 54 47 44 47 48 54 48 45 47 46 49 50 46 46 48 54 54 48 45 
45 46 43 43 51 47 47 47 44 45 50 48 49 50 50 51 47 49 48 51 
30 29 22 29 25 28 25 22 20 20 20 30 20 20 26 24 25 21 27 21 
45 42 49 44 49 43 47 39 41 45 46 45 46 46 48 39 39 39 44 47 
31 34 34 28 36 31 34 34 38 37 36 28 38 30 28 30 33 34 35 36 
47 50 48 48 47 50 49 51 49 47 47 47 47 47 49 51 47 48 50 49 
29 23 33 23 28 25 29 33 31 33 29 23 28 23 30 28 26 33 25 26 
50 53 50 49 55 48 45 55 53 47 48 55 53 48 52 50 48 51 53 50 
28 27 26 29 28 25 28 29 29 29 27 29 25 25 28 26 29 26 29 28 
30 29 31 30 31 27 29 28 28 27 28 27 29 30 29 29 30 29 31 31 
26 24 23 22 27 18 27 21 25 27 17 17 17 17 21 23 19 21 26 19 
31 30 30 31 32 30 31 31 31 32 30 32 30 32 31 30 32 30 32 32 
28 30 27 27 26 30 26 29 30 29 28 28 30 27 29 28 26 26 30 29 
33 34 34 31 36 35 30 30 33 32 36 31 33 34 32 33 36 32 34 36 
28 28 26 28 28 32 28 31 28 27 25 32 24 23 31 32 32 23 31 24 
37 39 39 38 38 39 37 37 39 38 38 38 39 39 39 38 38 39 39 38 
29 23 25 31 31 26 31 24 32 25 28 27 26 31 29 27 28 33 28 29 
46 46 48 48 48 50 48 49 48 47 50 49 50 47 46 49 48 50 48 47 
40 41 31 37 35 40 39 35 40 40 31 39 40 39 31 40 36 33 33 35 
26 26 25 23 25 26 23 24 25 26 24 24 23 25 24 25 23 27 25 24 
47 40 44 48 48 48 48 46 50 50 40 49 42 43 48 46 50 40 50 47 