23 22 24 23 22 23 25 21 21 21 22 24 25 23 24 23 21 25 24 21 
25 27 26 27 27 25 28 27 28 24 25 25 28 26 25 25 28 27 24 27 
11 12 18 14 12 15 16 15 10 12 16 14 16 15 17 11 18 10 11 18 
10 12 11 12 13 14 12 13 12 12 13 11 14 14 13 13 13 14 11 14 
22 22 21 20 22 22 22 21 22 20 22 21 20 20 21 21 20 22 22 22 
40 45 41 45 44 43 40 43 41 42 40 42 45 42 45 40 41 42 43 40 
40 43 44 42 43 44 43 45 40 44 40 45 43 40 46 44 41 44 43 40 
29 26 30 24 24 26 32 33 24 32 32 26 30 25 34 25 30 29 29 34 
39 38 38 38 38 40 40 39 38 39 40 38 38 38 38 38 39 40 38 39 
24 22 23 24 23 23 23 23 22 23 22 22 22 22 23 23 24 22 23 22 
16 17 16 16 19 20 19 18 16 20 17 17 19 20 19 19 20 19 17 20 
37 35 37 37 37 36 36 36 37 37 37 36 36 35 36 37 35 36 37 37 
12 12 10 12 14 11 11 12 11 13 11 11 13 10 11 12 14 10 12 10 
35 37 43 40 36 35 41 37 39 37 37 42 43 42 35 43 42 43 39 40 
15 23 24 16 22 20 17 18 19 16 24 16 15 17 19 15 22 16 19 16 
9 10 9 11 10 9 10 9 9 11 10 9 10 11 10 11 11 9 11 10 
35 38 38 34 34 32 36 37 36 38 35 38 35 34 34 35 38 35 35 33 
29 28 28 29 28 27 27 28 27 27 28 27 28 27 28 27 27 29 27 27 
38 38 38 38 37 39 39 39 38 39 38 38 37 38 39 38 37 37 38 39 
25 21 19 24 25 19 19 27 19 20 24 24 19 24 24 24 20 22 23 22 
11 9 7 10 10 7 5 5 8 9 11 8 6 11 9 6 8 11 10 7 
12 7 8 8 6 11 12 4 4 4 7 5 10 6 10 7 8 7 12 9 
33 33 34 34 33 33 35 35 35 33 34 34 33 33 33 34 35 33 35 35 
23 24 23 25 25 24 25 24 24 24 25 24 24 24 23 24 24 25 23 23 
45 42 44 43 41 43 41 43 43 43 45 41 41 41 43 41 44 41 41 42 
18 14 17 15 17 17 17 17 14 15 14 14 15 15 14 17 17 15 18 18 
36 37 37 37 37 37 37 35 37 34 34 37 33 35 37 33 36 35 36 37 
43 42 41 41 42 41 43 41 42 42 41 43 42 42 43 41 41 41 42 43 
22 21 25 23 24 24 27 26 26 27 27 22 26 25 24 21 24 27 22 22 
10 11 5 11 9 6 11 9 8 8 5 11 10 9 11 11 11 11 5 6 
8 8 9 10 8 8 10 10 8 10 8 9 10 9 8 9 9 8 10 10 
42 40 40 42 42 41 41 40 41 41 42 42 42 42 40 40 41 42 41 40 
17 21 17 21 18 22 18 23 20 17 21 21 20 22 21 24 19 24 25 23 
36 37 35 36 35 38 38 36 38 38 37 38 36 38 36 35 37 38 37 37 
16 12 13 14 14 11 15 14 15 11 15 14 14 13 15 11 17 13 13 11 
24 22 19 19 20 19 20 22 23 23 25 25 19 25 24 25 23 20 23 24 
27 28 20 24 25 19 21 22 24 23 21 24 23 27 27 25 27 27 25 22 
9 11 10 6 7 9 8 8 6 12 8 6 9 9 8 9 6 6 10 9 
19 17 22 20 17 17 16 19 21 20 19 16 22 17 21 17 18 21 17 21 
25 23 26 30 27 31 26 25 31 23 25 29 25 31 25 26 32 23 30 25 
23 25 23 24 25 25 25 25 23 23 25 25 24 25 25 24 24 23 23 25 
8 7 9 7 6 12 12 11 8 10 7 10 8 12 8 7 10 7 8 11 
13 8 9 12 10 10 11 10 7 9 7 13 7 10 8 13 13 9 7 13 
35 42 34 42 33 34 33 39 41 37 39 36 39 34 40 35 41 39 33 34 
43 44 43 44 44 45 43 44 44 43 44 45 43 43 43 43 45 44 43 44 
47 42 41 47 41 44 46 47 47 42 47 45 46 42 41 45 47 43 44 44 
35 32 34 33 34 40 32 40 34 37 35 37 36 32 35 37 35 32 38 40 
31 32 32 33 32 32 33 32 31 31 32 32 32 32 32 31 31 32 33 32 
14 14 11 14 11 12 10 12 11 12 14 11 13 12 10 14 13 12 14 11 
16 14 13 13 17 13 14 13 15 15 17 17 14 13 13 13 15 17 13 13 
36 38 41 41 38 41 35 40 37 37 37 39 36 39 37 35 35 37 35 37 
31 26 24 32 31 30 32 26 28 24 29 26 32 30 28 30 30 26 30 30 
12 18 15 18 10 10 13 13 10 11 12 14 10 14 16 13 16 16 18 13 
15 17 16 17 20 19 16 14 16 18 20 19 16 20 16 16 17 15 19 20 
24 26 22 23 24 25 26 26 26 25 24 26 26 22 22 26 25 22 26 24 
45 45 43 44 43 43 43 44 44 45 45 43 44 44 43 43 44 45 43 43 
24 20 24 22 23 21 22 21 20 21 24 20 22 22 23 20 20 22 23 22 
9 10 10 11 11 10 9 11 11 10 9 10 9 10 11 11 10 11 10 11 
14 15 14 15 14 14 15 15 16 16 15 16 16 14 14 14 14 16 14 16 
11 11 12 13 13 13 12 11 13 13 11 11 12 11 11 13 12 11 12 11 
37 37 39 37 37 37 38 37 38 37 39 37 38 37 38 37 37 39 37 38 
33 31 34 34 35 34 30 38 37 33 34 32 33 35 38 31 32 34 34 35 
21 21 20 22 21 21 22 20 21 21 21 21 20 20 20 20 20 21 21 20 
37 39 41 37 39 41 36 39 40 36 38 37 41 36 36 41 39 35 41 38 
40 38 38 40 40 39 40 40 40 40 39 39 40 40 39 40 40 40 38 39 
27 28 31 27 27 27 30 27 30 30 29 30 31 27 30 27 30 31 28 28 
19 26 18 24 22 18 20 24 23 20 18 20 19 21 19 22 21 25 20 18 
11 11 12 12 13 12 11 10 11 11 13 9 13 7 12 13 12 7 12 10 
41 38 42 37 43 40 37 39 40 42 37 43 37 43 40 39 39 37 38 38 
19 22 22 20 22 21 19 21 23 19 19 22 19 22 20 21 19 20 22 19 
9 11 8 11 12 10 8 9 11 11 8 9 12 8 8 11 8 9 9 9 
15 17 16 17 16 18 16 18 15 16 18 15 17 19 18 18 16 16 15 19 
41 39 39 39 42 40 38 40 41 42 38 42 38 42 38 42 38 38 38 41 
24 28 30 29 28 25 28 26 25 27 26 30 30 27 28 28 30 26 28 27 
7 13 13 9 15 12 13 7 15 17 17 11 16 7 15 16 13 12 13 10 
21 21 20 21 20 19 22 22 21 21 23 21 21 22 22 19 22 19 23 22 
29 30 29 29 28 32 33 34 32 30 37 34 34 33 37 30 34 36 34 27 
6 12 8 10 5 9 12 8 4 8 6 12 12 7 11 9 11 11 8 6 
41 37 42 42 36 41 39 37 38 39 37 39 36 38 38 40 40 42 42 37 
40 44 45 45 50 41 40 49 44 48 50 41 46 41 47 50 44 42 45 48 
40 40 39 41 39 39 39 41 41 40 39 41 39 40 40 40 40 41 41 41 
50 43 44 42 45 41 44 46 40 40 44 49 41 47 45 40 41 46 42 40 
25 23 26 20 29 26 28 22 22 29 20 21 30 30 23 26 27 30 20 24 
15 14 14 11 13 13 13 12 14 12 14 15 11 11 13 13 14 12 14 15 
8 8 9 7 9 8 7 9 9 8 8 9 9 8 7 9 9 7 9 8 
18 20 21 24 23 20 16 22 18 14 19 16 19 23 15 17 20 15 18 24 
27 32 29 25 24 22 29 22 26 22 32 22 29 25 32 29 28 23 25 29 
27 28 24 30 25 23 27 31 29 30 30 21 26 29 28 27 31 28 30 26 
43 45 45 44 43 44 43 43 44 45 43 43 45 45 43 45 44 44 45 44 
39 39 43 39 42 40 43 41 38 44 48 38 43 43 48 38 40 42 48 47 
32 32 32 32 31 33 32 32 31 33 31 31 32 31 33 33 31 33 32 31 
11 11 11 13 13 12 11 13 13 13 11 13 11 12 12 12 11 13 12 12 
21 19 20 23 19 21 22 21 22 19 19 22 19 23 23 23 19 19 23 21 
28 29 36 30 27 34 30 27 27 26 31 34 35 36 36 27 27 29 30 30 
30 29 28 28 26 30 27 26 28 30 28 28 27 30 27 29 27 26 27 27 
44 47 47 43 44 49 49 44 45 49 45 44 44 45 44 48 47 45 45 43 
11 10 11 11 11 11 11 11 10 12 12 10 10 12 11 11 12 11 12 10 
11 11 11 11 10 10 6 9 11 12 5 11 9 12 6 6 5 8 4 12 
28 28 28 28 28 28 28 29 30 30 30 28 28 28 29 29 29 29 30 30 
43 39 38 37 38 43 43 37 40 40 43 42 40 41 39 42 42 37 41 39 
30 33 36 36 34 35 35 31 30 30 31 31 32 31 35 31 32 30 30 33 
18 17 23 17 18 22 23 18 15 18 17 16 16 17 22 15 18 18 20 17 
18 17 16 19 17 17 22 17 17 15 19 21 19 21 18 22 21 15 23 22 
5 13 7 13 11 13 5 13 10 8 11 10 11 8 10 8 12 5 8 9 
32 32 33 33 34 34 32 32 33 36 35 33 36 34 35 35 33 35 34 35 
15 17 16 13 17 15 15 15 13 13 14 17 15 15 17 14 14 17 16 16 
26 22 24 26 26 22 28 28 23 24 25 26 27 20 27 25 30 21 20 26 
33 29 33 33 28 32 28 28 27 34 28 31 27 31 31 33 34 35 32 33 
31 31 32 31 32 32 33 31 32 33 31 32 31 32 33 32 31 33 33 31 
27 28 28 27 26 27 26 26 27 28 26 27 26 28 28 27 28 26 26 28 
31 39 32 37 41 40 32 38 36 36 36 31 34 40 38 41 39 37 37 37 
43 44 42 49 45 43 49 43 49 47 42 42 44 42 45 46 45 46 47 47 
19 23 20 21 21 24 24 23 21 22 23 22 22 19 21 24 19 23 22 22 
25 29 29 26 28 25 25 25 28 26 23 25 27 27 25 28 23 24 24 23 
20 22 22 20 22 20 20 20 20 21 22 20 21 21 20 22 22 22 21 21 
20 19 18 19 19 21 22 19 19 22 21 22 20 21 19 19 18 18 19 20 
27 31 25 30 30 29 29 28 28 26 28 25 26 29 28 26 31 25 29 25 
47 45 47 47 46 47 46 47 45 45 45 46 46 47 46 46 46 45 47 45 
8 6 10 9 7 7 12 14 6 6 8 6 10 6 12 9 11 14 13 6 
13 14 13 15 14 15 13 15 14 15 15 15 14 15 14 13 14 15 13 14 
18 14 14 18 11 15 10 10 12 9 15 11 14 14 18 12 13 8 10 12 
22 21 21 26 22 24 21 27 22 28 29 27 23 23 27 24 26 25 21 24 
17 17 19 17 18 18 18 19 17 17 17 19 17 19 18 17 19 19 19 18 
27 28 22 25 26 24 28 27 23 22 22 28 28 27 27 25 22 22 28 28 
21 21 23 21 22 22 23 22 23 21 22 21 23 22 21 22 23 23 21 23 
19 19 14 15 15 19 15 18 14 15 18 14 16 18 18 17 19 19 20 20 
43 42 41 42 42 41 41 41 43 41 42 43 42 41 42 41 41 43 41 43 
33 29 27 28 30 34 33 32 33 33 33 30 30 28 26 31 30 28 34 34 
25 21 24 23 24 22 24 23 23 22 23 21 24 21 25 25 25 21 21 25 
24 26 27 22 21 21 21 26 22 24 27 23 26 25 23 21 27 21 27 21 
7 8 7 8 8 8 8 6 7 6 8 8 8 7 7 6 7 8 6 7 
28 21 25 25 23 29 23 28 27 26 23 22 22 21 21 28 21 25 25 28 
3 13 11 10 9 4 13 11 11 9 6 7 4 5 11 6 8 10 7 13 
26 24 25 19 23 22 18 18 18 21 19 24 23 25 20 21 23 18 22 24 
38 39 33 37 33 32 31 39 35 34 37 33 34 37 36 38 34 37 38 31 
17 16 18 16 17 18 17 17 16 16 17 16 16 16 17 17 16 17 17 17 
37 42 42 41 35 39 41 39 38 40 41 40 40 37 43 35 40 39 37 40 
45 41 50 41 45 41 51 51 43 50 47 46 44 41 49 48 50 47 42 42 
34 34 33 34 30 32 33 31 31 34 30 31 34 33 30 33 34 33 30 30 
33 27 28 29 31 27 26 27 34 26 28 33 31 34 33 30 31 32 28 32 
34 30 29 34 30 34 32 29 30 31 29 37 34 30 33 29 30 30 29 34 
31 34 33 32 33 35 31 35 32 32 33 34 32 33 35 35 33 33 35 34 
11 5 7 4 13 7 9 4 7 13 9 6 9 13 13 7 5 10 14 5 
40 43 44 43 40 40 40 40 42 44 43 43 42 44 43 43 40 40 42 40 
29 30 28 30 30 26 30 30 28 30 24 29 24 30 27 25 26 26 25 25 
37 41 41 39 41 40 41 42 41 41 42 39 42 42 40 39 39 42 38 39 
40 37 40 38 39 43 40 42 42 40 39 41 41 38 40 43 41 38 41 43 
35 37 36 36 40 40 38 36 37 39 38 35 39 35 38 39 36 37 38 37 
43 45 44 46 46 43 44 43 41 41 40 47 48 42 44 47 45 44 40 40 
8 9 8 10 10 7 10 9 7 7 8 11 7 7 7 7 9 7 11 11 
27 27 27 26 24 32 29 27 25 32 28 31 24 27 30 30 30 32 30 25 
12 12 11 11 9 6 8 11 11 7 6 7 7 10 12 10 8 6 6 7 
44 50 47 45 49 45 48 41 44 44 44 40 50 44 44 47 50 40 45 47 
16 12 16 14 12 11 13 16 14 16 17 15 11 17 11 11 11 15 15 15 
38 37 41 38 36 38 37 41 40 35 39 38 40 38 39 39 41 41 38 41 
18 21 11 17 20 20 21 17 15 16 20 11 16 20 16 17 19 12 12 13 
32 24 27 28 30 31 27 29 31 34 28 29 31 30 32 24 30 30 27 24 
11 10 11 8 10 7 8 4 3 7 12 11 9 4 5 13 7 5 8 10 
16 16 16 14 14 14 15 16 16 14 16 14 14 14 14 15 16 15 15 14 
39 40 41 41 40 41 41 41 39 40 39 39 41 40 40 39 40 39 40 40 
35 37 35 39 37 33 31 34 36 37 39 38 38 38 32 32 40 39 36 35 
37 37 34 31 38 32 37 32 35 36 32 30 31 35 35 30 35 34 36 31 
35 35 35 32 36 33 31 36 30 34 32 31 33 31 35 31 35 30 34 30 
37 38 37 43 40 40 41 37 39 41 43 42 42 40 39 41 39 41 38 41 
11 5 3 4 4 6 7 5 7 5 5 12 7 3 7 12 3 7 5 7 
12 14 5 5 7 14 11 11 10 14 9 8 15 6 13 14 10 7 10 8 
40 41 43 35 40 39 37 41 37 40 42 41 35 38 39 42 37 40 39 36 
26 21 26 24 21 25 20 20 23 17 26 20 18 20 24 26 21 17 19 16 
14 13 13 14 12 15 14 9 12 12 9 15 11 13 14 13 11 14 11 14 
42 40 43 44 37 37 39 45 38 39 39 39 37 45 40 39 45 38 45 44 
46 46 39 39 43 40 43 36 45 38 43 41 46 43 41 36 37 43 39 44 
17 19 22 21 20 22 18 16 16 22 21 19 17 20 17 22 17 19 17 17 
42 41 42 40 40 41 40 41 40 41 41 40 42 41 40 41 41 41 42 41 
44 43 44 42 43 43 44 44 44 43 42 42 43 44 43 43 44 42 43 43 
25 25 26 25 26 24 26 26 25 26 26 25 24 24 25 25 26 26 26 24 
20 22 19 23 18 20 19 22 17 20 18 17 20 20 18 18 22 20 20 17 
17 26 17 19 19 25 25 22 26 17 21 18 19 26 22 21 26 25 24 27 
11 8 11 6 9 8 8 9 9 8 9 10 7 9 9 6 6 7 10 12 
35 40 38 36 30 32 39 35 31 39 39 32 32 40 31 38 31 34 34 39 
34 33 32 32 24 25 32 30 26 33 25 32 33 24 28 30 30 32 28 26 
33 33 29 30 31 29 30 31 30 30 31 31 31 30 31 31 32 29 30 33 
25 22 24 22 24 25 25 24 24 25 23 22 23 25 24 26 22 23 23 22 
46 44 41 41 43 45 44 46 41 46 45 40 46 44 41 40 40 43 45 44 
13 13 11 11 10 12 13 12 10 10 12 13 13 10 10 9 11 9 12 9 
24 25 24 22 23 23 26 25 26 20 21 26 25 22 21 24 22 21 20 24 
23 22 23 26 21 23 22 27 22 23 23 22 24 25 22 23 26 21 23 25 
18 20 18 18 19 19 20 20 20 18 19 20 20 20 19 18 18 19 19 19 
26 29 30 27 29 27 30 29 26 29 26 27 27 27 26 28 27 28 30 26 
33 30 27 28 30 30 34 28 29 35 31 33 27 27 29 27 29 34 32 33 
11 14 17 12 14 14 19 18 15 14 15 11 18 16 19 18 13 14 14 19 
37 36 36 37 35 36 37 36 36 36 37 36 37 35 35 36 35 36 37 35 
15 16 18 17 15 24 19 22 15 23 20 17 24 14 16 16 20 21 18 15 
41 42 40 39 37 41 34 37 42 39 38 42 35 36 40 36 35 40 42 36 
24 28 19 24 28 18 23 21 25 28 18 24 23 23 22 18 18 19 24 27 
42 46 43 38 41 37 39 40 43 39 45 37 44 38 41 42 38 38 37 40 
9 13 9 9 7 12 8 8 9 8 11 8 8 13 9 12 7 13 13 9 
34 33 30 32 35 33 38 37 37 36 33 35 36 30 36 31 32 32 31 38 
20 14 19 17 19 18 18 17 16 18 18 17 19 14 18 15 20 15 20 20 
45 44 43 44 43 44 43 45 45 45 45 43 44 43 45 44 43 45 43 43 
39 40 41 41 37 37 36 42 36 42 36 42 41 37 39 40 38 40 40 40 