27 24 23 26 27 27 25 27 24 26 27 26 23 23 25 23 24 25 27 27 
15 16 15 17 16 16 15 17 17 15 15 16 17 16 15 16 16 15 17 15 
37 40 39 40 39 40 38 38 37 34 39 40 37 36 38 37 35 39 40 36 
55 55 51 55 53 54 55 53 53 51 52 51 52 55 52 52 54 55 54 52 
41 45 45 48 42 47 44 46 46 46 47 48 44 45 47 43 43 44 48 43 
50 51 45 49 50 49 51 48 48 51 52 44 52 47 51 50 48 46 50 48 
49 51 49 53 52 52 49 52 50 49 50 50 52 50 50 49 49 50 53 50 
45 46 50 45 45 50 46 49 46 47 47 49 52 52 46 46 45 50 47 47 
24 21 23 24 24 21 22 22 22 20 24 24 21 24 24 23 22 23 22 23 
43 41 44 46 41 39 40 44 40 41 45 42 42 44 40 39 36 36 41 37 
18 16 17 17 18 18 17 18 17 17 18 17 17 18 16 16 17 17 18 17 
5 6 6 11 11 12 4 12 11 10 12 5 10 12 6 3 5 8 4 4 
39 38 38 36 41 37 40 38 38 41 37 38 41 35 35 36 36 38 37 38 
28 31 31 31 31 30 32 29 29 31 31 32 29 28 29 29 28 28 29 30 
49 51 49 51 50 49 49 50 50 49 51 50 50 51 50 50 50 49 49 49 
37 35 36 37 35 36 37 36 36 36 35 35 37 36 35 35 37 37 35 37 
32 26 26 31 28 32 29 27 30 32 29 32 29 28 28 27 31 32 27 32 
28 27 27 27 28 27 27 27 27 28 29 27 28 28 29 29 29 28 27 27 
34 39 34 32 36 38 38 34 37 38 30 33 30 31 35 34 34 36 33 35 
10 14 13 10 14 12 13 15 12 13 12 12 11 10 15 7 12 9 13 8 
12 7 15 8 11 14 9 9 14 9 13 11 9 13 15 9 15 9 11 12 
37 38 36 36 36 40 40 37 44 40 43 41 42 38 43 40 40 38 39 43 
7 8 7 10 8 9 6 10 6 7 9 9 8 9 9 10 6 7 9 10 
28 32 35 29 28 36 33 32 32 31 32 32 34 29 29 35 28 35 33 33 
21 22 22 22 21 21 22 23 22 22 23 23 22 23 23 21 23 22 22 23 
32 37 37 32 31 31 41 33 33 36 37 34 33 34 32 32 35 37 36 36 
45 48 52 47 51 46 48 44 48 47 45 52 53 53 53 44 46 49 52 48 
22 24 22 23 26 22 25 26 24 23 22 22 25 24 26 23 22 24 22 25 
46 44 46 42 40 39 46 41 48 47 49 43 39 42 40 40 39 43 40 41 
40 40 36 40 42 38 38 39 34 40 37 34 39 42 34 40 37 42 40 39 
49 52 49 52 54 49 52 49 53 50 54 48 53 49 52 54 52 51 49 52 
3 3 6 5 5 5 4 4 3 7 7 7 7 3 4 6 5 3 3 4 
38 39 39 37 36 43 40 40 40 34 35 34 34 37 34 43 35 44 43 41 
25 26 27 27 27 26 25 25 28 28 25 27 29 27 26 25 26 28 27 29 
53 51 52 50 55 50 54 54 55 49 52 50 54 49 52 49 52 54 50 50 
54 53 53 55 55 55 55 52 51 51 52 54 55 55 53 55 54 52 54 52 
51 50 52 50 52 51 52 49 48 52 52 50 50 48 52 52 51 50 51 52 
34 32 32 36 38 32 38 38 40 33 33 32 38 37 38 35 40 33 33 35 
35 41 37 43 41 38 38 42 35 34 42 35 41 37 39 39 38 43 37 44 
49 55 50 54 54 55 51 53 52 50 52 49 50 55 54 50 51 49 52 50 
17 18 13 14 17 16 18 15 13 20 21 20 16 16 16 19 13 19 17 16 
25 22 24 30 26 25 23 28 22 28 22 29 24 26 27 28 25 26 25 28 
32 34 37 29 36 34 37 34 37 34 32 32 30 34 32 36 29 33 32 32 
31 35 30 33 30 35 30 32 35 29 34 31 34 29 32 32 34 31 30 32 
25 26 27 27 26 26 26 27 25 25 26 25 26 26 25 26 26 25 25 26 
24 24 26 23 26 25 26 26 24 23 25 26 26 27 24 24 27 26 23 26 
16 16 16 17 22 17 21 17 21 21 16 17 21 21 16 22 19 22 22 22 
40 36 42 35 34 41 41 36 37 42 42 34 39 41 36 42 35 39 36 35 
29 30 22 21 27 27 30 25 29 25 26 21 23 20 28 28 30 25 25 30 
20 20 21 20 20 21 19 21 20 20 21 19 19 20 20 21 21 19 21 20 
5 9 14 7 11 14 5 7 9 8 4 12 13 14 10 4 8 14 11 11 
55 52 54 53 52 53 55 56 56 52 55 52 52 53 55 55 54 56 56 53 
10 7 4 6 4 7 5 4 5 5 8 4 7 10 4 5 4 9 4 8 
41 41 40 40 41 41 42 41 40 41 40 40 41 41 40 41 40 40 42 40 
31 37 32 36 31 33 33 36 34 35 30 35 36 35 31 30 37 31 36 30 
15 11 12 10 16 13 15 13 11 12 13 15 17 10 13 17 16 15 16 12 
10 10 12 8 11 8 10 9 7 13 12 11 8 7 12 11 13 8 10 9 
46 46 45 45 46 44 44 45 46 44 44 44 46 46 45 46 44 44 45 44 
31 31 33 33 27 30 29 24 32 29 26 30 23 33 23 30 27 29 30 32 
3 11 9 5 7 10 12 5 5 6 12 11 3 9 7 11 2 11 3 5 
49 52 51 53 47 52 46 47 51 49 50 53 50 53 47 51 48 54 49 49 
39 39 43 37 41 33 40 40 33 35 41 35 36 35 41 43 41 41 41 34 
27 22 23 26 27 25 25 25 24 24 26 24 24 27 22 24 24 25 26 25 
20 19 24 22 25 22 17 23 20 21 25 21 23 17 19 20 20 21 18 19 
49 53 48 49 52 54 50 53 49 51 49 53 52 52 50 48 52 48 50 53 
22 23 22 24 24 24 23 22 26 26 23 23 26 22 22 22 26 25 26 22 
3 8 5 10 6 2 9 9 8 3 10 5 4 5 10 11 10 1 4 11 
35 30 36 32 34 34 30 28 32 35 34 36 34 33 28 28 29 32 31 36 
1 8 1 10 3 10 2 5 5 4 3 6 3 11 3 1 6 10 8 11 
51 49 45 47 44 44 44 51 49 46 50 44 52 52 49 52 49 46 44 51 
41 42 45 40 46 44 44 40 40 44 46 40 40 40 41 40 40 46 43 42 
33 35 33 34 33 36 34 37 34 36 35 36 33 33 36 35 35 33 35 37 
48 50 48 49 50 50 49 48 49 49 48 48 49 49 50 49 48 48 48 49 
18 20 15 15 18 14 14 13 16 15 19 15 13 18 16 22 15 14 16 20 
42 43 41 43 41 42 43 42 43 43 43 43 43 41 43 41 43 42 43 42 
36 37 35 37 36 36 39 37 36 39 35 37 35 36 39 39 37 38 35 37 
19 19 20 19 18 20 19 18 18 18 20 18 20 19 19 18 19 19 19 19 
19 17 16 19 19 17 18 18 15 19 15 17 16 16 16 17 18 19 17 19 
27 26 24 24 28 25 24 24 27 28 25 28 25 25 25 28 26 26 26 28 
21 19 21 21 21 19 19 19 20 21 19 21 20 19 21 20 20 20 19 19 
20 27 28 24 20 25 27 21 28 23 22 22 21 20 20 21 24 21 23 28 
36 41 40 42 44 41 43 40 40 39 42 44 44 42 39 39 40 38 44 43 
48 48 48 49 50 50 49 48 48 50 49 48 50 49 50 48 50 50 50 48 
35 37 35 35 36 36 35 36 37 35 37 35 36 35 36 35 37 35 37 35 
4 6 4 5 4 7 6 5 7 7 3 6 5 5 7 6 5 6 5 4 
45 42 39 41 41 46 37 46 36 41 37 40 44 44 45 44 38 38 46 43 
47 47 44 46 49 51 51 48 48 44 50 49 42 44 44 49 41 42 46 45 
40 40 43 39 39 41 40 40 42 38 42 39 43 44 38 43 42 41 42 42 
22 18 14 17 13 20 15 16 21 13 20 17 19 15 18 14 19 17 20 20 
41 43 43 43 43 45 44 41 41 42 44 45 44 41 45 43 45 43 45 41 
30 27 28 25 29 25 26 27 28 28 30 29 26 25 24 30 28 29 29 27 
19 14 15 17 18 15 16 22 14 20 17 16 17 18 16 20 21 19 19 18 
19 19 20 20 13 20 17 19 13 13 13 14 16 15 15 17 20 18 17 20 
19 16 19 15 15 15 20 21 15 15 19 18 20 17 18 17 20 21 18 19 
14 16 11 18 12 17 11 15 12 14 18 17 15 11 19 14 12 19 17 17 
35 36 35 35 38 38 35 36 38 38 36 38 37 37 36 38 35 34 34 34 
31 30 32 30 32 31 32 31 31 30 34 31 34 33 31 34 33 32 32 34 
27 26 27 28 28 28 28 26 27 27 26 27 28 27 27 28 27 28 27 28 
15 15 7 14 16 16 9 13 17 15 14 12 15 15 17 17 8 12 16 9 
31 35 31 37 31 31 32 35 37 37 37 32 32 31 33 33 32 31 35 33 
24 25 24 20 24 20 23 21 25 22 25 21 23 25 22 19 25 20 24 21 
45 46 42 44 42 46 45 44 47 44 46 46 45 46 47 46 41 45 46 44 
22 26 27 28 27 23 22 26 24 27 22 24 23 27 24 24 25 26 26 27 
47 44 45 45 47 47 45 48 46 46 45 47 48 48 45 44 45 45 46 48 
22 22 20 25 20 21 25 21 23 20 22 23 25 26 21 20 24 25 25 25 
10 12 13 6 14 8 11 12 6 8 10 12 9 12 6 13 13 10 12 8 
45 42 41 45 43 40 43 46 46 46 43 45 44 40 46 45 41 44 40 45 
35 34 35 29 34 33 35 30 31 31 34 29 35 29 29 30 29 31 32 32 
13 10 11 11 9 12 13 9 14 13 15 12 11 15 14 13 14 13 13 11 
16 13 15 15 12 14 16 15 16 15 16 15 14 13 12 14 15 16 14 14 
10 12 12 10 11 11 11 12 11 12 11 12 10 12 10 10 10 12 10 11 
14 15 14 22 14 18 14 17 21 22 20 15 19 20 20 22 22 20 21 20 
43 42 43 41 40 42 40 41 44 43 42 44 42 42 43 40 41 40 40 44 
15 14 15 15 14 14 14 15 15 15 15 13 13 13 15 15 14 13 14 15 
45 45 43 48 49 46 49 47 47 47 48 45 49 48 48 46 45 49 46 47 
25 29 25 25 27 29 29 29 28 27 26 25 27 26 29 27 28 25 26 29 
11 13 16 19 16 12 14 16 14 14 15 12 16 19 14 18 15 18 14 15 
10 11 10 11 11 10 11 10 11 11 10 11 10 10 10 11 10 10 10 12 
37 36 40 38 36 40 32 36 35 36 39 37 36 39 40 38 35 36 38 34 
15 15 16 16 16 12 14 14 15 13 13 15 13 13 13 16 16 15 13 12 
20 20 18 20 18 20 19 20 19 19 18 20 18 18 18 20 18 20 18 18 
21 23 22 21 20 20 22 21 24 24 23 22 20 20 22 22 22 23 22 23 
38 38 42 42 37 41 37 36 40 40 36 37 41 36 37 38 37 40 37 36 
8 1 1 10 3 8 8 7 3 1 7 6 4 7 3 5 6 2 1 10 
11 9 9 11 7 11 9 8 9 12 13 11 14 10 12 12 12 14 8 15 
42 43 43 43 41 42 43 41 42 43 41 43 43 41 43 41 41 43 41 43 
45 45 45 38 37 39 44 41 45 43 44 44 45 41 40 41 39 40 37 43 
21 19 19 21 24 20 20 23 21 23 20 23 21 25 22 24 24 21 23 24 
34 32 33 35 35 34 36 32 33 32 35 36 32 34 33 35 32 35 32 32 
23 16 15 23 17 15 17 16 17 25 22 18 22 19 25 17 18 18 21 15 
30 28 29 31 26 32 32 25 33 26 25 29 27 25 29 25 29 30 29 28 
27 33 36 32 27 30 28 27 30 26 33 26 28 30 34 34 28 27 31 34 
38 37 36 37 37 38 37 36 37 39 39 38 39 38 40 40 37 40 37 39 
21 20 25 21 27 26 21 22 21 20 23 26 25 20 21 28 22 28 24 25 
27 27 24 29 26 29 26 25 27 30 24 25 30 24 24 25 25 29 24 24 
17 19 17 19 19 18 19 17 17 18 17 19 19 17 17 17 18 17 17 19 
37 38 39 42 41 39 41 39 36 40 36 36 41 40 37 38 41 40 41 41 
46 38 39 47 39 39 44 46 47 42 38 37 40 39 45 46 40 41 47 45 
26 27 26 24 24 24 25 24 31 31 30 31 24 24 32 32 27 32 29 26 
35 36 32 32 36 35 36 35 35 32 32 34 35 35 34 35 36 33 36 36 
48 52 52 49 53 54 52 49 48 50 53 53 52 48 49 48 54 51 54 54 
15 16 17 17 16 17 14 14 14 12 16 15 14 15 17 14 16 11 11 14 
14 10 14 10 8 11 12 11 14 9 14 9 14 11 9 12 13 10 9 10 
5 8 5 10 3 6 3 9 4 2 4 10 3 4 3 10 9 10 9 10 
32 42 38 34 33 35 41 42 37 38 38 39 42 35 38 37 35 42 41 36 
42 42 42 41 41 41 40 42 40 40 40 40 40 42 40 41 40 41 42 41 
48 51 45 49 46 45 50 50 50 50 51 48 49 46 46 46 51 49 49 46 
22 22 26 23 28 25 26 24 28 24 24 28 23 25 22 27 28 26 25 23 
21 21 23 21 24 24 17 17 17 22 22 21 18 16 19 23 22 24 16 24 
51 54 54 52 54 51 52 51 52 54 50 53 50 53 54 52 51 52 54 53 
19 19 18 18 17 18 20 20 16 18 17 15 20 17 16 14 14 17 19 19 
7 9 8 8 9 10 10 10 9 10 3 2 3 7 10 2 8 4 8 6 
10 7 10 8 15 13 6 9 15 14 9 13 10 7 12 14 12 12 12 15 
46 47 47 47 46 47 45 47 45 45 47 45 45 47 47 45 45 46 45 47 
51 49 52 47 51 50 49 48 48 48 53 50 47 51 48 52 49 52 51 55 
38 36 33 36 37 36 39 35 35 39 36 37 37 35 36 35 39 38 37 35 
55 53 51 52 54 54 52 55 55 51 52 53 52 51 55 55 53 51 54 54 
42 36 44 39 41 43 42 42 37 37 39 40 40 43 39 38 44 39 37 41 
29 27 27 26 19 26 19 23 27 23 21 28 27 29 22 24 26 25 26 21 
26 25 25 26 26 26 26 25 26 26 26 25 27 27 26 27 25 27 25 27 
55 52 54 56 55 50 57 57 50 55 55 51 49 57 52 48 52 58 56 49 
22 15 19 21 16 19 22 15 16 16 18 22 15 22 15 19 17 21 21 21 
54 53 52 53 53 53 52 53 53 52 54 53 52 54 52 53 53 53 52 52 
27 27 26 27 31 25 29 30 25 25 24 24 32 24 30 27 27 24 32 30 
29 27 28 27 27 30 28 26 29 27 28 29 29 26 28 30 28 30 26 29 
17 25 27 17 20 19 27 25 23 19 27 25 17 19 21 21 26 17 23 25 
18 19 18 18 16 18 18 18 20 16 19 20 20 19 18 19 16 20 18 17 
15 13 8 16 12 16 10 9 8 8 10 12 8 12 8 13 10 17 12 14 
29 29 29 30 31 25 32 33 29 30 24 27 27 26 29 26 25 30 32 26 
35 35 34 36 34 35 36 36 35 36 34 36 35 36 35 35 34 35 34 35 
26 24 23 28 25 24 26 29 27 28 24 31 30 30 27 27 25 31 28 24 
42 48 46 47 42 47 42 46 45 46 46 48 46 48 42 46 48 43 47 47 
48 49 53 54 49 47 49 49 55 57 50 47 47 47 56 56 52 51 48 53 
15 12 15 9 13 14 9 15 14 11 12 10 13 13 15 12 10 15 12 13 
9 11 10 10 13 9 10 9 10 12 12 11 9 11 9 10 11 11 10 9 
28 26 27 26 26 26 28 27 28 27 27 27 27 27 28 27 27 28 28 27 
49 53 50 49 55 55 49 51 54 50 55 53 55 49 50 49 51 50 54 52 
48 47 49 47 49 48 48 49 48 48 48 48 49 48 47 49 48 48 49 49 
31 37 33 34 31 34 34 31 30 34 33 35 30 36 33 32 36 30 34 32 
25 25 26 26 25 26 27 27 25 27 26 25 27 26 27 27 25 25 26 26 
21 16 23 16 23 17 22 23 18 22 21 23 16 22 21 24 16 23 17 23 
49 45 52 43 49 49 48 50 42 51 46 42 44 46 50 45 45 42 49 51 
53 50 50 48 51 50 49 50 47 53 50 48 52 53 52 52 53 47 51 51 
6 10 4 8 12 7 5 4 6 7 10 8 4 6 9 5 11 10 11 8 
25 21 22 24 24 22 26 22 22 23 21 24 20 26 22 21 20 25 22 25 
37 30 37 37 32 37 37 37 37 30 35 29 29 37 29 36 31 35 38 31 
13 11 13 10 10 10 13 9 12 10 9 11 13 10 13 13 10 13 13 10 
7 7 10 13 11 15 17 10 11 16 15 12 8 13 8 13 7 14 7 16 
29 25 29 27 31 29 29 28 30 29 30 28 24 32 30 26 28 24 32 31 
9 8 8 9 10 9 8 8 10 9 9 8 10 8 8 8 9 10 9 10 
30 33 30 28 30 30 28 27 28 28 28 27 30 27 31 32 29 30 29 28 
37 40 34 37 36 31 31 38 35 33 39 40 34 34 36 30 34 34 34 40 
31 33 32 30 28 33 30 26 25 28 28 28 31 28 28 29 29 33 26 28 
35 35 36 35 36 37 36 35 37 37 37 35 36 36 37 36 37 37 36 35 
50 54 56 49 51 51 51 52 49 52 48 50 48 48 56 48 48 49 56 47 
28 26 26 28 27 30 29 30 27 30 27 29 26 26 27 29 28 26 29 29 
38 36 37 38 36 37 37 36 36 36 36 37 38 37 38 36 37 37 36 38 
34 38 36 37 37 38 35 31 37 33 31 35 31 39 39 34 30 36 31 30 
51 50 52 48 49 48 49 51 50 48 48 50 49 51 48 50 49 50 48 52 
27 28 25 26 27 29 28 27 29 25 29 26 27 27 26 27 27 27 25 28 