12 13 13 14 14 13 14 14 13 13 14 15 13 15 13 16 12 12 16 16 
45 41 41 44 40 44 47 47 40 42 48 43 45 40 41 45 45 43 46 41 
20 17 16 26 26 24 22 22 20 17 23 21 25 16 20 18 16 17 26 19 
65 64 68 66 66 67 65 66 68 64 67 68 66 66 65 66 65 67 68 64 
47 44 45 43 44 46 43 44 47 45 46 47 45 47 43 46 43 43 46 46 
28 25 25 25 26 31 26 31 30 26 27 31 31 28 29 30 31 30 30 26 
62 62 64 64 64 62 63 64 64 62 62 62 62 62 63 63 64 64 63 64 
22 25 25 26 22 23 25 24 22 22 23 26 25 24 22 26 22 23 23 26 
57 50 51 51 58 54 55 48 54 52 55 50 52 57 55 58 57 50 52 52 
25 27 24 24 29 24 27 26 29 27 30 31 29 27 23 29 29 23 23 22 
15 17 18 15 18 14 18 15 16 15 17 17 18 14 14 15 17 16 16 16 
51 49 47 43 47 43 48 46 51 45 49 44 47 50 47 48 50 43 51 49 
29 35 27 26 26 27 32 32 32 27 31 31 35 28 26 30 36 32 34 36 
61 60 61 56 57 57 55 58 60 61 58 59 60 56 61 54 60 60 61 55 
57 58 57 58 57 58 58 58 57 59 57 59 59 58 59 58 58 59 57 59 
57 57 57 57 56 57 58 54 54 57 54 55 57 54 58 54 54 55 55 58 
49 51 51 51 51 51 49 49 51 49 50 51 50 49 51 49 51 49 51 50 
72 73 64 67 68 65 67 64 70 64 66 67 67 74 66 72 71 64 64 74 
68 65 63 63 60 68 64 62 67 62 63 61 69 62 67 60 67 70 63 63 
55 58 55 61 57 60 59 59 58 56 58 59 59 59 58 55 56 56 56 59 
37 39 42 39 41 44 39 40 35 37 42 39 34 36 37 37 40 43 44 38 
33 32 34 34 34 34 32 33 34 33 33 34 34 33 34 34 34 34 33 34 
41 43 42 42 39 42 42 41 42 39 42 42 40 40 42 42 41 40 41 40 
47 44 43 47 43 42 41 45 45 41 45 45 47 43 43 41 45 41 47 41 
31 31 31 30 30 30 32 31 33 31 31 33 32 31 30 31 32 33 32 30 
16 16 13 16 13 15 13 17 11 17 16 16 15 16 16 16 14 12 17 12 
59 58 53 57 56 56 54 54 57 58 57 53 56 53 55 55 54 59 56 54 
39 43 42 43 40 41 40 43 40 41 42 41 42 40 41 43 41 43 39 39 
55 56 55 60 55 57 55 61 58 58 59 55 61 56 56 57 56 55 58 59 
41 39 42 43 42 44 42 44 39 38 40 44 44 43 44 43 44 38 42 43 
18 14 16 18 15 16 14 14 15 18 16 15 16 17 15 17 14 15 14 16 
29 38 29 37 31 29 31 37 29 31 37 31 30 37 34 38 37 30 33 31 
69 69 63 66 71 70 66 68 70 66 67 71 68 68 66 68 67 65 71 70 
64 66 62 65 63 62 66 66 64 64 62 62 66 62 65 66 64 66 66 64 
60 63 63 66 66 63 58 64 56 59 66 63 56 61 59 59 56 60 61 63 
50 50 48 47 50 45 45 48 45 45 50 50 45 49 47 46 45 47 50 46 
70 70 72 68 72 72 72 71 69 68 72 69 69 71 70 69 70 68 71 71 
29 31 31 27 27 28 30 30 32 33 29 27 27 32 29 28 33 32 27 28 
41 40 38 41 41 39 41 39 41 39 38 37 38 37 38 38 38 37 37 41 
35 35 36 31 36 34 33 34 37 33 35 31 37 31 37 31 35 37 31 33 
28 27 33 25 25 30 30 30 31 26 30 33 29 29 31 32 32 32 26 29 
63 71 70 66 65 63 66 66 72 62 69 68 64 64 67 69 64 70 69 67 
22 19 22 23 23 21 20 20 20 20 20 21 22 19 19 21 22 19 20 19 
53 53 56 54 54 55 58 53 58 55 57 57 50 56 54 50 51 56 53 50 
22 21 23 26 22 26 24 27 21 26 26 25 22 28 22 24 22 24 26 24 
39 38 38 38 37 38 38 39 38 39 39 38 39 38 39 37 38 38 39 37 
62 63 63 63 62 62 62 63 61 63 63 61 63 62 61 61 61 62 62 63 
35 37 33 35 36 34 33 37 33 34 36 36 33 33 36 35 34 34 33 35 
39 36 43 38 36 35 39 39 37 35 41 41 41 39 40 35 37 34 34 33 
28 19 23 28 25 18 27 23 18 28 23 27 27 28 21 26 22 28 25 18 
39 32 34 37 32 39 31 39 34 34 32 34 31 32 31 33 39 34 33 33 
38 39 37 37 37 39 37 39 39 38 38 37 38 37 37 38 38 39 39 38 
34 32 29 32 33 36 30 36 32 29 31 31 35 35 33 29 35 35 29 33 
56 56 56 57 56 57 57 56 56 56 58 56 58 57 56 56 58 58 58 58 
15 18 16 18 15 15 14 14 16 16 17 13 19 16 15 14 16 15 19 17 
43 44 44 44 44 43 43 43 43 44 42 44 44 44 42 44 42 44 44 44 
39 40 39 34 39 42 37 34 37 37 41 41 36 42 36 35 40 35 38 36 
20 24 22 20 21 20 21 24 22 23 22 20 21 21 23 22 23 21 22 21 
31 30 35 27 28 37 30 27 31 27 30 27 35 34 31 29 29 35 30 28 
28 27 28 30 27 31 27 26 25 31 31 30 30 30 31 29 30 27 28 25 
50 47 50 47 47 51 50 48 47 47 49 48 51 47 48 51 48 47 51 49 
70 72 73 72 72 72 72 72 70 71 69 72 69 72 69 71 71 72 70 73 
28 27 23 27 21 22 27 24 25 24 26 21 27 28 26 26 24 25 24 24 
53 53 52 52 53 52 52 53 51 53 52 52 51 52 52 51 53 53 51 52 
46 46 44 45 43 39 43 40 39 42 42 45 38 42 44 46 46 41 41 40 
68 69 66 70 68 70 69 67 66 69 68 67 69 67 68 68 66 67 68 67 
29 27 29 28 27 27 27 23 25 24 27 25 23 26 24 28 25 23 27 29 
50 50 48 48 49 49 48 45 50 47 46 45 46 46 48 48 48 51 51 50 
12 18 14 14 16 14 18 16 18 15 12 17 16 13 16 18 18 13 16 16 
48 50 50 50 49 50 49 50 49 50 50 48 48 49 48 48 50 50 49 48 
51 46 41 49 49 44 48 44 49 43 48 41 41 47 49 41 43 44 44 42 
13 19 17 15 14 20 18 20 15 14 14 14 17 13 20 18 16 12 13 17 
20 22 22 20 23 23 22 21 21 23 23 22 22 23 24 22 24 21 23 23 
42 41 42 40 41 40 42 42 41 40 41 41 42 42 41 42 42 42 41 42 
69 69 69 70 70 71 71 69 70 71 71 71 71 69 70 71 71 69 70 70 
32 33 36 32 33 35 36 34 32 32 33 36 36 32 32 36 35 34 35 32 
33 34 33 34 35 33 34 33 34 35 33 35 34 33 33 33 34 34 35 33 
65 64 62 65 60 63 63 60 64 63 60 66 62 62 64 63 62 65 61 61 
26 26 23 25 20 24 27 28 24 21 27 24 20 24 23 23 22 24 20 28 
15 16 13 15 13 15 13 18 14 20 16 17 16 13 13 17 11 17 12 14 
43 40 44 46 46 42 43 40 40 46 44 45 42 40 41 40 40 40 40 43 
38 38 40 40 40 39 38 39 40 38 40 38 38 40 38 39 39 39 39 38 
70 70 69 68 68 70 68 68 70 70 69 68 69 69 70 68 68 68 69 70 
18 23 20 22 24 24 24 20 24 19 20 23 20 20 23 23 23 22 24 21 
43 40 38 40 41 42 40 43 42 41 40 43 39 44 44 39 38 39 38 43 
42 43 42 43 43 44 44 43 43 40 44 40 40 43 44 42 42 42 44 42 
62 67 61 64 64 64 63 63 65 62 61 65 65 61 61 63 63 65 66 63 
23 25 24 27 24 22 24 23 24 22 24 27 26 25 25 26 23 22 26 21 
30 32 37 38 34 36 33 33 31 36 34 36 33 35 37 36 33 36 36 36 
24 32 33 25 29 24 27 28 23 25 28 27 25 29 33 31 28 33 31 26 
44 45 44 49 44 47 45 46 50 49 47 49 45 48 48 47 48 45 44 45 
16 20 20 16 17 12 18 14 15 17 16 17 14 13 13 15 12 18 16 15 
20 19 20 20 18 17 19 21 17 18 21 20 20 20 20 20 19 21 20 17 
36 35 37 37 36 35 33 33 35 33 33 34 37 34 35 33 36 33 36 35 
39 36 33 35 35 38 36 34 36 36 34 36 37 35 38 39 36 38 32 39 
12 12 16 15 16 16 16 18 17 15 16 12 15 18 14 17 13 16 12 15 
45 47 50 51 47 51 44 50 44 51 46 43 45 42 44 46 43 46 48 47 
47 50 48 45 52 51 46 45 50 45 53 50 46 53 44 45 48 49 48 45 
29 31 33 32 29 31 33 31 32 32 29 29 29 31 30 32 31 31 29 29 
53 57 53 52 53 52 52 58 57 56 55 59 56 53 55 55 55 54 59 53 
51 52 52 52 51 52 48 49 49 50 50 51 51 51 50 52 49 52 49 52 
57 57 57 56 56 57 58 56 60 58 60 57 60 56 60 59 59 60 56 56 
22 27 18 25 24 24 25 28 22 27 23 18 22 19 21 19 20 20 26 21 
31 30 36 32 36 30 30 36 34 36 30 34 35 35 36 35 35 30 33 36 
66 67 67 68 67 66 66 68 66 67 67 68 68 68 67 67 67 67 68 67 
54 56 55 54 54 57 64 57 56 62 60 56 58 64 60 54 56 62 62 58 
50 51 50 52 53 51 51 51 49 49 48 51 48 47 50 51 49 53 52 50 
61 65 65 63 64 62 61 64 62 63 63 63 63 65 62 62 61 62 64 61 
28 27 27 29 29 28 29 29 29 28 27 28 28 27 29 27 28 28 27 27 
45 46 47 47 44 45 48 49 48 45 48 47 49 47 46 50 50 50 45 47 
70 68 73 70 67 68 69 70 73 73 68 70 73 69 68 70 68 70 73 73 
38 40 40 37 40 43 37 38 43 42 37 41 39 41 38 42 41 37 41 40 
18 11 10 14 10 19 13 11 10 9 10 12 13 9 19 14 13 16 13 19 
51 53 50 49 54 51 52 50 54 54 49 51 53 56 49 54 55 55 59 58 
49 51 52 48 51 48 52 48 53 49 50 51 49 46 48 48 51 52 47 48 
20 22 20 23 21 19 19 22 20 22 23 21 22 22 21 19 20 23 23 20 
44 46 46 44 44 46 46 44 46 45 46 45 47 46 46 43 45 46 47 49 
67 69 63 66 70 72 73 72 70 71 69 71 67 65 66 63 73 67 66 64 
26 26 21 24 24 26 25 24 25 26 22 23 27 21 23 24 23 25 25 27 
37 41 40 40 38 38 41 37 41 38 38 41 38 37 40 37 39 39 40 40 
58 59 57 61 58 61 60 60 61 58 60 61 57 60 59 59 61 61 58 57 
19 18 17 19 18 17 19 19 18 19 19 18 18 19 17 17 17 18 17 18 
48 48 49 47 49 48 49 47 49 49 49 47 47 47 48 49 48 49 48 49 
68 63 66 69 63 66 68 65 68 64 65 68 67 67 63 67 69 68 64 63 
49 49 46 45 45 45 49 48 45 49 46 48 49 45 48 45 46 45 48 45 
22 26 25 22 25 22 22 25 25 22 24 24 24 25 22 24 23 25 22 22 
70 69 68 72 69 68 72 70 69 69 71 70 68 69 70 68 70 68 68 71 
72 71 72 72 72 66 71 67 69 66 70 65 62 63 66 66 69 72 72 65 
58 57 55 57 60 59 59 51 51 59 53 53 57 56 53 54 57 56 53 56 
32 31 30 29 34 30 29 31 28 33 28 29 32 28 28 29 33 34 33 33 
39 39 41 37 39 39 41 42 37 39 43 37 39 37 41 38 37 38 43 43 
64 58 61 58 61 66 68 59 59 68 68 60 68 62 61 62 60 66 59 60 
47 47 47 43 46 42 46 45 41 43 42 45 42 47 42 41 43 44 43 44 
41 45 43 45 45 39 45 41 39 39 42 44 44 45 45 40 43 41 43 41 
27 32 28 34 31 30 25 33 30 24 28 30 34 33 34 30 30 25 27 28 
43 42 42 41 40 41 40 40 44 42 42 44 40 44 43 44 41 40 44 41 
15 13 13 11 15 12 10 11 10 13 14 13 10 11 10 12 10 11 11 12 
31 32 34 33 35 34 36 36 31 30 35 36 35 36 31 34 33 31 36 30 
43 47 46 41 45 41 49 46 47 45 45 47 49 44 48 41 49 48 45 48 
18 16 17 18 18 18 18 18 16 18 16 16 17 17 16 16 16 17 17 18 
62 62 62 63 63 62 62 62 64 62 63 63 62 62 64 62 63 64 62 64 
33 34 33 34 34 33 34 33 32 32 33 34 32 33 33 33 32 33 32 32 
22 27 26 27 19 27 18 28 27 27 22 22 26 18 25 28 20 27 28 25 
56 54 50 56 50 52 49 51 56 52 55 52 57 51 56 52 49 53 49 51 
35 34 36 37 31 35 34 37 32 35 36 32 34 37 31 37 33 35 36 34 
62 59 60 59 59 62 62 55 55 58 56 63 60 57 56 56 58 57 63 63 
69 68 72 69 72 68 71 72 72 70 71 71 69 69 68 72 71 69 69 70 
18 18 18 20 20 20 19 20 17 19 18 17 17 21 17 20 20 20 17 21 
12 12 11 14 15 14 13 11 15 12 12 15 11 11 11 11 12 11 12 11 
68 65 67 69 64 69 69 66 67 64 64 65 67 66 68 69 67 64 68 65 
69 66 69 67 66 69 69 69 68 66 67 65 68 68 66 65 66 69 68 66 
51 50 51 52 50 52 50 51 51 50 51 51 50 50 51 52 52 52 52 50 
39 39 36 41 39 37 33 35 38 34 41 34 37 41 40 40 39 40 39 33 
31 31 29 31 30 30 30 29 30 30 31 31 29 31 30 31 31 29 29 29 
20 17 17 20 21 17 18 19 21 17 21 21 18 20 19 21 20 21 19 18 
58 59 51 59 52 52 52 52 56 57 51 50 53 58 55 60 53 58 57 56 
14 16 16 14 13 16 14 13 16 17 14 17 16 14 14 13 14 16 13 17 
49 53 51 50 53 53 52 50 49 53 49 50 50 52 51 51 51 52 53 53 
43 40 39 39 39 42 39 39 43 44 44 39 41 42 41 42 40 43 39 45 
69 66 69 67 72 67 71 71 71 69 71 71 70 67 70 72 67 70 67 70 
44 48 46 48 46 45 46 48 47 44 45 47 48 48 45 46 46 46 45 44 
67 65 59 62 60 67 59 67 65 66 64 64 58 64 60 65 66 59 59 66 
54 53 55 53 55 55 54 54 55 54 55 53 55 54 54 54 53 55 53 55 
60 61 60 61 63 60 63 63 58 57 61 59 57 57 62 58 62 58 63 58 
57 61 63 61 64 59 60 58 61 64 63 61 62 59 58 57 61 63 59 61 
59 57 59 58 59 58 59 58 59 57 58 58 59 58 57 57 59 57 58 58 
22 23 21 21 22 23 23 22 21 21 23 22 22 23 22 21 21 22 22 21 
10 17 12 11 15 14 10 9 15 16 14 17 15 13 14 17 13 16 13 10 
31 33 29 32 33 30 29 29 30 31 33 31 33 33 30 30 31 31 31 33 
53 53 55 53 49 55 48 53 51 53 49 54 50 49 50 55 52 54 54 53 
48 47 49 47 49 48 49 47 49 49 48 48 48 47 47 48 49 49 49 48 
37 37 38 37 38 41 33 40 35 36 37 35 37 40 35 39 36 36 33 34 
39 37 38 36 39 36 39 33 38 37 38 34 33 39 37 36 38 34 33 39 
33 29 31 31 31 28 33 28 31 30 32 32 32 33 28 30 30 29 28 29 
40 39 40 37 37 37 37 41 39 40 41 39 41 40 39 37 41 40 40 40 
22 22 23 22 23 23 23 23 21 22 22 21 23 21 23 22 23 22 22 21 
18 19 16 16 16 19 19 20 17 17 17 15 16 21 15 16 21 16 18 18 
63 63 60 63 57 57 58 61 57 63 63 57 57 60 60 63 61 62 63 63 
33 26 33 27 27 31 28 27 28 32 34 28 25 30 33 26 32 35 35 31 
61 58 57 60 58 57 57 60 59 60 57 56 58 58 56 57 56 56 56 61 
18 17 14 14 12 11 13 18 15 14 13 17 16 13 16 17 16 12 12 17 
67 64 58 65 59 64 62 62 63 65 64 59 64 58 60 66 59 62 64 66 
32 37 30 37 29 34 33 31 29 36 30 33 31 35 37 29 33 36 30 31 
43 42 43 41 42 42 41 41 43 41 41 43 43 42 42 42 42 42 43 43 
70 71 69 70 70 71 71 71 70 69 71 70 70 69 71 71 69 70 70 70 
54 53 52 57 51 50 55 57 57 54 56 51 49 49 55 55 53 49 49 53 
68 66 70 68 68 68 66 69 70 69 66 67 69 68 67 69 69 69 68 69 
48 48 51 41 48 51 45 49 48 45 45 49 50 49 48 41 43 47 48 48 
70 72 73 69 69 73 70 71 71 73 72 70 69 71 69 71 70 70 70 69 
24 17 21 21 24 17 17 22 25 20 22 21 22 19 24 22 17 24 20 20 
51 52 55 51 58 51 49 55 55 50 50 51 58 54 58 57 49 51 57 49 
40 33 37 41 34 42 39 37 34 35 36 33 36 43 37 39 36 37 37 33 
32 28 30 33 34 32 29 32 32 33 33 30 28 33 31 33 33 28 28 30 
57 60 64 60 57 66 57 63 64 63 58 67 66 65 62 67 64 57 58 58 
63 64 61 61 64 62 62 61 63 64 61 62 61 64 61 63 61 63 62 61 
59 61 61 61 61 60 61 60 59 60 60 61 59 60 60 59 60 61 60 59 
41 41 44 42 44 38 42 42 41 40 41 42 39 44 39 40 40 44 43 44 
64 65 66 66 66 64 65 65 65 66 65 64 65 65 65 65 64 64 66 66 
19 18 24 21 16 18 23 18 18 21 19 19 18 21 23 23 23 22 22 16 
51 49 50 47 54 54 54 50 55 53 48 51 48 55 53 51 47 50 51 55 