20 21 19 21 21 21 23 19 22 22 21 23 21 20 21 20 23 23 23 20 
37 39 37 42 37 43 34 35 41 36 42 37 35 33 41 40 43 39 37 40 
57 48 55 49 50 58 55 57 50 54 56 58 48 48 53 53 51 54 53 49 
57 58 54 58 56 59 54 52 53 58 58 56 54 58 53 53 57 58 55 55 
49 52 50 50 52 54 49 54 52 52 53 52 51 49 48 52 50 49 49 51 
21 23 24 20 18 21 21 19 24 21 22 23 22 22 19 22 20 23 24 24 
46 48 48 46 47 47 48 47 46 46 48 47 47 46 48 46 46 47 46 48 
20 18 18 20 18 20 18 20 18 19 20 20 20 18 19 18 18 19 18 19 
51 52 51 52 50 51 50 50 50 52 52 51 52 51 50 52 51 51 50 51 
66 65 71 71 66 67 70 69 71 66 65 69 67 69 67 66 68 67 68 71 
66 66 65 66 65 67 66 65 66 65 67 66 67 66 67 65 67 66 66 66 
48 49 48 48 50 50 49 49 49 50 48 50 50 49 48 49 49 49 50 48 
28 27 24 24 29 25 23 24 26 29 24 29 27 29 25 29 23 27 27 23 
60 58 59 58 59 62 62 57 59 62 60 62 60 57 59 61 61 62 61 60 
79 82 83 79 77 80 83 80 77 78 78 80 81 78 77 81 83 80 80 82 
46 41 42 47 46 41 38 44 48 39 44 47 38 39 38 43 47 43 38 48 
74 70 66 68 70 69 74 72 67 72 71 74 68 64 67 67 66 71 65 66 
15 16 12 15 16 18 13 12 17 19 10 16 9 9 17 14 17 13 18 16 
77 75 77 77 75 79 81 75 74 71 73 73 74 72 72 78 80 77 78 73 
53 51 54 50 47 54 50 48 46 47 49 54 54 46 49 53 49 53 48 51 
28 30 30 30 26 30 27 27 28 26 26 28 28 28 29 26 29 30 27 30 
56 56 57 57 58 58 58 56 56 57 58 58 57 57 56 57 57 58 57 57 
29 30 32 32 33 30 33 30 30 30 29 32 31 29 30 33 31 32 31 32 
68 69 73 70 75 76 71 72 71 67 69 77 68 73 71 68 76 75 76 74 
70 74 72 70 78 75 71 74 76 72 77 72 76 70 74 72 74 71 77 78 
78 75 76 73 77 78 78 72 77 71 72 77 74 74 76 77 74 78 70 72 
74 74 80 76 80 74 74 75 79 77 80 80 76 75 78 78 80 74 75 78 
14 13 12 13 16 14 11 12 11 11 12 11 16 17 13 11 15 14 16 14 
62 67 66 66 62 62 70 65 68 61 69 68 70 61 65 60 63 63 69 60 
74 77 73 78 72 76 78 71 70 73 78 78 72 75 78 76 73 75 75 74 
48 49 51 48 51 52 48 52 49 49 51 50 52 49 49 48 49 52 52 50 
24 26 25 26 26 25 23 23 23 23 26 25 22 24 22 24 24 26 26 23 
69 79 71 78 78 69 76 77 73 71 73 71 74 73 73 73 72 75 79 79 
16 13 17 17 13 13 11 18 10 10 10 11 17 17 16 11 15 13 16 15 
78 80 78 79 78 79 78 80 78 78 79 78 80 78 79 80 79 78 79 80 
23 23 23 23 23 22 22 23 22 24 24 22 23 23 24 22 24 23 22 22 
21 24 23 18 19 17 21 25 17 23 18 20 20 22 21 20 19 17 18 20 
26 34 25 24 29 26 25 27 27 29 33 34 33 26 27 30 28 32 29 27 
65 69 68 71 72 70 64 69 65 71 70 72 67 65 72 71 70 69 68 70 
37 38 37 39 37 37 38 37 37 37 37 37 37 37 38 39 38 37 38 39 
59 59 60 60 62 62 64 67 64 63 63 61 60 62 68 65 63 65 66 67 
54 51 61 54 60 59 60 58 55 56 58 59 54 55 51 51 52 57 60 61 
19 16 19 18 17 15 20 19 16 16 19 18 18 15 17 15 17 18 15 19 
77 75 79 77 72 72 76 74 77 80 72 78 76 73 77 78 73 80 76 73 
72 71 72 72 69 65 66 67 66 70 72 71 67 64 67 71 72 70 70 68 
48 47 48 48 48 51 49 51 48 51 47 50 47 51 50 47 49 49 50 50 
41 41 40 42 43 42 36 42 36 45 39 44 42 44 35 42 43 45 40 43 
76 72 74 75 76 72 76 74 74 76 75 76 72 74 75 75 74 72 75 76 
55 54 54 54 55 54 56 55 54 56 54 56 55 54 55 54 54 56 55 55 
22 26 27 27 21 25 22 22 18 22 25 19 23 26 20 19 25 26 23 20 
60 61 61 59 61 62 61 60 59 59 60 59 61 59 62 60 63 62 59 60 
75 75 73 73 74 75 75 73 75 74 75 75 75 73 75 74 73 74 75 74 
49 53 53 51 50 52 49 52 50 52 50 49 50 49 51 50 52 52 53 50 
43 41 42 40 42 45 44 42 39 39 39 40 40 43 42 43 40 47 47 47 
26 24 24 25 26 24 24 25 25 25 25 26 26 26 25 25 26 25 25 26 
81 82 81 81 82 81 80 82 82 81 81 82 82 82 82 80 80 80 81 80 
28 25 28 27 26 26 24 28 25 28 27 27 27 25 26 26 27 27 24 27 
80 81 81 82 83 73 76 73 79 73 76 83 79 77 79 81 81 73 80 73 
26 26 25 25 30 31 28 26 25 30 30 29 25 27 25 31 31 27 26 26 
63 60 57 62 60 61 61 60 62 60 62 61 63 59 58 58 58 57 62 63 
76 77 74 71 75 71 74 71 76 79 79 79 76 79 72 76 76 75 79 75 
45 44 44 44 46 46 44 46 46 44 44 44 45 44 44 46 45 45 44 46 
51 52 54 49 52 51 52 51 52 49 50 51 53 53 48 49 52 48 48 48 
43 44 45 44 44 45 44 44 43 44 44 45 43 45 45 44 44 44 43 43 
80 72 80 81 81 75 79 78 76 73 79 78 80 75 74 78 80 80 77 81 
55 59 54 62 57 57 54 57 60 57 58 58 57 62 54 60 56 60 57 57 
45 47 48 46 51 49 51 47 45 47 47 50 50 51 46 48 50 49 51 47 
62 66 63 69 61 69 63 61 68 60 63 63 62 61 63 61 61 68 67 65 
42 48 46 42 44 44 45 49 49 46 42 42 45 46 44 49 49 47 48 42 
34 34 38 37 39 39 34 36 36 32 35 33 35 38 36 37 37 38 38 36 
21 25 19 21 20 20 25 20 20 24 19 26 17 22 25 18 24 19 26 24 
31 31 33 32 33 31 32 32 31 31 32 32 31 32 32 32 33 32 32 33 
34 43 42 42 37 42 38 39 38 42 34 43 39 41 35 41 35 42 37 44 
16 18 16 16 16 16 17 18 18 18 16 17 17 18 16 18 17 16 18 17 
62 62 60 60 61 64 56 56 64 61 58 62 63 59 62 59 58 63 63 56 
47 49 52 46 49 46 49 53 45 46 45 50 46 45 48 50 49 51 47 46 
38 42 36 37 32 33 40 38 41 40 37 32 36 36 42 37 34 33 39 40 
42 42 42 42 42 41 42 42 43 41 42 41 42 43 43 41 42 42 42 43 
14 15 18 16 15 16 17 22 14 22 22 18 15 15 20 20 18 14 14 20 
32 34 32 34 30 33 33 30 30 28 33 28 31 28 29 29 28 29 32 28 
61 55 56 60 60 55 58 58 55 56 60 55 60 57 56 61 55 60 56 61 
28 28 28 30 28 30 30 30 28 29 28 28 29 28 29 29 30 28 28 28 
80 82 81 81 81 80 81 80 80 82 80 82 81 80 81 81 81 80 80 80 
54 53 54 51 53 53 55 52 54 54 53 53 53 51 51 54 53 53 52 51 
29 25 28 29 29 26 29 25 25 27 27 26 26 28 27 28 27 25 28 26 
41 40 39 39 40 39 41 41 39 39 40 39 41 40 39 39 39 39 41 40 
59 54 58 53 54 53 53 59 59 51 56 52 56 53 54 59 51 52 53 58 
56 58 58 57 59 58 57 56 56 59 60 60 59 59 58 56 56 59 57 58 
45 48 47 46 47 47 49 47 47 48 46 47 48 49 47 46 49 47 46 45 
60 61 58 59 59 58 54 55 54 56 57 59 59 64 64 57 62 60 61 56 
78 76 72 72 74 70 71 78 71 70 72 74 78 73 71 74 74 73 71 76 
60 60 60 60 60 59 59 58 58 58 59 59 59 60 60 58 59 59 59 60 
75 83 82 81 78 76 75 76 79 78 81 77 81 78 75 79 83 83 82 78 
68 66 69 71 69 70 66 71 69 69 70 67 68 66 69 67 66 70 69 71 
65 61 66 65 65 69 68 64 64 66 61 70 66 62 68 71 71 62 68 69 
86 86 79 83 85 82 82 83 85 83 83 83 82 79 85 82 80 78 86 78 
62 60 58 62 58 61 63 62 63 61 63 59 64 60 60 64 59 62 60 58 
83 79 78 81 79 79 75 79 81 79 78 84 75 76 82 80 83 83 78 78 
81 85 84 78 84 76 78 76 78 81 86 80 83 82 86 81 82 81 86 81 
70 75 69 72 74 76 68 72 72 69 76 69 78 69 77 72 73 74 75 68 
44 40 46 45 39 42 42 41 48 41 41 43 38 41 45 41 39 47 40 41 
48 49 51 48 48 49 49 48 52 51 49 49 49 51 49 51 52 51 49 52 
38 39 32 39 33 36 32 36 31 36 38 34 31 32 31 38 33 35 36 39 
19 19 18 15 15 13 12 15 11 13 13 12 16 15 17 14 15 14 16 18 
62 62 64 67 63 69 64 67 64 65 64 66 69 70 70 62 66 63 69 62 
46 47 48 47 47 46 47 46 47 47 46 47 46 48 48 46 46 46 47 48 
56 56 57 56 55 57 55 61 55 56 58 57 61 60 60 56 58 56 57 59 
65 65 65 66 64 64 65 64 64 64 65 64 66 65 65 65 64 64 66 66 
75 74 75 73 73 75 73 74 75 75 75 75 73 75 75 73 75 74 73 74 
54 56 55 56 54 55 55 55 54 55 55 56 56 55 55 56 54 55 55 55 
58 62 57 59 58 55 58 62 57 60 59 56 55 62 55 59 58 55 59 58 
37 34 37 32 35 39 31 30 31 33 36 34 36 35 38 33 33 40 39 38 
18 17 17 20 21 21 18 18 20 18 17 17 19 17 19 18 17 19 19 18 
24 26 24 24 25 25 26 25 24 26 25 25 24 26 24 25 24 24 25 24 
21 20 23 16 19 20 26 16 23 24 23 24 18 25 25 23 19 16 16 18 
41 38 35 42 39 40 40 40 39 43 36 43 38 39 39 40 38 40 36 41 
58 59 59 58 59 58 58 60 60 60 59 58 60 60 58 59 60 58 58 60 
50 53 53 52 51 50 53 53 54 50 55 54 52 50 52 51 50 50 53 54 
24 23 26 27 28 29 25 30 23 27 28 31 24 24 23 26 29 27 26 28 
19 19 15 10 14 12 13 19 11 10 10 19 17 19 14 14 16 11 12 15 
41 43 35 43 42 39 40 42 40 42 38 43 35 38 35 37 40 43 37 36 
56 57 58 55 57 60 55 59 57 55 59 55 55 60 60 58 58 57 57 54 
33 28 29 29 31 31 30 30 30 26 28 29 31 31 31 29 31 30 30 27 
38 39 41 39 42 42 41 38 40 42 42 41 39 39 42 40 41 40 42 40 
64 64 65 65 64 66 65 65 66 64 66 66 66 65 66 65 66 66 65 66 
29 30 35 33 30 34 32 35 38 31 34 32 32 36 36 34 34 37 28 35 
67 63 65 66 64 67 69 63 68 69 67 63 64 67 65 69 67 67 67 67 
47 42 45 45 46 47 45 45 42 48 43 48 47 47 42 47 46 44 46 45 
47 48 49 48 47 48 49 45 49 49 49 46 46 49 46 49 45 46 45 46 
48 46 49 46 50 49 51 47 49 43 48 51 46 51 46 52 43 49 47 42 
68 66 64 60 64 68 61 60 64 63 65 62 65 60 64 65 61 67 64 63 
18 17 16 18 16 17 18 17 18 16 16 16 17 17 17 18 16 17 17 18 
37 37 39 39 40 38 37 38 39 38 41 41 38 39 41 40 40 37 40 38 
71 71 76 70 71 74 69 72 76 70 75 69 68 73 71 71 68 75 76 68 
45 46 46 44 44 46 44 46 45 44 44 46 44 45 46 44 46 44 44 44 
63 64 58 64 63 63 60 63 63 64 63 62 61 60 60 62 64 59 60 64 
60 66 61 63 63 59 63 59 60 59 60 61 63 67 59 61 59 63 62 65 
33 39 33 39 33 38 37 42 32 42 38 42 34 35 41 42 34 37 34 33 
43 52 46 48 50 44 46 52 46 46 42 48 44 45 50 42 45 52 51 43 
69 69 69 69 71 70 70 70 69 71 71 69 69 69 70 70 69 70 71 69 
20 23 23 26 22 26 22 23 20 20 20 23 26 23 25 23 23 20 21 20 
76 78 76 77 77 77 74 74 76 77 77 78 74 75 78 74 78 77 78 76 
69 68 69 67 69 69 67 68 68 67 68 69 68 69 67 68 69 67 67 68 
14 12 13 15 15 14 14 14 14 13 12 15 14 14 12 12 14 14 15 15 
61 59 60 59 59 61 60 59 60 61 61 59 59 60 60 60 61 61 61 59 
50 55 48 52 47 50 51 52 47 47 50 53 47 53 55 54 53 52 52 51 
38 44 43 42 42 39 37 45 41 39 37 42 42 45 37 39 39 41 39 38 
52 52 51 50 52 50 51 52 51 52 50 52 51 52 50 50 52 50 51 51 
37 35 35 37 35 36 37 36 37 36 36 36 36 35 35 37 35 35 37 37 
25 28 25 29 26 29 26 26 27 29 27 26 27 26 26 26 29 26 27 26 
26 27 27 25 29 29 27 24 26 25 23 23 23 24 24 28 29 27 27 23 
55 57 55 56 56 56 56 55 57 57 56 56 55 56 57 56 55 57 56 56 
66 66 67 65 65 65 67 67 65 65 67 65 65 67 67 66 67 67 67 65 
66 67 68 66 67 68 68 65 69 65 68 65 67 67 68 69 69 68 66 69 
30 31 31 26 28 31 31 27 29 29 29 27 29 29 26 29 30 31 29 31 
53 56 53 56 55 51 53 51 55 52 56 50 52 52 50 52 55 55 53 56 
47 46 45 45 46 47 47 45 47 46 46 46 46 45 45 45 47 46 45 45 
36 38 38 37 38 38 37 37 38 38 38 38 38 38 36 37 37 38 37 38 
35 34 35 34 36 36 34 35 36 34 36 35 35 36 34 34 36 36 35 34 
27 18 22 27 20 22 27 18 18 24 24 21 23 23 22 27 26 27 24 25 
34 30 40 33 38 30 37 35 32 39 38 35 36 32 35 35 33 34 38 38 
46 46 45 47 46 48 46 47 45 48 47 49 48 48 48 48 46 47 47 48 
71 70 71 72 72 71 72 72 70 72 70 71 71 70 71 70 70 72 72 70 
37 36 39 36 39 36 42 42 39 42 39 36 41 39 40 36 41 42 42 37 
75 75 73 72 72 76 74 76 75 74 72 72 74 74 75 75 74 75 72 72 
71 73 71 68 65 69 68 64 68 65 67 66 74 67 69 70 67 70 73 74 
43 41 43 42 43 41 41 43 42 41 42 43 43 43 43 42 41 43 43 42 
66 65 62 62 62 64 66 66 64 64 62 66 66 66 62 66 62 66 65 64 
44 44 42 40 42 38 42 42 41 41 43 43 42 44 44 42 41 40 44 41 
76 75 77 78 76 76 76 77 78 79 78 75 78 75 79 76 77 78 77 79 
30 30 30 32 31 31 31 30 31 31 32 31 31 30 31 31 32 30 32 30 
34 35 34 34 35 35 34 36 34 34 34 35 34 36 35 36 34 34 36 35 
78 75 79 77 76 81 81 76 80 75 75 80 75 79 75 79 80 81 80 81 
52 57 53 53 55 51 54 52 56 55 55 55 53 53 52 57 56 55 56 54 
55 53 54 56 56 57 55 54 51 53 51 52 52 57 56 55 54 52 54 55 
43 41 40 39 45 39 46 45 38 43 38 38 46 39 38 43 44 43 38 42 
74 74 68 74 66 67 67 65 72 67 70 74 74 71 68 72 74 69 67 74 
75 79 80 81 80 81 80 80 81 81 78 81 77 76 79 78 81 79 79 77 
76 76 76 76 76 76 76 77 75 75 76 76 75 76 75 75 75 75 76 75 
78 76 78 77 78 76 76 78 76 78 78 77 76 76 78 76 77 76 77 77 
62 61 64 63 61 64 60 63 63 61 63 62 64 64 61 60 60 61 61 63 
34 33 37 38 40 42 43 38 34 35 40 33 35 41 40 37 40 40 37 37 
27 25 26 26 27 27 25 26 27 27 27 25 26 25 27 26 27 26 26 26 
63 65 63 65 63 64 63 64 64 63 63 64 63 65 65 64 63 64 65 65 
43 43 43 45 43 45 43 43 45 43 45 43 45 43 44 43 43 44 44 45 
72 80 74 70 78 77 78 75 78 72 72 74 70 76 72 71 78 75 77 72 
33 32 28 27 33 33 29 30 30 31 28 31 29 27 32 31 27 28 33 27 
40 41 41 41 44 42 41 40 41 40 41 43 41 44 43 43 40 41 44 44 
36 35 36 34 35 34 35 35 34 35 36 34 35 34 34 34 35 34 36 35 
63 65 61 64 62 61 61 61 63 61 62 66 66 66 62 67 67 61 67 66 
72 66 65 72 67 71 68 66 69 66 65 67 66 73 71 72 67 70 66 72 
78 79 79 80 84 78 81 80 82 84 82 81 79 78 81 81 83 80 78 80 
35 39 37 36 37 35 37 39 36 35 39 38 36 36 37 36 36 35 36 36 
15 16 20 17 16 20 15 18 16 22 22 18 21 17 15 22 22 18 17 17 
62 58 63 60 60 62 59 59 62 61 60 58 57 60 59 62 60 59 60 62 
65 65 64 65 68 65 67 64 68 64 66 64 64 66 67 67 67 65 66 64 
61 60 55 56 58 58 61 55 61 61 58 59 58 55 59 59 56 61 58 61 
73 77 76 77 74 77 73 76 76 74 76 76 75 76 75 75 76 77 75 75 
31 32 31 32 31 33 33 31 32 32 32 32 31 33 32 31 31 32 32 31 
79 79 78 77 79 77 79 77 79 77 78 77 77 79 78 77 79 77 77 79 