11 8 11 11 11 11 11 10 9 9 10 11 11 11 7 7 8 8 9 10 
80 83 81 81 79 82 80 79 83 82 81 83 82 82 79 79 82 83 83 79 
9 12 13 15 9 12 11 14 11 14 13 10 11 13 10 15 14 12 11 10 
53 54 51 52 50 51 51 50 50 51 54 52 51 51 53 53 51 54 52 52 
42 44 42 39 37 40 36 38 41 42 41 40 44 42 40 41 36 36 36 42 
22 21 22 23 23 23 22 23 23 23 23 23 21 22 22 23 21 21 21 23 
70 72 77 74 75 80 78 77 75 71 78 70 74 79 72 72 73 80 72 71 
70 73 75 78 71 70 73 75 71 68 72 70 70 78 73 75 68 75 76 72 
65 67 65 66 65 67 65 65 66 67 65 66 66 65 65 67 65 67 67 67 
77 74 71 73 71 74 72 71 77 77 72 71 76 71 71 74 74 72 72 77 
10 5 2 7 4 8 5 1 6 4 6 3 6 11 4 6 7 11 8 6 
17 17 20 21 17 17 16 22 17 17 22 21 18 18 20 16 17 17 20 21 
37 38 38 36 36 37 37 37 36 37 38 36 37 38 37 38 37 37 38 37 
15 22 18 18 19 19 21 21 17 23 17 21 17 25 19 23 20 17 20 23 
77 81 80 81 82 79 79 76 76 81 78 78 82 81 79 80 76 79 79 77 
69 71 71 72 67 72 70 70 72 71 68 70 70 73 70 72 73 69 70 73 
23 15 16 23 23 20 22 15 14 14 18 24 19 15 21 20 20 22 17 24 
64 72 66 64 71 69 67 70 68 72 64 71 66 72 64 71 65 67 67 68 
42 42 41 40 40 43 43 44 39 40 41 44 45 44 41 45 42 45 41 45 
18 19 19 19 19 22 22 20 20 19 18 20 19 17 17 16 16 17 19 16 
58 57 58 56 56 58 58 56 58 58 57 57 56 58 56 57 57 57 57 58 
69 67 59 68 64 69 63 65 64 60 64 69 68 66 60 59 59 66 64 60 
25 24 19 22 20 25 26 27 20 22 21 25 21 25 25 25 22 25 21 25 
67 68 70 67 68 66 62 67 67 68 62 67 63 66 67 65 66 65 69 63 
23 18 21 14 13 23 15 23 16 13 13 16 14 23 13 16 21 15 13 14 
65 72 66 67 64 65 70 62 64 64 69 66 64 70 70 68 71 69 65 67 
8 16 14 14 10 18 13 11 13 16 11 17 8 18 11 8 9 16 16 12 
44 45 40 40 45 41 41 45 44 37 42 40 38 40 39 37 38 39 37 40 
45 45 45 47 45 46 46 47 46 46 47 46 46 46 45 46 46 45 46 47 
66 71 70 65 63 63 71 68 63 64 71 63 70 64 63 64 71 62 62 68 
67 67 67 67 68 68 69 67 67 68 67 68 68 67 67 67 68 67 67 68 
53 53 53 51 53 52 55 55 54 55 55 54 51 54 52 54 53 55 55 52 
50 51 52 52 52 49 49 49 48 49 51 52 48 52 50 50 48 50 51 51 
30 33 29 25 30 25 29 28 27 25 32 27 31 28 27 30 25 29 29 31 
32 31 39 36 37 32 35 33 36 32 38 32 36 31 39 33 32 35 34 33 
70 61 67 61 63 69 68 62 62 63 68 69 62 69 71 65 66 68 62 66 
80 81 80 79 80 81 80 80 80 79 79 80 80 80 81 79 80 80 81 79 
46 40 41 37 47 39 38 39 44 41 45 46 44 47 37 47 45 38 38 38 
23 23 24 22 25 25 24 21 23 23 25 22 25 22 24 25 23 22 22 21 
29 24 26 23 25 27 25 24 23 28 23 29 26 25 27 27 25 28 26 24 
72 79 79 75 73 74 75 79 72 78 79 79 74 77 76 72 77 76 79 76 
58 58 58 57 57 57 59 57 58 57 58 59 59 57 59 59 58 58 59 58 
19 15 21 16 18 19 21 18 21 19 15 18 21 17 18 16 21 18 21 15 
26 25 27 27 27 27 25 25 25 27 25 27 25 25 25 26 25 25 27 26 
23 22 18 21 18 17 19 20 25 23 22 20 17 20 24 23 22 18 25 20 
35 33 35 33 29 36 30 32 30 32 28 33 33 34 30 29 29 32 36 32 
79 82 76 73 81 82 74 77 75 81 73 77 77 82 78 80 78 75 83 79 
40 40 41 39 39 40 39 40 40 40 40 39 39 39 39 41 39 40 41 40 
7 8 1 1 2 9 4 6 7 4 2 5 2 10 1 9 8 11 6 4 
35 36 37 34 36 38 36 37 38 35 36 35 38 37 35 36 36 36 35 37 
84 79 82 83 82 79 81 79 85 82 81 83 81 84 81 81 83 83 83 79 
28 32 29 34 31 28 33 30 31 30 32 33 34 29 30 31 34 29 29 32 
14 12 10 11 12 13 13 10 12 14 14 11 12 12 11 13 12 13 11 10 
64 65 65 63 62 59 63 59 62 65 61 64 60 59 59 64 64 63 62 61 
36 35 31 35 36 36 33 30 35 34 35 33 36 36 35 35 36 36 35 36 
78 79 77 79 79 79 79 79 79 77 77 77 79 77 79 77 78 79 77 78 
73 72 71 72 72 72 72 71 72 72 73 71 73 73 72 71 72 72 71 71 
55 53 54 55 55 53 54 54 55 53 55 52 55 56 52 52 53 54 53 52 
75 78 73 75 77 72 74 72 77 75 70 76 70 70 71 71 74 75 78 74 
10 10 9 9 10 10 10 10 9 9 10 9 9 9 11 10 9 11 11 10 
72 74 75 73 72 73 72 73 75 75 75 75 76 74 75 78 76 72 73 73 
84 81 83 80 75 83 75 76 82 78 84 80 84 84 84 76 79 78 84 75 
29 27 30 29 26 29 27 27 28 30 30 30 26 27 30 29 30 26 30 28 
64 64 61 64 62 60 61 64 62 63 60 63 62 61 63 60 60 64 63 60 
64 62 63 64 62 64 63 63 64 62 64 63 64 62 64 63 63 62 62 62 
50 51 50 52 50 52 52 51 50 50 50 51 51 50 51 51 50 50 51 52 
41 40 47 40 47 49 45 42 46 40 42 47 43 45 45 46 43 46 49 48 
47 47 52 54 47 50 50 46 49 52 52 47 52 48 54 53 47 52 48 51 
34 40 40 40 36 34 34 39 39 37 36 39 40 36 34 35 35 39 38 35 
58 57 58 58 56 58 57 57 58 56 56 58 58 56 58 56 58 58 56 57 
82 83 79 83 83 83 85 78 82 79 77 82 80 80 77 84 85 82 85 79 
66 65 65 65 67 66 67 66 67 65 65 65 66 66 65 66 67 67 65 67 
30 29 29 25 24 27 22 25 30 20 28 30 25 25 30 21 29 28 20 24 
8 5 5 2 10 9 10 3 9 8 7 4 3 9 9 4 4 6 2 4 
25 21 21 25 25 24 22 25 24 25 25 24 24 21 25 21 25 22 24 21 
81 80 79 79 79 79 81 79 81 81 81 81 79 79 79 81 80 79 81 80 
58 58 56 58 56 58 57 56 58 56 58 56 56 58 57 56 56 58 56 56 
24 29 25 25 27 27 30 25 27 25 29 24 24 26 28 27 30 29 27 25 
37 37 38 40 40 38 40 38 36 36 36 37 38 36 37 36 40 39 38 37 
61 64 64 62 65 63 64 62 63 64 65 64 63 63 62 62 62 65 64 61 
52 51 51 49 53 56 53 53 53 56 55 53 48 51 50 51 56 51 56 51 
76 80 77 81 79 80 76 78 82 82 80 77 80 82 82 82 76 76 76 80 
72 71 72 73 73 72 73 73 71 71 72 71 71 73 71 71 71 71 71 73 
11 19 11 18 11 18 11 14 11 9 18 19 9 19 19 9 11 10 10 16 
41 45 40 37 43 40 38 44 38 40 45 41 40 38 45 45 38 38 39 38 
33 35 36 35 38 34 35 37 38 38 29 33 34 33 31 32 37 36 28 37 
45 44 44 47 48 43 48 46 44 49 49 43 46 49 48 47 45 46 44 48 
63 58 60 62 58 62 58 60 58 61 58 59 59 58 60 60 63 63 59 59 
5 6 5 5 5 5 5 6 5 6 5 6 6 4 6 5 5 5 6 4 
78 82 78 78 85 82 85 86 80 84 85 86 81 86 86 82 85 79 85 85 
20 19 20 22 18 24 19 22 20 22 19 19 23 24 19 22 23 18 22 22 
27 32 33 33 35 32 33 33 35 27 26 31 35 34 35 32 30 26 32 28 
71 78 69 75 74 69 71 73 68 74 76 75 75 73 76 68 69 72 70 68 
58 54 56 55 59 54 61 59 57 54 60 59 60 54 59 59 54 55 55 61 
64 63 65 61 62 62 61 65 65 63 61 62 61 63 61 65 61 63 65 65 
28 33 33 26 25 27 27 32 33 30 34 30 30 30 27 26 29 25 30 31 
44 41 44 42 44 46 41 43 42 40 44 44 43 40 46 41 45 42 41 41 
48 45 48 43 48 47 44 39 48 41 40 40 47 41 43 43 46 40 45 45 
36 46 40 41 43 43 45 44 44 44 37 37 38 41 37 39 42 42 40 46 
24 20 26 25 26 24 24 26 24 22 23 25 25 20 23 24 20 21 26 21 
5 7 7 8 9 9 8 8 5 7 8 5 6 5 5 7 7 6 5 7 
67 64 69 68 67 63 69 61 67 67 67 66 66 63 69 62 61 65 65 64 
41 39 36 37 40 39 36 41 38 36 40 36 42 35 37 36 40 38 36 35 
79 76 73 74 81 78 79 79 75 76 74 78 75 78 76 73 78 77 78 79 
28 28 28 26 26 26 26 24 25 27 24 24 25 26 24 25 25 26 26 28 
47 54 48 47 49 55 48 52 49 48 47 53 49 51 55 47 50 49 52 50 
30 30 25 24 28 25 23 31 29 27 23 23 25 25 31 23 31 30 30 29 
63 68 62 59 68 61 65 68 58 61 65 66 62 68 63 62 64 68 61 66 
27 28 29 27 27 29 29 28 27 28 27 28 29 29 29 28 29 29 29 28 
72 79 73 78 71 77 74 78 76 73 75 71 80 72 80 73 81 77 81 80 
66 64 64 65 62 65 62 66 66 66 64 63 66 63 62 63 66 66 62 65 
3 4 7 10 2 7 7 7 9 4 4 9 9 10 8 4 8 5 2 8 
70 70 70 66 68 70 70 66 70 67 69 69 66 69 68 69 69 67 69 67 
18 14 10 19 18 16 17 18 9 10 10 15 15 19 18 17 10 16 15 19 
52 51 48 49 53 48 49 53 53 50 52 49 49 53 53 52 53 48 48 52 
34 38 40 35 39 35 33 38 31 39 34 32 34 37 33 31 33 38 36 32 
78 72 75 74 79 77 81 74 73 79 75 77 74 81 75 74 79 73 74 80 
23 21 22 21 22 22 21 23 23 22 22 23 21 23 23 21 21 21 23 21 
26 28 29 30 26 27 27 27 25 28 26 26 30 28 29 26 29 27 25 27 
43 35 34 39 34 39 41 41 38 39 36 35 36 37 42 42 40 38 34 43 
14 14 10 10 9 10 7 15 14 7 15 13 10 7 13 8 8 11 10 13 
70 72 72 70 70 71 72 70 70 70 71 70 70 71 71 71 70 70 72 72 
40 38 38 39 39 38 40 40 39 40 40 40 39 39 40 39 38 39 38 40 
82 82 81 84 81 80 81 78 78 79 82 79 81 80 79 83 84 78 81 78 
15 10 16 16 11 10 16 16 15 9 10 14 14 15 15 10 16 17 9 10 
20 18 21 22 20 20 19 18 19 18 23 23 21 21 24 18 19 24 21 22 
60 60 60 59 58 59 58 58 59 59 58 59 60 60 58 59 60 58 60 59 
37 39 44 39 43 45 42 39 43 37 40 42 43 39 39 45 39 37 39 45 
17 14 16 12 18 12 18 15 15 15 16 18 14 13 17 18 18 18 12 13 
9 9 10 9 9 9 10 9 9 11 10 9 10 10 9 9 10 10 9 10 
40 39 40 36 37 38 44 42 44 38 38 38 40 39 41 44 40 43 43 36 
4 5 4 5 4 8 8 7 7 8 7 8 4 5 7 5 7 4 4 4 
73 72 72 72 72 73 72 72 71 72 73 73 71 71 71 71 73 73 71 71 
47 47 43 49 45 47 43 46 45 46 50 48 48 45 47 43 43 43 47 43 
66 70 62 70 71 67 69 64 66 69 62 65 66 68 71 64 63 72 71 64 
47 49 50 48 47 48 46 47 50 49 47 48 50 46 46 48 50 47 47 49 
66 66 66 66 64 65 64 64 65 66 65 64 65 64 66 64 65 65 64 65 
75 73 73 73 73 71 73 74 73 73 75 71 75 72 71 71 73 75 74 72 
24 23 23 21 22 21 24 24 22 22 22 23 22 21 21 23 24 22 22 20 
11 10 9 9 9 9 10 11 11 11 11 10 11 9 11 9 11 11 10 9 
33 34 35 36 38 36 38 35 36 34 33 34 36 39 34 34 38 36 39 35 
37 33 37 36 34 35 41 35 36 41 33 39 35 37 39 40 41 37 35 38 
35 27 27 29 30 29 28 26 27 32 30 28 32 29 29 31 32 30 31 29 
80 80 79 79 79 80 81 81 79 81 81 81 79 79 81 79 80 79 81 81 
54 56 58 57 56 57 55 59 60 60 60 60 56 59 54 57 56 60 55 59 
57 56 57 57 54 56 56 54 57 55 58 57 55 54 54 57 58 57 57 55 
9 7 8 8 10 9 8 11 11 11 11 9 7 7 8 10 8 7 7 7 
29 33 30 32 29 29 33 29 30 29 33 32 29 31 29 33 29 29 30 31 
63 60 65 61 60 64 65 63 65 62 62 63 64 62 65 60 62 64 61 64 
64 58 62 62 64 58 61 63 60 66 62 65 62 63 57 65 65 66 64 65 
36 30 31 30 30 31 31 35 36 35 34 29 32 36 30 33 35 28 34 31 
54 55 51 53 53 52 51 54 54 52 54 50 49 50 50 53 52 50 55 54 
63 57 63 60 62 55 60 62 60 56 55 59 59 60 58 56 56 56 56 60 
53 54 54 55 55 53 53 54 54 53 54 55 53 55 53 55 55 53 53 55 
37 39 35 40 37 32 33 39 37 36 32 37 39 39 36 40 34 36 35 36 
48 48 44 48 47 46 44 47 46 47 46 44 46 48 46 46 47 45 46 44 
73 73 72 72 72 74 73 74 74 72 72 74 72 73 72 72 72 74 73 72 
80 80 82 80 82 81 81 81 81 81 80 82 80 80 82 81 81 80 81 82 
75 75 73 73 74 75 73 74 75 73 74 74 75 75 74 73 75 74 74 73 
19 16 17 13 15 17 16 15 16 18 17 19 13 17 16 17 16 14 17 16 
10 11 12 11 11 10 12 12 10 10 12 12 11 10 12 10 11 11 11 11 
11 4 3 9 10 6 5 7 10 11 12 3 3 5 12 9 4 8 4 12 
34 30 30 31 33 31 28 31 31 31 33 34 33 31 34 33 34 32 32 31 
11 13 11 12 12 13 13 11 13 11 13 13 11 11 12 13 13 13 12 12 
62 61 62 62 59 58 61 62 58 62 57 59 58 59 60 57 61 60 56 56 
31 32 31 29 28 29 30 31 28 31 31 31 28 31 30 29 31 32 31 30 
8 10 8 12 9 11 8 6 10 6 9 12 12 10 8 11 8 12 7 8 
55 56 55 54 55 54 56 55 54 55 56 56 54 55 54 56 56 54 55 54 
1 1 9 6 2 9 1 9 5 8 9 5 2 4 9 7 1 3 6 9 
15 14 14 19 15 19 17 18 19 13 14 16 16 17 16 16 18 15 14 13 
63 63 61 65 65 64 61 63 61 63 63 63 63 62 61 61 61 61 63 62 
41 43 45 43 43 44 42 39 39 45 40 45 40 41 45 40 39 45 39 41 
51 50 49 50 51 49 49 50 50 50 49 49 51 49 51 49 51 50 51 50 
61 64 63 63 64 65 63 63 64 61 63 61 63 63 62 65 62 64 63 61 
67 65 63 68 64 65 62 68 63 64 67 64 66 65 67 67 62 62 64 62 
38 41 40 40 40 41 39 39 40 38 38 37 41 37 40 37 37 38 38 41 
26 23 26 28 25 28 25 25 22 26 25 21 26 24 23 26 21 22 27 26 
36 36 40 36 40 38 40 40 42 36 38 39 41 40 36 39 39 36 42 42 
4 12 5 5 8 4 10 8 6 4 12 4 10 11 6 5 11 7 4 8 
46 46 46 46 47 46 46 46 46 46 48 48 47 46 48 47 46 48 47 47 
37 43 43 43 43 39 35 41 41 38 39 38 41 38 43 40 38 41 35 41 
60 57 59 59 59 59 56 60 59 60 60 57 58 58 59 59 57 60 56 57 
29 33 35 36 30 28 28 32 36 36 34 34 36 29 28 32 28 36 36 31 
41 36 43 36 40 35 40 42 42 40 37 36 36 41 35 39 36 43 43 37 
77 75 76 77 76 75 77 77 74 73 77 73 74 74 73 77 74 75 77 77 
5 6 12 12 8 12 9 8 8 12 5 10 5 6 4 5 6 11 12 9 
51 53 53 51 48 46 46 47 50 48 48 50 50 50 49 47 45 47 50 46 
66 66 68 67 68 67 66 68 66 68 67 64 66 64 64 68 66 67 68 65 
60 58 56 58 60 58 60 56 57 57 56 60 57 58 60 60 60 58 59 57 
76 74 74 73 76 74 73 75 73 75 76 76 75 74 76 73 77 73 75 75 
21 22 22 19 24 18 24 18 21 25 25 20 18 20 20 20 22 23 18 18 
14 10 8 9 5 7 14 8 15 5 12 8 8 12 5 7 5 15 10 12 
63 60 64 65 66 60 63 61 65 62 63 62 66 66 66 61 63 63 64 63 
24 27 26 26 27 28 30 30 25 26 28 30 24 28 28 30 30 27 30 30 
3 4 6 3 6 3 5 5 6 4 7 7 7 7 3 6 3 5 6 5 
47 48 48 54 49 53 47 47 50 47 52 54 47 53 51 55 50 48 55 55 
36 36 38 38 37 36 37 36 36 37 36 37 36 38 36 36 38 36 36 37 
50 49 54 59 56 56 49 58 50 49 52 53 54 49 49 58 51 59 51 49 
10 10 8 17 18 14 8 17 16 16 16 14 16 14 10 9 11 14 10 10 
79 77 81 75 76 77 75 78 80 76 78 76 79 79 76 76 77 81 79 81 