20 23 21 22 22 24 20 21 20 24 20 21 24 22 22 20 24 20 20 24 
91 89 85 84 89 86 88 88 85 86 85 86 90 89 84 90 91 83 90 90 
50 50 44 52 43 49 49 45 47 53 53 50 43 52 47 44 53 50 51 46 
21 21 20 20 20 22 22 21 21 22 20 20 22 22 21 21 22 22 20 22 
8 8 5 4 4 9 9 7 4 6 9 8 8 9 3 6 6 8 9 8 
91 89 88 88 89 85 88 87 85 86 88 86 87 88 88 85 91 89 86 91 
16 17 16 16 16 16 17 16 18 18 18 16 18 17 17 17 17 18 16 17 
37 33 36 33 30 27 28 37 28 31 27 36 37 35 35 32 32 27 35 34 
89 89 88 91 91 87 88 89 88 91 88 88 88 87 90 88 87 89 91 89 
69 63 72 67 68 62 71 63 62 62 72 71 66 64 66 68 68 68 70 67 
42 45 42 49 47 44 47 42 49 48 41 43 47 48 50 40 44 44 49 50 
68 71 72 68 73 68 73 72 71 71 72 71 71 72 68 70 68 69 73 70 
56 57 58 55 59 58 55 59 58 59 59 58 57 57 56 56 57 55 56 57 
31 31 27 29 27 34 35 35 28 30 28 29 34 31 30 34 28 30 31 34 
74 70 67 69 77 68 70 77 69 75 68 71 67 70 72 71 67 68 69 67 
67 68 67 68 61 64 65 63 69 61 65 65 66 67 69 62 67 61 68 64 
69 74 75 70 70 77 74 74 77 70 68 67 70 77 76 67 71 74 68 77 
88 87 88 89 89 94 92 89 94 89 91 94 95 92 92 94 92 91 94 92 
67 71 71 71 68 70 71 68 67 71 71 66 71 71 68 68 69 70 66 72 
92 89 93 96 97 94 98 98 89 98 90 88 95 90 94 89 97 91 93 91 
12 15 15 16 10 13 12 12 10 13 9 13 17 15 12 11 10 11 14 13 
63 55 61 58 56 60 61 53 53 59 57 53 57 55 63 61 56 54 53 55 
43 38 38 43 39 38 40 38 38 41 41 41 37 41 39 42 43 38 40 40 
30 32 32 30 30 30 32 31 30 32 31 30 31 31 32 31 31 31 30 32 
79 85 77 77 83 86 79 78 87 79 79 85 78 81 79 80 84 77 83 78 
14 12 20 18 18 16 18 13 18 16 13 13 13 12 18 15 13 19 18 20 
31 32 31 31 30 32 31 32 31 30 30 32 32 32 32 32 30 30 32 32 
8 13 10 13 8 8 13 5 10 10 11 5 13 10 5 7 10 7 6 11 
9 14 9 13 10 16 14 14 9 16 10 16 11 18 13 16 19 11 10 14 
89 87 87 90 87 89 90 87 87 90 90 86 88 89 90 88 87 87 87 88 
82 81 83 83 83 82 83 81 83 81 82 82 82 82 83 81 82 83 81 81 
13 15 15 14 15 13 13 15 13 14 13 14 15 15 15 14 13 13 15 13 
21 19 21 18 21 20 19 22 19 18 18 18 18 22 18 19 18 18 21 22 
81 81 82 80 82 80 82 81 81 80 81 82 80 80 82 81 81 82 80 82 
83 81 83 83 83 83 82 81 82 81 81 81 83 82 83 81 83 82 82 83 
37 32 35 37 33 34 34 36 33 32 32 37 37 37 31 31 35 34 32 36 
72 73 72 70 73 73 74 70 72 73 70 72 73 74 73 74 70 73 73 73 
74 69 66 70 68 73 66 71 73 70 67 72 74 73 72 73 66 73 70 68 
48 54 49 48 54 49 52 55 56 52 51 55 52 50 50 55 51 49 56 52 
75 79 75 77 77 78 77 75 76 75 75 78 77 76 78 77 78 77 77 77 
90 94 93 95 92 93 91 94 90 93 92 93 95 94 93 93 93 94 94 93 
68 66 70 70 70 69 69 66 69 70 68 67 67 67 70 70 69 69 66 68 
45 43 47 50 48 43 49 47 47 51 48 46 48 47 43 53 46 45 48 43 
87 84 87 85 86 84 84 87 83 87 85 85 84 85 85 85 83 87 86 85 
87 87 85 85 88 83 84 82 83 87 82 85 88 85 83 84 83 86 87 84 
9 13 12 11 10 9 10 13 10 13 9 12 10 9 13 12 13 12 9 11 
48 47 52 50 50 48 49 51 51 47 51 47 46 46 49 48 48 46 50 52 
47 41 38 47 43 37 47 38 46 41 41 42 37 41 40 44 45 38 45 37 
12 13 12 12 14 12 14 12 13 13 12 12 14 13 12 13 14 14 12 12 
24 26 26 23 24 23 26 27 27 27 27 24 21 21 25 22 24 27 22 26 
32 34 34 33 34 32 34 31 30 33 30 34 31 32 32 32 30 33 33 33 
74 76 76 75 74 76 76 76 75 74 74 74 76 74 75 74 75 76 74 74 
56 55 56 55 56 55 60 61 57 56 59 59 58 60 60 58 56 59 59 57 
56 57 57 56 54 59 55 61 59 60 56 58 59 54 56 62 61 55 55 55 
44 43 41 45 42 43 43 41 42 43 44 42 45 44 44 45 41 45 42 43 
61 63 64 66 63 64 65 61 60 64 62 60 64 64 66 63 65 66 65 59 
65 63 65 65 63 65 65 65 63 65 64 63 65 63 65 63 64 65 64 65 
48 48 40 43 46 47 42 47 45 40 43 43 46 47 41 47 44 42 47 41 
41 40 39 40 41 40 41 39 41 39 39 39 40 41 41 39 40 40 40 40 
93 92 94 93 92 92 93 94 92 94 92 93 93 94 94 93 92 93 94 94 
31 28 34 31 33 33 33 34 30 34 34 28 28 32 32 33 28 34 29 30 
87 87 86 87 86 87 87 88 87 88 87 86 88 86 88 88 86 86 88 88 
85 82 88 84 87 81 83 80 87 80 81 88 88 85 85 83 80 87 81 82 
70 72 72 72 72 72 71 70 71 71 70 71 72 71 70 70 70 71 70 71 
44 46 46 45 47 46 43 47 47 45 45 46 45 43 47 45 44 45 47 46 
23 22 23 22 23 21 23 23 22 21 21 21 23 22 21 23 22 21 23 21 
41 47 44 48 40 47 45 46 48 42 48 41 45 41 47 46 46 44 41 46 
34 35 35 34 36 34 37 38 37 34 36 36 34 37 36 34 34 35 35 38 
14 10 9 14 12 14 10 11 15 10 11 9 12 9 15 13 9 15 11 13 
49 57 48 52 52 52 51 52 54 54 54 54 55 51 52 56 47 57 49 57 
40 40 38 39 40 39 39 38 38 38 39 39 38 38 40 39 38 40 40 39 
78 77 80 77 80 81 77 76 81 79 77 78 75 79 76 77 78 76 78 77 
62 61 64 64 64 62 64 62 63 64 63 62 61 61 61 64 62 62 61 61 
42 39 41 42 41 39 42 38 40 39 42 40 41 41 41 42 42 39 42 40 
8 7 3 5 4 9 6 4 7 5 6 9 8 6 9 4 8 6 4 3 
88 92 89 88 92 92 87 88 92 93 95 87 85 89 94 87 85 92 85 86 
87 95 89 97 89 91 97 95 94 93 92 95 94 92 90 87 96 92 97 96 
21 22 23 22 23 22 22 21 21 21 23 21 21 22 23 23 21 22 23 21 
52 59 57 51 53 56 56 57 58 52 53 59 55 58 52 55 57 53 57 53 
75 76 72 76 73 72 74 73 73 73 73 72 73 76 73 73 73 72 75 73 
34 32 34 33 34 32 32 32 32 33 32 34 32 32 33 32 34 34 34 32 
71 72 78 72 75 76 71 68 73 71 77 72 77 70 77 69 76 74 72 69 
48 45 44 45 48 47 48 45 45 44 45 44 47 46 44 47 47 44 46 44 
48 54 52 51 47 54 50 47 50 46 52 50 53 47 51 49 50 46 53 54 
90 82 80 88 80 83 87 90 88 89 83 89 80 84 88 81 84 85 80 86 
68 65 68 65 70 68 67 70 67 69 69 65 68 66 69 66 65 64 66 70 
68 64 61 62 67 68 62 60 66 61 60 64 59 64 60 67 62 67 60 59 
39 35 41 36 39 41 41 36 39 37 41 41 41 41 40 38 36 40 39 35 
90 90 88 86 88 89 85 90 91 89 89 87 88 89 87 86 88 86 90 90 
84 87 88 84 86 85 88 86 84 88 88 86 88 84 88 85 87 85 87 86 
92 91 93 92 92 94 94 92 90 91 94 90 92 91 90 92 90 92 92 92 
41 41 42 42 41 42 41 40 39 43 42 39 43 41 40 39 40 39 40 41 
66 63 66 66 66 66 66 67 64 65 65 64 64 65 67 67 63 66 66 64 
82 82 84 79 80 86 82 81 81 86 79 84 85 81 79 83 81 85 81 81 
77 77 76 78 77 77 77 77 78 76 76 77 77 76 76 77 76 77 78 76 
59 59 54 60 57 54 57 58 55 57 56 60 60 57 59 56 60 53 55 57 
30 28 29 28 31 32 28 29 30 28 29 29 32 31 29 31 32 30 31 29 
68 72 73 69 68 69 71 68 70 69 73 73 69 68 70 71 70 70 73 70 
25 23 24 23 24 23 24 27 27 25 26 23 27 23 23 26 23 25 27 25 
71 70 70 71 72 72 70 71 72 70 70 72 70 71 71 70 72 72 71 72 
83 87 85 86 86 84 86 85 84 85 87 85 86 86 86 86 85 83 87 86 
73 75 74 73 75 73 75 73 75 75 73 75 73 75 75 74 75 75 75 75 
57 54 56 55 55 56 57 56 56 53 56 54 54 54 57 53 53 55 53 55 
49 48 52 49 48 49 51 52 50 52 48 51 50 51 48 51 51 48 51 52 
29 33 32 32 30 29 29 31 32 32 32 30 32 30 33 30 32 29 33 32 
12 13 10 10 8 8 11 16 8 10 13 11 9 9 8 13 12 13 8 14 
93 89 93 93 89 93 89 91 91 92 93 89 92 92 91 93 93 89 93 93 
63 62 58 58 56 62 62 61 57 59 54 55 55 57 58 63 57 57 61 58 
6 9 7 8 7 4 7 11 9 5 3 6 7 10 11 3 8 6 6 5 
30 29 29 30 29 31 31 30 29 31 30 30 30 31 31 31 29 29 29 29 
70 71 70 68 70 71 67 69 71 67 67 71 68 69 70 71 68 71 70 71 
43 43 47 45 44 44 46 47 44 44 45 44 43 43 46 43 45 47 44 43 
49 55 51 52 51 51 53 55 52 53 55 50 52 52 50 50 49 52 50 55 
38 36 33 38 34 38 34 35 35 37 35 39 34 35 40 37 39 33 38 38 
13 11 13 7 7 14 6 7 6 8 14 8 9 6 6 12 11 10 13 8 
70 71 70 70 72 68 69 73 66 74 66 72 66 73 74 66 74 69 69 72 
47 47 49 39 47 40 47 46 42 45 43 49 44 43 46 43 46 44 47 41 
34 34 34 35 37 37 34 36 35 37 33 37 36 35 34 36 33 33 34 33 
77 75 67 76 67 71 70 73 74 76 71 68 72 76 75 74 77 76 67 72 
62 62 54 56 63 57 54 59 58 56 56 61 53 54 60 58 55 60 53 62 
17 16 17 17 14 13 16 16 15 16 16 14 16 18 16 15 17 17 13 12 
13 11 12 12 10 10 9 9 10 12 10 12 12 13 12 9 13 12 10 13 
30 28 29 30 28 29 35 28 32 33 31 27 31 28 29 29 34 28 33 35 
40 43 43 39 40 43 41 43 40 42 39 39 41 42 39 41 42 41 42 39 
61 63 62 64 65 62 66 61 66 61 61 64 61 66 64 65 67 66 61 65 
84 83 82 84 83 85 82 82 83 81 82 81 84 83 84 83 83 85 81 81 
44 40 41 43 43 41 42 40 41 41 44 43 43 41 44 44 44 42 44 42 
72 74 72 72 74 73 73 72 74 72 74 74 73 74 72 72 74 74 74 73 
46 43 40 46 41 40 41 45 42 44 46 42 43 45 44 41 44 44 40 41 
54 53 50 51 53 54 53 54 51 54 53 52 50 51 51 54 54 52 54 51 
50 51 48 48 53 51 52 48 48 49 50 48 50 51 50 53 49 49 51 53 
34 34 35 31 37 31 33 37 35 36 35 36 37 32 35 33 34 35 31 34 
83 82 80 80 80 84 83 81 81 80 85 81 84 82 83 84 84 84 84 79 
26 21 30 25 20 25 24 29 30 21 24 25 23 24 29 20 23 21 23 26 
41 41 40 41 43 40 39 43 39 43 39 42 41 42 43 40 39 43 40 43 
84 82 88 84 87 87 88 88 87 87 87 82 83 88 86 83 86 88 87 82 
35 36 36 34 36 36 36 36 36 36 34 35 34 34 34 35 34 36 34 34 
14 15 13 15 13 14 15 15 15 14 15 14 15 15 14 14 14 14 14 15 
28 30 29 28 30 28 28 30 29 28 28 30 30 30 29 28 28 28 30 29 
60 53 56 54 57 60 53 53 58 57 55 54 53 60 56 54 58 54 53 57 
64 65 66 62 71 63 72 71 64 64 64 65 69 72 67 71 67 68 63 70 
2 5 9 3 9 9 10 5 2 2 2 9 4 3 4 2 10 7 2 7 
48 48 48 54 54 54 48 53 51 46 54 48 51 46 48 51 47 54 51 51 
47 47 48 49 45 45 45 48 48 46 46 46 48 47 48 45 47 45 48 45 
18 20 18 20 18 18 19 19 19 20 19 18 19 20 20 19 20 20 19 20 
29 28 31 30 29 30 30 27 28 27 31 28 31 27 27 29 31 30 31 28 
83 80 83 80 80 81 82 83 79 79 79 80 83 82 82 83 79 80 81 83 
54 53 57 56 61 57 58 56 54 61 59 57 56 56 58 53 60 60 59 59 
7 6 8 7 8 7 8 7 7 8 6 8 7 8 6 8 6 8 7 7 
42 41 40 42 42 40 41 42 40 41 42 40 41 42 41 40 42 42 40 40 
21 19 20 21 22 20 21 18 19 18 21 20 19 22 21 21 22 22 20 20 
56 53 51 57 51 53 55 56 53 56 57 52 51 54 52 55 57 56 57 53 
27 27 25 24 29 29 24 25 25 26 28 28 26 29 23 24 29 28 28 27 
88 90 85 85 91 87 92 92 90 92 89 92 90 88 89 84 91 86 85 92 
49 46 46 44 47 50 45 45 49 46 47 49 46 48 46 48 46 47 49 47 
76 78 81 83 83 82 81 82 83 79 78 81 79 80 82 78 77 78 82 80 
33 34 32 31 34 32 31 33 35 31 33 31 34 32 35 32 33 31 34 32 
69 65 68 70 64 65 69 69 70 68 66 71 65 68 64 70 64 66 71 72 
34 31 32 31 34 34 31 33 32 36 32 33 32 34 32 35 32 35 33 32 
82 83 83 81 83 82 83 83 83 81 81 81 83 81 82 82 81 81 83 82 
30 35 33 33 30 34 34 33 32 34 36 35 34 35 35 32 32 32 32 31 
71 74 66 66 69 73 71 74 74 66 71 73 67 67 72 66 71 67 67 66 
34 33 33 31 32 26 28 30 33 29 26 26 24 27 31 27 34 25 27 26 
55 59 59 54 56 54 60 57 59 55 58 54 58 56 59 58 58 60 58 57 
40 42 41 42 41 42 41 40 40 40 41 41 41 42 41 41 42 40 41 41 
18 15 13 13 12 17 14 17 11 14 16 12 10 10 12 16 12 17 13 16 
14 11 10 13 13 16 14 16 13 13 12 13 11 10 12 17 12 14 10 17 
29 30 28 28 29 28 28 29 30 28 30 30 30 29 30 29 29 30 30 28 
83 73 83 83 79 76 73 83 82 78 82 80 77 81 76 79 77 74 73 78 
90 91 90 91 88 87 86 88 88 90 92 90 90 91 88 86 90 92 88 89 
45 45 44 48 52 45 52 47 52 47 48 50 44 46 51 52 52 48 44 46 
74 66 67 71 74 73 68 67 68 73 72 68 73 68 70 72 72 71 68 71 
57 56 53 56 55 59 58 54 54 59 58 55 55 54 54 53 59 55 59 54 
18 16 11 11 16 14 15 14 18 16 18 16 12 15 17 16 16 16 13 19 
37 38 41 41 44 40 45 41 41 44 46 44 40 41 43 46 43 40 45 40 
78 77 78 76 78 76 76 77 78 77 78 77 76 78 78 76 77 76 78 77 
12 9 16 13 17 10 12 12 10 11 11 10 13 15 12 9 13 10 12 17 
84 81 81 85 85 85 84 82 84 85 81 83 83 81 83 84 84 84 82 84 
42 41 41 42 40 42 40 42 40 40 42 42 42 40 42 41 41 41 40 41 
88 87 88 87 87 88 86 87 88 87 88 87 88 87 88 86 87 86 88 86 
15 15 15 13 15 15 12 15 14 13 11 14 14 11 14 15 15 11 11 13 
27 32 24 26 29 26 26 32 26 32 31 33 31 24 28 29 27 31 28 30 
5 6 4 9 8 6 7 8 8 8 10 4 9 4 4 7 5 8 4 7 
91 90 90 87 86 87 86 86 86 86 87 87 91 90 86 90 86 91 90 87 
85 83 83 85 85 84 84 83 84 84 84 84 83 84 83 83 85 83 85 84 
24 26 28 25 26 27 26 24 25 27 28 26 27 24 27 24 26 25 28 27 
38 38 36 37 37 36 38 37 36 38 38 38 38 36 38 36 37 38 38 37 
81 80 78 83 83 82 78 84 79 78 83 78 82 78 84 80 82 79 80 78 
49 47 48 47 49 53 48 53 49 45 45 54 47 53 51 48 52 50 54 45 
22 25 19 25 27 19 19 19 22 27 26 20 25 25 19 22 19 19 24 20 
70 64 64 68 70 70 60 63 61 69 61 68 68 62 60 60 66 60 69 66 
80 80 80 80 80 81 80 80 81 82 80 81 81 81 82 80 80 80 82 81 
11 11 12 12 12 12 11 12 12 10 12 11 10 12 10 10 11 11 12 10 
54 51 56 56 50 51 58 58 57 50 52 51 55 56 51 51 56 54 52 58 
54 58 54 62 56 59 60 59 62 62 56 56 57 57 55 59 62 56 57 56 
14 16 15 15 13 13 12 13 15 12 16 15 12 12 15 12 15 16 13 13 
73 74 74 72 74 72 74 73 73 72 72 73 73 73 72 74 73 72 73 74 
28 27 27 28 29 29 29 29 27 27 28 27 29 28 28 29 28 29 28 28 
47 42 39 46 41 47 46 46 42 43 44 46 47 44 44 47 44 44 47 39 
86 81 85 84 80 80 83 83 82 80 83 82 85 80 86 83 85 86 81 85 