67 85 13 78 8 30 52 44 85 41 35 45 54 84 30 59 74 15 45 84 
68 85 15 79 11 33 52 46 85 47 34 52 54 85 35 61 74 17 47 85 
67 83 15 80 12 31 54 44 86 44 34 48 56 84 34 63 75 18 48 87 
68 85 12 79 7 29 52 44 84 43 36 48 54 85 31 62 71 17 45 82 
66 83 10 76 6 26 52 46 84 39 35 46 53 83 30 59 71 13 43 79 
68 85 11 78 8 28 53 44 86 42 35 48 56 85 29 59 71 16 44 81 
68 85 14 77 13 32 54 46 86 44 36 49 55 86 35 60 76 16 51 85 
66 83 10 77 5 30 52 44 84 41 36 45 53 83 27 61 71 15 47 80 
68 85 16 79 11 36 54 46 86 46 34 52 55 85 32 63 76 16 47 88 
67 85 17 80 12 36 52 46 84 44 36 52 57 86 32 63 78 19 50 86 
68 84 14 78 12 33 52 44 84 45 35 51 57 86 32 60 73 17 48 84 
68 84 18 79 11 33 54 46 86 47 36 51 56 83 35 63 75 19 50 86 
68 84 16 78 10 32 52 46 84 47 36 49 57 84 35 63 76 19 50 88 
66 84 16 78 12 30 53 46 84 45 36 47 56 86 31 61 77 19 50 83 
68 85 18 78 14 34 52 46 85 47 36 52 57 86 35 63 78 19 51 88 
66 83 11 76 6 27 52 45 86 42 34 48 54 82 29 62 74 16 47 80 
68 85 12 76 6 27 54 44 86 41 36 48 56 84 31 62 71 17 45 83 
66 83 10 77 8 30 54 46 86 42 36 47 55 82 30 60 75 17 47 83 
68 85 8 78 4 27 52 44 86 42 36 44 53 82 29 59 71 13 43 80 
66 85 15 80 14 34 52 46 86 44 34 52 57 86 33 61 78 19 51 86 
68 84 13 77 9 32 53 45 86 43 34 48 54 83 33 60 77 19 50 84 
66 85 11 76 10 30 52 44 84 44 34 49 57 86 30 60 72 16 47 82 
68 85 18 78 12 34 52 46 86 46 36 51 55 86 35 63 77 18 51 87 
68 83 10 77 9 27 53 45 85 40 34 48 56 83 28 61 71 14 45 80 
66 85 14 80 13 34 53 46 84 43 34 52 56 83 35 60 75 19 51 87 
68 83 16 80 9 31 53 46 84 45 36 51 54 86 32 60 74 19 47 88 
68 85 15 79 10 30 52 46 85 45 34 48 56 82 33 61 74 16 46 82 
66 83 8 76 6 28 52 44 85 39 34 44 53 82 28 60 71 13 43 80 
68 85 15 80 13 35 54 45 86 47 36 52 57 86 33 63 77 19 51 88 
67 85 15 80 12 33 54 46 85 47 34 52 56 86 35 63 77 17 48 88 
68 84 8 76 5 29 54 44 86 39 34 44 54 82 29 59 70 13 43 79 
68 83 16 79 12 32 54 46 84 42 36 48 55 85 32 61 75 18 48 84 
66 83 11 76 4 26 52 44 84 40 36 44 53 82 29 59 71 13 44 81 
68 83 10 76 4 26 52 44 86 40 34 44 55 84 27 59 70 13 43 79 
68 83 18 80 13 35 54 46 86 45 36 51 55 86 35 63 78 19 51 88 
66 84 14 78 11 30 53 44 86 44 34 46 53 85 29 62 76 16 48 82 
68 84 15 79 13 34 53 46 84 46 34 47 54 84 34 63 74 15 50 87 
68 83 16 78 9 32 54 45 85 43 36 50 57 84 34 62 78 16 48 85 
66 83 8 76 4 26 54 46 86 39 36 46 53 82 28 60 70 13 43 79 
66 83 12 79 6 28 53 46 86 40 34 45 53 85 28 59 71 14 46 81 
68 83 12 77 5 28 54 45 84 44 34 48 56 82 28 59 74 14 46 81 
66 83 14 78 7 29 53 44 85 42 36 48 56 84 32 61 74 15 48 85 
66 83 10 76 6 28 54 46 84 39 34 46 53 83 27 61 70 15 43 79 
68 83 8 76 5 27 52 45 84 41 34 44 53 82 29 59 70 15 46 82 
67 85 16 79 12 33 52 45 84 44 36 52 56 86 34 63 78 19 50 86 
68 85 14 78 10 34 54 44 84 46 34 48 57 85 31 61 75 18 47 85 
68 83 16 80 9 35 52 46 85 46 35 48 57 86 35 61 76 15 47 86 
68 85 17 80 12 35 52 46 84 45 36 52 57 85 35 63 78 18 50 88 
68 83 15 80 11 32 54 45 85 46 35 49 57 86 35 61 75 16 49 87 
66 83 9 76 5 31 52 46 86 41 36 46 55 84 30 60 70 15 43 82 
68 85 13 76 6 30 53 45 85 44 34 48 54 84 30 59 73 15 48 83 
67 84 13 76 6 28 52 44 84 41 36 46 54 82 28 59 72 17 46 82 
68 85 11 76 10 31 52 46 84 44 36 46 53 84 29 63 73 14 49 83 
68 83 9 76 5 27 53 46 84 42 34 47 53 82 27 59 73 13 45 81 
68 85 11 79 8 30 52 45 84 41 36 47 55 84 32 61 76 17 48 82 
66 84 10 76 7 28 52 44 85 39 34 45 53 84 28 59 70 16 45 80 
66 85 10 77 7 28 52 46 86 42 34 44 53 82 27 59 73 14 47 80 
66 85 15 79 7 32 54 44 86 42 34 48 57 83 33 61 74 14 45 82 
66 84 14 80 13 32 54 44 85 47 34 51 54 85 32 61 74 17 51 85 
67 84 9 77 4 26 52 44 85 39 34 44 53 84 27 59 70 13 45 79 
66 83 9 76 7 29 54 44 86 42 34 46 56 82 29 60 70 16 44 82 
67 85 15 78 9 35 54 45 85 44 35 50 57 86 34 62 77 18 50 88 
68 85 13 80 10 33 54 46 85 44 34 47 54 84 31 62 74 18 49 87 
68 85 16 80 12 36 53 46 85 44 35 52 57 86 34 63 78 16 49 88 
66 83 11 76 9 29 52 45 86 41 36 46 53 82 29 59 70 16 47 83 
67 84 8 77 4 27 52 44 84 39 34 44 53 84 27 60 70 13 43 80 
66 83 11 77 5 26 52 44 84 41 34 48 53 82 30 59 70 16 47 82 
68 83 10 77 7 28 54 46 85 40 34 49 54 82 31 59 72 15 44 83 
67 85 17 80 14 36 54 44 86 44 34 52 55 86 35 62 76 19 51 89 
67 83 9 78 5 28 52 46 86 39 34 44 55 83 29 59 70 14 43 79 
67 83 9 77 5 26 52 46 85 42 34 46 56 85 31 60 73 13 43 81 
66 83 10 77 4 27 54 44 84 39 34 44 55 82 28 60 70 13 43 79 
68 85 18 80 14 36 54 46 86 46 36 48 54 83 34 62 78 17 48 88 
66 84 12 78 10 32 54 46 84 44 35 51 55 82 33 59 76 17 50 85 
67 85 16 80 13 36 54 46 86 45 36 49 56 86 31 61 77 19 50 85 
66 83 8 78 4 28 52 44 86 39 35 47 55 82 27 59 71 14 44 80 
68 83 16 80 14 33 52 46 85 47 36 52 57 85 34 61 78 16 50 86 
67 84 8 78 7 28 52 44 85 39 34 44 55 82 27 61 72 13 46 79 
66 85 15 77 13 36 52 46 85 45 35 52 55 83 32 63 75 17 49 87 
68 83 11 78 6 28 54 44 84 42 36 47 55 85 31 60 72 15 47 83 
66 84 17 80 13 34 53 46 85 47 36 52 55 85 34 62 78 19 51 87 
67 85 8 78 4 26 52 44 84 39 34 45 56 84 29 59 73 15 46 81 
66 83 14 79 12 31 54 46 85 45 36 47 57 84 34 63 77 16 47 85 
66 85 12 76 10 29 52 46 86 41 34 49 53 82 29 61 72 17 47 84 
68 84 14 77 12 32 54 45 84 43 35 48 54 83 32 60 77 18 47 89 
66 85 12 76 11 29 52 45 86 41 35 48 54 86 29 62 72 18 47 84 
66 83 15 76 9 31 53 44 84 44 36 50 57 85 31 63 76 17 47 86 
68 85 17 78 10 35 54 46 84 44 36 48 57 84 31 62 77 17 47 87 
66 83 10 76 4 28 52 44 84 39 34 47 53 82 27 59 71 13 45 81 
66 83 10 78 6 29 54 46 86 40 35 47 55 85 29 61 74 15 43 83 
66 83 10 79 6 28 54 45 84 41 35 45 56 82 31 61 74 15 47 80 
66 85 17 78 10 34 53 46 86 44 36 51 56 86 34 61 75 19 48 88 
67 83 12 78 7 30 54 46 85 43 34 45 54 85 28 59 70 13 45 81 
68 84 14 80 6 31 52 46 85 41 35 45 56 82 28 63 75 14 44 82 
68 83 14 76 8 32 52 46 84 44 34 46 56 86 29 62 75 15 49 82 
66 83 12 79 9 30 53 44 86 43 34 48 55 84 27 59 72 16 44 80 
67 85 11 77 9 29 52 44 85 43 36 45 53 85 30 61 75 16 47 82 
68 83 11 76 6 27 52 45 86 40 35 44 53 83 30 59 70 13 43 81 
66 83 11 79 6 31 54 44 86 43 34 48 53 84 31 61 75 13 48 80 
66 83 10 77 4 27 52 44 86 39 35 44 53 82 29 60 72 14 44 81 