50 66 64 54 66 50 53 55 53 57 58 60 61 53 51 58 48 54 56 61 
49 65 66 51 67 53 51 54 53 58 62 58 60 56 51 59 53 57 57 64 
49 62 64 50 67 50 51 50 52 57 56 55 61 52 51 54 48 54 55 59 
51 67 65 51 66 54 52 58 52 57 60 60 59 53 53 59 52 60 59 64 
50 64 65 50 66 48 52 54 52 57 55 56 60 53 51 54 48 54 54 62 
49 67 67 54 66 53 52 55 53 59 59 60 61 52 53 61 51 57 62 61 
49 70 66 54 67 56 53 57 53 59 63 60 61 53 53 60 53 58 61 63 
49 60 64 51 67 48 51 50 51 57 54 54 59 51 52 53 48 54 54 59 
51 62 64 50 65 50 51 51 52 57 58 55 61 53 51 53 48 57 54 60 
51 66 67 52 69 52 53 55 51 59 61 58 61 56 51 57 53 58 61 61 
51 63 64 50 65 48 51 53 51 57 54 56 59 51 51 55 49 55 56 59 
51 69 66 53 69 54 53 60 53 59 64 64 60 53 53 63 53 60 62 63 
50 66 66 54 67 52 51 59 51 59 61 62 60 53 51 58 51 57 58 63 
51 69 65 54 69 54 52 59 53 59 62 64 61 53 51 63 53 60 59 64 
50 62 67 50 67 50 51 53 52 58 55 55 60 52 51 57 49 57 55 62 
49 63 65 51 68 53 53 53 51 58 56 60 61 53 53 58 49 57 59 63 
50 63 67 50 67 49 53 55 53 59 59 59 61 51 51 56 49 58 56 63 
51 70 68 53 69 56 51 60 53 59 64 62 61 56 51 60 53 60 63 63 
51 70 67 54 69 54 51 60 53 57 62 61 59 56 53 60 52 59 63 62 
51 68 68 54 66 54 52 56 52 59 60 60 61 53 53 60 53 57 60 62 
50 65 64 54 69 52 53 54 53 59 62 58 59 53 53 59 48 59 61 62 
51 60 66 51 66 50 51 52 51 59 54 54 59 53 53 55 49 55 53 60 
51 64 67 53 68 52 51 54 52 57 59 61 61 55 53 60 52 58 60 61 
51 70 66 54 68 56 53 60 51 57 62 64 61 56 53 63 51 59 63 64 
49 69 67 53 69 56 53 57 51 59 63 64 60 55 53 61 53 59 60 62 
51 69 68 52 68 55 53 58 51 57 64 61 61 55 53 60 53 60 63 64 
49 60 67 53 66 48 52 51 51 57 54 57 60 53 53 56 50 57 56 59 
49 70 68 52 69 55 53 60 51 59 64 63 61 56 52 60 53 58 62 64 
49 66 68 54 66 53 53 55 53 59 60 60 61 55 53 60 49 57 59 61 
49 62 66 52 65 51 51 50 53 59 55 54 59 52 51 56 49 55 56 59 
49 63 68 54 68 52 53 52 51 59 60 58 61 54 53 56 49 54 59 59 
51 69 67 51 66 56 51 60 53 59 64 64 60 53 51 60 51 60 63 62 
50 64 64 53 67 52 51 53 51 58 58 58 59 52 52 55 48 54 56 61 
50 66 65 51 69 50 53 55 52 59 59 61 59 52 51 60 49 59 60 61 
49 67 67 53 66 55 53 57 53 58 62 59 59 54 53 61 53 57 59 63 
49 67 64 50 68 54 51 55 52 59 58 61 59 54 53 59 50 56 59 60 
49 65 64 54 68 50 51 56 51 57 60 59 59 54 51 56 49 56 56 63 
50 66 67 50 69 50 51 57 51 57 57 57 60 54 53 57 51 55 59 63 
51 68 66 52 69 56 52 57 53 59 61 61 59 56 52 63 52 58 63 62 
51 66 68 52 69 55 51 57 51 59 63 62 61 55 51 58 49 59 60 62 
50 69 68 53 69 54 53 59 51 59 64 61 60 54 52 61 51 60 63 65 
50 70 65 53 68 53 53 57 52 58 61 64 61 53 51 59 50 60 62 63 
50 61 65 51 67 49 51 51 51 59 58 54 59 50 53 55 49 57 53 62 
51 60 66 52 65 51 51 50 51 57 57 55 60 52 51 53 49 54 57 60 
51 67 66 52 69 55 53 58 52 59 60 59 59 56 52 59 53 58 59 64 
51 70 68 53 68 54 53 60 53 59 62 64 61 56 53 62 53 60 63 64 
50 64 67 50 69 53 53 55 52 58 59 57 61 52 52 57 50 58 58 60 
51 63 65 50 67 49 51 50 53 57 55 57 59 51 51 54 49 54 56 59 
49 65 66 50 66 50 53 51 52 59 59 58 61 52 51 57 51 55 57 61 
51 68 68 52 69 56 51 59 51 59 62 64 59 54 53 59 53 60 59 65 
49 62 64 50 67 48 51 52 51 58 55 57 59 52 51 57 49 56 53 59 
50 68 65 54 69 51 53 57 53 57 59 59 61 56 53 59 52 56 61 64 
49 60 66 51 68 51 51 50 51 58 55 58 59 50 51 53 47 57 54 61 
49 64 64 50 65 48 53 52 51 57 56 57 59 52 51 53 50 55 55 60 
49 61 66 51 66 48 52 50 53 59 54 54 59 51 52 53 48 54 54 59 
50 62 64 50 66 49 51 51 51 57 57 56 61 52 53 53 47 57 54 59 
49 70 67 51 68 53 52 59 51 59 62 62 61 55 53 62 52 58 62 62 
49 70 68 53 69 56 53 60 53 58 63 64 60 54 53 61 53 60 62 63 
49 66 65 53 67 52 52 57 52 57 58 59 60 51 52 60 52 59 59 61 
50 63 65 51 65 50 51 54 53 58 56 54 61 51 51 56 49 57 53 59 
49 60 66 50 65 48 52 53 51 57 54 54 59 51 51 53 47 54 53 61 
49 60 66 51 65 49 51 50 51 57 54 57 60 50 52 55 47 57 57 61 
51 67 66 52 69 51 52 56 53 57 59 58 61 53 53 57 50 58 56 63 
49 65 64 52 66 54 51 54 51 57 58 60 59 53 51 61 52 57 59 62 
50 66 68 54 66 50 51 55 53 59 58 61 59 53 51 60 52 58 58 63 
50 68 67 51 65 51 52 54 51 58 62 59 61 53 52 61 50 58 61 62 
49 63 64 54 68 54 53 55 53 58 60 59 60 52 52 59 49 59 57 62 
49 60 65 50 66 48 53 51 51 57 56 54 59 50 51 54 47 54 53 61 
50 62 66 50 65 49 51 50 52 57 56 54 59 50 53 53 49 54 53 59 
50 65 64 50 67 50 51 54 53 57 56 56 59 54 51 58 48 54 55 59 
49 62 64 51 65 48 51 53 51 58 56 54 59 51 52 54 47 55 53 60 
51 70 68 52 69 53 52 58 53 59 60 60 59 54 53 63 53 58 63 63 
49 66 68 54 68 51 51 54 53 58 58 59 61 54 53 59 52 59 58 61 
49 62 67 52 68 52 51 52 51 59 54 58 59 53 52 53 47 54 53 62 
49 60 64 51 65 49 52 52 51 59 55 54 61 52 51 55 47 57 55 59 
51 66 65 54 67 52 51 56 53 58 60 58 60 54 51 58 52 59 60 61 
50 66 66 53 68 54 53 53 51 58 57 61 59 52 51 56 49 55 60 61 
51 69 68 54 68 54 53 60 53 59 61 62 60 56 53 59 53 60 61 65 
49 60 64 50 65 49 51 53 53 59 57 54 61 50 51 54 49 54 54 59 
51 67 66 52 69 54 51 59 53 59 64 64 61 56 52 63 53 59 60 64 
50 64 65 53 67 51 53 50 52 58 58 55 59 50 51 57 47 56 56 59 
51 60 64 50 65 49 51 50 51 59 57 56 59 50 51 56 47 54 53 59 
51 66 66 51 67 56 53 59 53 59 61 61 61 53 53 59 51 57 60 63 
49 64 66 54 67 50 53 53 52 59 58 58 60 52 51 56 48 59 56 60 
51 62 64 51 65 51 53 52 53 57 54 56 61 52 51 55 50 54 53 61 
51 70 65 54 66 55 51 57 53 58 62 63 61 53 53 63 53 57 61 65 
49 60 65 50 65 48 51 53 51 57 55 56 60 53 52 54 48 54 54 60 
49 61 64 50 66 48 51 54 51 59 58 55 59 50 51 53 50 54 53 60 
50 67 66 51 68 55 52 58 53 57 64 62 60 54 51 63 50 58 61 64 
50 61 65 52 65 48 53 53 51 58 54 55 59 50 53 53 49 54 54 59 
49 66 66 53 68 52 51 53 53 58 57 60 59 52 52 56 48 59 58 64 
49 61 66 50 66 50 51 50 51 57 54 56 59 50 53 53 49 54 56 59 
51 70 68 54 69 56 53 60 53 58 64 63 61 56 52 63 53 58 63 65 
50 68 68 54 69 56 53 58 53 57 63 63 61 54 53 63 53 60 62 65 
49 64 64 50 65 51 52 53 51 58 56 55 59 50 52 57 48 56 57 62 
50 63 64 51 65 52 52 55 51 57 58 59 59 54 52 57 50 57 54 59 
49 70 68 52 69 56 51 60 53 58 62 63 60 53 51 63 50 57 62 62 
51 69 68 54 68 56 53 60 51 59 64 62 59 56 53 62 53 60 63 65 
49 65 68 54 66 52 51 55 51 59 61 59 61 53 51 58 48 59 58 60 
49 62 65 50 67 51 51 51 53 59 55 55 61 52 53 58 48 58 58 60 