61 60 59 53 62 64 57 60 46 57 57 46 51 47 64 52 65 49 74 44 
61 60 57 48 60 63 53 62 44 55 57 46 50 44 66 48 61 48 73 44 
63 58 55 49 63 63 53 62 46 56 58 49 53 45 62 46 63 49 73 46 
63 63 62 54 67 64 56 62 46 59 58 50 52 48 70 52 64 51 74 46 
63 59 61 52 65 66 55 62 46 59 60 49 51 46 66 53 65 50 73 44 
61 63 61 51 64 64 58 63 46 58 57 47 54 46 67 51 65 49 74 46 
63 64 61 54 67 66 57 63 44 59 61 50 52 49 70 54 63 51 73 46 
61 61 61 51 66 67 59 65 46 59 61 50 52 50 70 54 64 51 74 44 
61 58 56 48 63 61 53 58 45 57 56 45 53 45 62 45 61 45 73 46 
63 60 55 48 62 63 53 60 44 57 56 44 52 44 65 49 63 47 74 46 
62 63 60 54 67 66 57 65 46 57 61 50 54 49 70 52 65 50 74 46 
63 58 58 50 59 65 51 58 45 58 57 46 51 45 63 45 63 47 73 44 
63 61 59 54 66 66 57 63 44 59 59 50 54 50 65 51 64 49 72 46 
61 58 54 46 62 62 51 60 44 55 58 45 50 45 61 47 61 47 72 45 
63 61 60 54 66 67 57 64 46 57 58 48 52 51 67 51 62 51 72 46 
63 62 61 51 65 65 55 62 46 58 61 48 54 47 67 52 64 50 71 46 
63 62 62 52 65 66 59 65 46 59 61 48 54 51 70 53 63 51 74 46 
63 60 58 50 60 64 52 62 44 57 56 46 51 44 63 49 63 48 70 44 
63 59 54 50 60 63 54 60 44 58 56 47 52 42 65 49 62 49 71 44 
62 63 60 54 67 67 58 65 44 59 61 50 53 51 70 53 65 51 74 44 
63 61 61 54 67 64 59 64 45 58 61 48 54 47 70 50 65 49 71 44 
61 57 56 48 62 65 55 59 44 58 59 46 53 43 64 48 61 46 73 44 
63 60 60 52 64 63 55 64 46 56 60 47 54 50 68 50 64 51 71 46 
61 57 55 49 59 61 55 61 46 55 58 44 52 43 62 45 61 46 70 46 
63 63 59 51 66 64 59 63 46 58 58 50 54 51 68 52 65 48 74 46 
61 61 60 50 65 63 56 61 44 57 60 46 52 48 65 48 63 50 71 46 
62 60 62 50 64 67 59 62 46 59 58 48 54 46 69 52 62 49 74 44 
63 60 59 53 65 66 58 62 46 59 57 49 52 50 69 53 65 49 74 46 
61 62 60 50 65 67 58 64 46 57 61 50 54 50 66 53 63 48 71 46 
61 59 57 52 65 63 54 61 46 56 60 45 53 44 65 49 65 48 71 46 
62 54 56 48 63 64 54 59 46 55 57 44 50 43 63 48 61 48 70 44 
63 62 62 52 67 67 59 65 46 59 59 48 54 51 70 54 65 50 74 45 
61 61 60 51 67 65 59 63 46 59 61 49 53 48 67 54 65 51 74 46 
61 57 56 48 64 62 53 62 46 59 60 48 51 46 65 47 65 47 71 46 
63 61 61 52 67 67 59 64 44 58 58 50 52 48 68 51 65 51 74 46 
61 64 62 54 67 67 58 64 46 58 59 50 54 49 70 52 64 51 74 46 
61 63 58 53 66 66 54 63 44 59 60 48 54 50 65 52 63 48 74 44 
63 62 58 52 65 64 58 62 46 56 59 46 54 48 67 49 62 47 74 46 
61 61 58 52 62 65 54 63 44 59 57 48 54 47 63 47 63 48 73 46 
61 58 57 47 61 65 54 59 46 58 57 45 50 43 61 48 64 45 72 45 
62 61 58 50 64 67 59 64 46 59 61 50 51 51 66 54 65 51 71 46 
62 59 60 51 67 63 58 65 46 59 60 48 52 46 68 52 65 47 72 46 
63 64 62 54 65 65 57 61 46 56 59 50 53 51 70 50 65 49 71 46 
63 56 55 48 62 62 52 58 45 57 55 44 50 43 60 44 61 47 70 44 
63 59 58 51 63 63 57 62 46 59 57 46 51 49 65 52 62 49 72 46 
63 58 59 49 65 65 54 60 45 56 59 45 51 46 66 47 64 46 74 44 
63 58 61 51 65 66 57 63 44 56 61 46 54 45 64 49 62 48 74 44 
63 62 60 53 67 67 57 63 46 57 58 50 54 47 70 50 63 49 71 46 
62 58 55 48 63 61 55 60 45 56 58 45 51 46 64 45 63 47 72 45 
61 62 62 52 67 64 59 62 46 56 61 50 53 51 68 53 65 51 73 44 
61 64 62 53 65 66 58 65 46 59 61 50 54 49 69 54 65 49 73 46 
63 64 60 51 67 64 58 64 44 58 58 47 53 49 66 53 65 51 74 46 
63 62 62 54 67 64 59 65 45 59 58 47 53 51 67 53 64 49 72 46 
63 61 62 54 66 66 58 63 46 59 59 50 52 50 70 51 65 50 74 45 
61 63 58 54 65 67 55 64 46 59 59 50 54 46 69 50 65 49 74 45 
61 56 56 46 59 63 52 57 46 55 57 44 50 41 61 44 61 45 71 44 
62 56 57 48 63 61 51 61 46 56 55 45 53 43 61 47 64 45 72 44 
61 54 54 48 60 62 51 57 44 58 55 45 50 43 63 45 64 46 70 44 
61 55 56 46 61 64 51 57 45 55 55 44 50 43 61 44 61 45 70 44 
63 61 59 54 67 65 58 63 46 59 61 50 54 51 67 54 65 49 72 46 
63 63 62 54 65 67 59 65 46 59 59 50 54 49 70 54 65 51 72 45 
63 56 57 48 61 66 52 59 46 58 57 45 54 45 65 50 63 49 70 45 
61 64 62 54 67 66 59 65 46 59 61 50 54 51 68 53 63 51 74 46 
62 62 60 51 64 65 59 63 45 56 59 47 51 46 67 52 63 47 73 44 
63 57 59 49 61 65 57 59 44 55 56 45 51 45 64 50 64 48 72 46 
61 60 56 51 62 62 56 62 46 55 59 47 51 43 66 50 63 47 73 46 
61 54 57 46 59 61 51 58 45 55 56 46 50 41 62 47 62 45 72 44 
62 58 54 46 61 61 54 57 45 56 55 44 51 44 64 45 61 49 71 44 
62 59 56 48 63 64 51 61 45 58 58 46 50 43 65 46 62 48 72 46 
61 64 62 54 67 66 58 64 46 59 61 48 54 49 70 54 65 50 72 45 
61 62 60 51 66 66 58 61 45 57 60 49 54 46 65 50 62 48 73 46 
62 58 55 47 60 61 52 58 44 55 56 45 50 43 61 46 63 45 73 45 
61 62 59 53 63 66 57 63 44 59 58 50 54 47 67 51 63 47 72 45 
63 64 62 53 64 64 59 63 44 57 60 50 52 50 70 54 65 51 74 44 
63 60 60 54 64 65 59 63 46 59 59 47 53 50 69 52 65 48 73 46 
62 61 62 54 63 67 55 64 46 56 60 50 54 47 68 52 65 51 72 44 
61 59 54 46 61 65 55 59 46 55 58 45 50 46 62 48 63 49 70 46 
61 59 61 53 64 63 58 61 44 58 57 49 52 45 67 48 65 49 70 45 
61 61 58 49 65 64 53 61 44 58 56 47 54 45 65 49 65 46 73 44 
62 59 59 53 66 66 56 60 44 58 60 50 50 49 67 52 64 47 73 46 
61 55 54 47 59 61 51 57 46 56 55 44 52 43 61 45 61 45 72 45 
62 58 60 49 63 63 56 61 45 56 60 46 54 45 65 51 61 48 72 46 
61 63 60 54 66 64 59 65 46 56 58 49 52 50 68 52 64 51 74 44 
62 63 61 51 65 67 58 65 46 59 58 48 52 51 70 51 65 48 74 45 
62 60 60 49 62 66 53 59 46 57 59 47 52 47 63 49 62 46 70 44 
63 62 60 52 63 63 57 65 44 59 59 46 54 50 67 52 65 47 74 44 
62 59 56 51 63 64 56 63 44 58 56 46 50 46 67 48 61 46 72 46 
62 54 54 46 59 61 53 57 44 55 57 44 50 41 62 46 63 45 72 44 
62 56 55 47 63 62 53 57 44 57 56 45 50 45 63 48 61 47 73 44 
62 58 58 47 63 62 56 60 45 58 59 45 50 45 62 50 65 46 71 46 
61 63 62 54 64 65 57 62 45 57 58 50 54 51 69 53 62 49 74 46 
63 60 60 49 65 65 54 61 44 59 59 48 51 44 63 51 62 48 70 46 
63 63 60 54 67 67 59 65 46 59 60 49 52 50 68 54 63 51 72 44 
62 58 61 50 65 67 56 60 44 57 60 47 54 48 65 51 65 50 71 46 
61 64 60 52 67 67 59 65 45 59 61 48 52 49 70 54 65 50 74 46 
62 57 58 50 59 63 51 58 45 56 57 46 50 44 60 47 63 45 71 44 
61 64 60 53 65 65 59 63 46 59 61 48 54 51 68 54 65 50 74 46 
62 63 59 53 66 65 59 64 46 56 58 46 53 47 66 50 63 49 73 46 
63 64 62 53 67 66 59 65 44 58 59 48 54 51 68 52 65 50 74 44 
63 59 60 49 63 65 55 62 44 55 59 47 50 44 65 51 65 50 70 46 