48 53 46 55 57 47 61 75 72 58 62 68 41 74 49 81 47 71 61 59 
46 47 40 45 55 44 59 72 73 56 52 68 42 74 44 74 46 73 55 53 
46 51 47 52 57 45 60 74 72 56 58 68 41 72 51 80 49 70 60 59 
46 55 49 55 57 49 62 75 73 59 60 68 41 76 51 80 49 74 61 59 
46 46 39 46 57 43 61 72 74 54 56 69 40 72 46 74 46 71 54 55 
48 53 49 55 57 46 62 75 74 59 62 68 41 73 52 79 49 74 61 56 
46 45 39 48 55 44 59 69 72 53 54 68 39 72 44 75 46 71 52 53 
48 53 49 52 56 48 62 74 74 57 58 70 43 75 49 78 50 73 60 56 
47 47 43 49 56 47 59 70 73 54 57 67 41 74 48 76 47 71 55 54 
47 45 42 46 55 46 60 70 72 53 55 69 39 74 44 74 46 71 56 54 
48 54 45 54 57 46 59 75 72 58 61 70 41 73 52 77 48 72 59 59 
46 53 45 50 56 47 59 73 74 55 56 66 42 73 49 77 49 71 56 55 
48 53 45 54 55 45 61 72 72 55 59 67 43 74 51 77 50 74 58 56 
47 48 45 48 57 47 59 70 74 57 56 66 43 76 47 76 47 73 57 58 
46 51 46 51 55 46 59 71 72 54 59 69 39 75 47 76 50 73 56 54 
48 53 46 54 57 49 62 75 74 56 61 68 41 73 51 78 50 73 60 59 
46 52 43 49 57 47 59 74 74 57 57 66 39 74 47 80 49 72 57 59 
48 55 48 55 57 48 60 73 74 59 61 70 41 73 51 77 47 74 61 57 
48 53 46 54 55 47 60 73 72 58 59 67 41 74 48 80 49 73 57 56 
47 45 39 48 55 43 58 71 74 53 54 66 39 73 44 73 46 71 54 53 
48 46 39 46 55 45 58 71 73 53 53 67 39 72 44 75 46 70 52 55 
48 52 43 49 57 48 60 70 72 58 57 70 41 76 48 78 46 70 59 57 
48 52 46 52 57 49 60 72 73 56 58 70 43 76 52 81 48 71 58 59 
46 53 44 51 57 46 60 70 74 56 57 68 40 76 47 78 46 71 56 58 
47 54 49 55 55 47 62 75 74 59 62 70 43 74 52 79 50 74 62 56 
46 45 41 47 55 43 60 71 72 55 54 66 39 72 46 74 46 72 54 55 
48 47 43 45 55 44 58 69 72 53 54 69 42 72 48 75 47 70 54 56 
46 48 42 48 55 44 60 70 72 55 57 70 43 72 47 78 50 74 55 55 
46 54 45 52 55 48 62 72 73 56 58 69 43 76 49 80 48 74 61 59 
46 54 48 51 56 49 60 75 74 59 58 67 43 76 49 80 47 71 61 57 
46 47 39 48 55 43 58 71 72 53 53 66 39 72 47 75 47 70 54 54 
46 48 41 45 56 43 58 70 72 55 52 66 40 72 44 75 46 72 52 53 
47 51 45 52 55 46 61 75 72 55 58 70 43 76 48 80 50 71 59 59 
48 50 44 47 55 43 61 73 73 57 55 69 41 76 49 74 49 72 56 55 
46 46 39 45 56 43 58 69 72 53 52 67 41 74 45 73 46 70 54 53 
46 49 43 46 56 46 58 70 73 57 53 66 41 72 47 75 46 70 54 54 
48 53 47 55 56 48 59 75 74 59 60 69 43 73 48 77 47 71 62 58 
48 47 39 47 55 44 58 69 72 53 54 66 39 72 44 73 46 70 52 53 
48 47 43 48 57 45 59 72 72 56 54 66 41 74 46 73 46 73 54 56 
48 55 47 54 55 49 60 73 72 57 59 70 43 76 49 80 50 72 62 59 
47 54 45 54 55 47 59 75 72 59 59 69 43 75 52 80 47 74 59 58 
47 52 47 51 55 49 62 73 72 55 57 67 43 76 49 79 48 72 60 56 
46 49 42 47 55 45 60 72 72 54 56 68 40 73 49 76 49 73 55 55 
46 52 48 55 57 49 62 73 72 58 60 70 43 76 49 78 48 73 59 59 
46 52 46 53 56 47 62 71 74 59 61 67 43 75 51 81 48 72 58 57 
47 48 40 45 55 43 61 71 72 55 52 66 41 72 47 76 48 70 52 56 
46 51 49 51 57 49 62 75 72 59 59 68 43 73 50 77 49 71 58 56 
46 49 43 48 57 45 60 74 73 57 58 66 40 73 50 79 49 71 56 57 
48 49 43 48 57 47 61 73 72 55 56 70 43 73 49 76 49 72 58 54 
48 52 49 53 57 49 62 74 74 59 62 69 41 75 52 81 48 74 62 59 
48 53 47 51 56 46 61 72 72 57 57 68 40 76 48 77 48 73 59 55 
46 47 39 45 55 43 58 69 72 54 52 66 39 72 44 75 48 71 52 53 
46 49 42 52 57 46 60 74 72 57 59 67 40 73 50 79 49 72 59 54 
46 52 45 54 55 47 59 71 73 58 60 70 43 73 51 76 50 71 57 55 
46 51 43 47 55 46 60 70 74 57 58 70 39 74 46 74 46 71 55 53 
48 55 47 55 57 49 60 75 74 57 62 68 43 76 50 80 50 72 62 59 
46 50 47 53 55 45 62 71 74 55 58 70 40 75 48 78 49 74 60 56 
46 48 44 46 55 44 60 72 72 54 53 66 42 73 45 78 48 71 55 57 
46 51 47 53 57 46 59 75 74 57 58 68 43 75 49 78 50 73 58 56 
47 53 48 52 56 48 62 75 72 56 59 69 40 74 47 79 49 73 61 58 
48 52 46 53 57 49 62 75 74 57 58 70 42 75 49 81 49 73 61 59 
46 50 45 50 55 47 60 73 74 59 58 67 39 74 50 76 46 72 57 56 
46 52 45 48 55 44 61 71 74 56 59 69 40 73 49 77 50 73 58 56 
48 55 49 52 56 46 61 75 74 59 62 69 41 76 49 79 50 74 60 59 
48 49 43 50 57 45 60 74 74 56 59 67 42 76 47 76 48 72 57 58 
46 49 43 47 57 43 58 72 73 53 55 66 39 74 44 76 49 70 55 56 
48 50 46 51 55 45 62 73 72 55 60 67 43 74 51 76 47 72 59 58 
46 49 45 49 55 46 61 73 74 59 57 70 42 76 51 78 46 71 60 56 
46 51 43 52 57 46 62 70 73 56 57 67 41 72 46 77 50 73 55 55 
48 50 45 52 55 45 58 70 74 58 57 66 41 73 50 79 47 72 56 56 
46 50 43 49 55 46 60 70 74 57 55 66 40 72 47 75 47 70 53 57 
48 49 47 50 56 45 61 75 72 58 59 70 42 75 47 76 49 72 60 55 
48 55 49 54 57 47 62 75 74 59 61 69 43 76 52 80 50 72 59 58 
46 51 45 50 55 44 60 71 72 55 59 68 42 72 50 78 48 74 57 55 
48 48 46 51 55 44 62 74 73 56 56 70 39 74 46 75 49 71 56 56 
48 53 47 55 57 47 60 75 74 59 61 70 42 76 50 78 49 74 62 57 
47 45 40 45 55 46 59 69 74 55 52 68 40 72 44 73 48 71 53 55 
47 51 42 47 55 43 58 72 74 57 54 66 41 73 47 74 49 71 57 53 
48 55 49 54 57 48 62 73 72 58 60 70 43 74 52 81 50 72 62 59 
46 49 44 48 55 43 58 71 72 56 54 69 41 72 44 73 47 73 54 53 
48 52 46 52 57 49 62 73 72 59 62 68 43 75 51 78 50 74 59 57 
46 45 39 46 55 45 60 70 74 54 53 66 39 74 44 73 48 71 54 53 
48 52 46 54 57 48 59 72 74 58 62 70 43 74 48 77 50 72 58 59 
46 48 44 49 55 43 59 69 74 55 58 66 42 72 49 74 49 70 54 55 
48 52 47 54 55 49 60 73 74 59 58 68 41 76 48 80 50 74 62 56 
46 51 42 49 55 47 62 73 74 55 58 68 40 74 46 78 50 70 57 55 
48 55 49 55 57 49 62 73 74 59 62 70 43 76 50 79 50 73 62 59 
48 53 48 51 57 49 60 72 74 59 62 70 41 73 51 81 50 74 62 57 
48 53 45 51 55 49 61 71 74 56 60 68 41 73 47 78 48 74 60 58 
46 51 45 49 55 47 62 71 74 59 57 70 40 76 49 79 48 73 57 58 
47 47 43 48 55 43 59 72 74 53 52 67 39 73 46 77 49 72 53 53 
47 45 40 45 55 44 58 70 72 54 52 66 39 72 44 73 47 72 52 53 
48 55 49 54 55 47 62 75 73 59 62 70 43 74 52 81 48 74 61 59 
47 46 41 49 55 43 58 72 72 55 53 66 40 72 46 76 49 71 56 54 
48 49 47 49 55 45 62 72 74 59 57 66 39 76 47 79 46 74 57 58 
48 45 41 45 55 44 60 70 72 55 55 67 41 73 46 75 46 72 52 53 
48 45 41 45 56 43 58 69 72 54 52 68 41 73 44 74 46 70 52 54 
48 50 46 48 55 44 58 74 72 57 58 66 39 73 46 76 49 71 56 54 
46 49 45 51 55 45 61 73 74 58 57 69 43 74 46 78 47 73 55 54 
47 55 45 51 56 49 61 73 74 58 58 70 40 76 49 81 50 74 58 59 