71 30 70 52 42 67 64 36 67 52 52 50 71 68 70 66 73 61 79 74 
73 38 74 51 46 71 72 40 67 57 57 51 76 71 73 73 73 60 83 76 
73 37 74 52 46 71 72 39 67 55 56 49 74 71 73 73 75 62 80 75 
72 30 71 51 40 68 63 37 68 50 51 49 70 66 68 66 73 60 79 74 
71 36 72 52 43 69 69 39 69 54 54 51 72 69 69 69 75 60 83 74 
73 37 73 52 46 71 73 40 69 56 57 51 75 68 71 71 75 61 83 76 
73 30 70 50 43 67 63 39 67 54 53 49 70 65 67 70 73 62 79 74 
71 35 72 52 46 69 68 37 69 58 54 50 74 68 70 73 73 61 82 74 
73 35 74 50 40 68 68 36 68 54 53 51 73 68 71 70 75 62 79 76 
73 40 73 51 46 69 71 40 69 56 55 51 76 70 72 74 75 62 83 75 
71 35 71 50 41 68 71 39 69 55 53 51 74 70 68 72 74 60 80 74 
73 38 73 52 46 69 73 40 69 58 57 51 76 71 72 74 75 61 82 76 
72 39 72 52 46 71 72 37 69 55 57 50 76 71 72 72 75 61 82 76 
73 38 74 51 46 71 71 40 69 55 57 51 75 71 72 74 74 62 82 74 
71 30 70 50 40 69 63 36 67 52 53 49 71 67 67 66 73 61 79 76 
71 30 71 51 40 67 63 36 67 50 51 51 71 67 67 66 73 60 80 75 
71 32 72 50 40 70 63 37 67 52 51 49 72 68 68 68 73 60 80 76 
73 34 72 50 41 67 64 37 67 53 51 49 73 68 70 68 73 62 82 74 
71 31 72 52 41 68 63 36 69 52 51 50 71 65 68 68 73 62 79 74 
71 31 72 50 41 70 66 38 69 50 52 51 70 67 70 66 74 62 82 74 
71 34 72 50 44 68 65 40 67 51 52 51 73 65 70 68 75 62 80 74 
71 36 74 50 42 71 67 40 67 57 53 49 73 68 70 72 75 62 83 74 
72 30 70 50 40 67 63 36 68 50 51 51 71 67 67 66 73 60 79 74 
73 39 73 52 45 71 73 38 69 58 54 49 76 71 70 74 73 61 83 75 
73 39 73 52 46 71 72 37 67 57 55 51 73 71 72 71 75 61 81 76 
71 37 73 50 42 71 72 40 67 54 55 51 73 70 72 73 75 60 80 76 
71 39 74 51 46 68 72 37 69 57 57 51 73 71 73 71 75 62 81 76 
71 33 70 51 43 67 65 38 69 52 53 49 72 65 70 68 73 60 80 75 
71 40 74 52 46 69 72 40 67 58 56 51 76 71 72 74 74 61 81 76 
73 32 70 50 41 67 63 37 67 53 52 49 70 65 70 67 73 61 79 74 
73 38 72 52 45 71 70 39 67 56 56 51 76 71 71 73 74 61 81 76 
71 32 73 50 40 67 67 38 67 51 51 50 70 66 67 66 73 60 79 74 
71 33 72 52 41 69 65 37 68 52 51 49 74 65 69 67 73 61 80 74 
72 31 71 52 44 67 64 36 69 55 55 50 72 66 67 67 74 62 81 74 
71 31 70 52 41 67 63 37 67 50 52 49 72 66 67 68 73 61 79 74 
71 38 71 51 43 71 69 38 68 55 53 49 73 71 69 69 75 61 83 76 
73 40 74 50 46 69 73 40 69 57 57 50 76 70 71 74 75 62 83 76 
71 35 72 50 44 70 66 39 67 50 53 49 73 65 71 70 75 61 79 74 
73 37 72 52 45 70 71 40 69 58 57 51 75 71 71 72 73 60 81 76 
71 33 70 51 42 67 68 37 68 54 54 49 70 68 67 67 74 62 83 74 
72 38 74 51 45 68 68 38 69 57 55 49 76 67 73 70 74 62 80 76 
73 38 71 50 45 70 71 37 68 55 55 51 75 71 73 69 75 61 81 76 
73 30 71 50 40 67 63 36 67 50 52 49 70 67 69 66 73 60 79 74 
72 39 73 52 43 70 71 39 69 57 54 49 75 69 71 70 75 62 81 76 
71 35 74 52 46 71 72 40 69 58 56 49 75 69 70 70 73 60 81 75 
73 36 73 52 46 70 70 37 67 55 57 51 72 70 73 74 75 60 81 76 
72 40 72 52 46 71 73 38 67 58 57 51 76 69 71 74 73 62 83 75 
73 35 70 52 43 69 65 36 67 54 51 49 74 68 71 68 73 60 80 76 
73 33 70 51 41 69 69 37 67 53 53 49 73 69 69 68 75 62 83 74 
72 40 74 51 46 71 73 40 69 57 57 49 76 71 72 73 73 62 83 76 
73 37 72 51 45 68 68 37 67 53 53 51 74 66 68 68 75 62 82 76 
72 34 71 52 41 67 65 36 67 50 55 51 74 69 67 66 75 62 79 76 
73 32 70 50 41 69 63 38 67 53 53 49 70 68 68 68 75 61 81 76 
73 35 73 52 43 70 68 40 69 55 52 49 73 69 67 68 74 62 80 76 
71 33 71 50 40 67 63 38 67 53 51 50 70 66 67 66 73 60 80 75 
73 36 74 52 45 69 72 39 68 58 54 49 74 70 70 74 75 62 81 75 
71 32 72 50 42 69 64 36 68 52 51 50 70 66 67 67 73 60 80 74 
73 37 72 51 44 68 66 36 69 56 56 49 74 66 70 68 75 60 83 76 
71 31 70 50 43 69 67 36 69 52 54 49 70 65 68 66 73 62 79 74 
71 33 72 50 41 68 69 38 69 51 55 49 74 68 71 70 74 62 83 75 
73 36 74 52 45 68 68 39 67 57 57 49 72 67 70 72 73 60 82 74 
73 37 72 50 44 68 69 39 68 54 57 51 75 71 73 72 75 62 82 74 
71 32 72 50 40 67 65 36 68 50 51 51 72 65 67 66 74 61 79 74 
71 30 70 52 40 68 66 36 68 52 51 49 70 66 68 66 74 60 79 74 
71 35 70 52 43 70 65 39 67 55 55 50 75 69 69 71 73 60 82 74 
73 40 74 52 45 69 73 40 69 56 57 51 74 70 73 74 73 60 83 75 
73 32 70 51 43 67 66 37 69 54 54 50 72 65 68 67 73 60 79 74 
72 39 72 52 46 71 72 40 68 56 56 51 76 69 73 71 73 62 82 76 
71 38 74 50 43 70 71 39 67 54 54 49 74 67 69 72 74 62 81 76 
71 30 70 50 40 67 66 39 68 50 51 49 70 67 70 69 74 61 79 76 
73 40 74 51 44 71 73 40 69 58 57 51 75 71 73 72 73 62 83 74 
71 30 70 50 42 69 63 37 67 50 53 49 71 66 69 67 73 60 79 74 
71 30 70 50 42 69 64 36 69 52 52 49 72 65 67 66 73 60 81 74 
71 34 70 50 41 67 64 36 67 52 54 49 71 66 67 69 73 60 82 74 
71 34 72 51 43 70 63 37 67 51 51 51 72 65 67 70 73 60 79 74 
71 30 72 52 41 67 63 39 68 50 51 49 72 66 67 66 73 61 79 76 
73 38 74 52 43 71 73 40 68 55 57 50 76 68 70 74 74 62 83 76 
73 32 72 50 40 70 65 36 67 50 51 50 73 65 68 66 75 60 79 76 
71 35 73 50 42 67 67 39 67 56 52 51 74 70 72 69 75 62 79 75 
71 40 73 51 46 71 73 40 69 58 55 51 74 71 73 73 74 62 83 76 
73 38 71 52 45 70 73 37 68 56 57 51 76 68 72 74 75 62 82 75 
73 34 73 50 45 68 68 39 67 56 54 51 75 70 73 73 74 60 83 75 
73 36 72 52 46 71 69 39 68 58 57 49 74 68 73 72 75 62 82 76 
73 38 74 52 44 71 70 40 69 56 56 51 74 69 70 71 75 61 83 76 
71 32 72 50 40 67 64 37 67 52 51 49 70 68 70 68 73 61 80 75 
71 34 72 50 41 67 65 37 67 54 51 49 72 66 69 70 75 60 79 75 
71 36 71 50 42 68 65 36 68 55 54 50 74 66 68 71 73 60 81 74 
73 37 74 52 45 71 72 40 69 55 57 50 73 67 69 72 75 61 83 74 
73 33 70 50 42 67 65 38 69 52 51 49 70 66 69 66 73 62 79 74 
73 38 74 51 46 71 72 40 69 58 57 51 76 71 73 73 75 62 81 75 
72 34 70 52 44 67 69 40 67 52 52 50 74 66 69 68 75 62 83 76 
73 34 72 50 42 70 66 36 67 54 56 49 74 66 72 72 73 61 80 76 
71 32 72 50 41 68 63 38 68 50 52 50 72 67 67 66 73 60 80 74 
73 40 74 50 46 69 72 40 69 58 56 51 75 71 73 74 75 62 82 74 
71 35 72 50 42 67 64 38 69 54 54 49 74 69 69 69 74 62 79 76 
71 38 74 52 44 71 73 39 69 58 57 51 76 71 71 74 74 62 83 76 
73 31 71 50 40 67 64 38 67 53 51 49 70 65 67 68 73 61 79 74 
72 31 70 50 42 69 64 36 69 50 52 49 72 65 70 67 73 62 79 74 
72 40 74 50 46 70 73 40 69 56 57 49 76 69 73 73 75 60 83 74 
73 30 70 50 40 69 64 38 68 51 51 51 70 65 67 68 73 61 79 74 