50 75 55 54 85 39 77 50 58 53 48 87 60 59 43 54 50 43 54 40 
50 75 54 54 85 41 81 50 59 53 53 86 61 60 41 58 50 43 56 44 
48 79 56 54 86 42 80 49 58 57 56 90 63 64 44 60 52 43 57 44 
48 71 52 52 84 38 74 48 57 48 49 85 56 55 40 55 52 43 52 37 
48 72 53 52 84 40 74 50 57 48 47 82 57 57 41 56 50 43 53 37 
50 80 57 54 86 42 80 48 59 58 56 90 64 62 44 60 52 45 58 43 
49 72 51 55 85 41 78 50 58 51 50 86 59 56 40 54 52 43 51 40 
50 76 56 53 85 40 78 50 59 54 53 86 60 58 43 57 52 45 54 40 
50 73 56 53 86 42 79 48 57 51 49 87 60 60 41 59 51 45 55 38 
50 79 57 54 86 41 80 50 57 58 55 90 61 63 44 59 51 45 57 40 
50 75 52 53 85 39 78 50 57 50 51 86 57 59 42 55 52 45 52 38 
50 72 51 53 84 40 78 48 57 52 48 84 61 58 40 54 51 43 54 41 
50 80 55 56 85 39 81 50 59 55 55 88 63 61 41 60 52 45 56 40 
48 73 51 53 86 38 75 49 57 51 46 82 56 56 42 56 50 43 50 37 
48 74 57 53 86 40 80 48 59 55 54 86 61 58 43 59 50 45 53 41 
50 74 51 54 84 40 77 49 58 51 48 84 56 57 40 55 50 43 54 38 
49 76 55 54 86 39 82 50 58 56 55 88 62 62 44 58 52 45 58 44 
50 78 55 55 84 39 78 50 57 55 53 86 62 62 42 60 52 43 54 41 
48 75 53 56 85 42 79 48 59 53 52 85 59 60 40 58 51 43 52 41 
49 76 55 53 86 39 78 49 58 54 48 84 61 58 42 54 52 44 51 37 
48 76 53 56 85 42 78 48 59 56 50 85 59 61 41 60 50 45 54 43 
50 80 56 56 84 42 81 50 58 58 55 88 64 64 41 59 51 45 57 43 
49 71 54 55 85 38 75 50 57 52 49 82 58 57 40 56 51 43 51 39 
49 70 53 52 84 38 75 48 57 48 49 84 57 56 43 54 50 43 51 38 
50 79 55 56 85 39 81 49 59 54 55 90 62 61 42 57 50 45 56 44 
48 75 52 53 86 40 74 48 57 50 49 86 57 55 43 54 51 43 52 39 
49 75 55 52 85 40 79 48 58 49 47 83 57 59 43 54 50 43 51 39 
49 70 53 52 85 38 74 48 57 50 46 82 56 54 40 54 50 43 51 36 
48 76 56 56 85 42 82 48 59 57 56 89 64 63 44 57 51 45 55 42 
50 76 54 52 86 40 76 50 57 52 53 84 59 60 42 56 50 44 54 41 
50 76 57 53 86 42 82 50 59 56 52 89 63 62 41 58 52 43 57 40 
49 71 51 52 84 38 76 49 57 48 47 82 60 58 43 56 52 43 51 39 
48 71 52 52 84 39 77 50 59 49 49 84 56 55 42 54 50 45 50 36 
48 73 51 55 86 38 76 49 57 52 48 84 58 57 40 54 50 43 50 40 
50 75 51 54 84 39 76 49 59 50 50 84 59 55 42 54 50 43 53 39 
48 72 51 54 84 38 74 48 57 48 46 82 56 56 42 54 51 45 50 37 
49 71 54 52 85 40 77 49 57 50 47 82 57 55 40 54 52 44 51 36 
48 78 52 55 85 39 77 48 59 52 54 86 59 62 43 59 50 45 55 41 
48 76 55 52 84 39 78 49 59 54 48 88 59 58 40 58 52 43 52 41 
50 80 57 56 84 40 80 49 57 58 54 90 64 63 43 60 51 43 56 43 
49 75 57 52 84 41 78 49 57 56 52 89 62 61 43 60 52 45 55 41 
50 74 54 56 84 39 80 50 59 55 50 86 60 61 41 59 50 45 56 39 
49 77 54 56 86 40 78 48 59 55 50 89 60 60 44 59 51 44 56 39 
48 75 54 53 86 41 79 50 59 53 55 86 59 59 42 56 51 44 55 42 
48 78 57 54 84 42 82 50 59 54 54 90 61 61 44 59 52 43 55 41 
48 75 52 55 84 38 74 50 59 52 50 86 58 56 43 57 52 43 52 38 
48 72 51 52 84 39 75 48 59 48 46 83 56 54 41 57 50 43 52 36 
48 80 55 55 86 40 81 50 57 56 56 89 64 64 44 58 52 44 58 44 
50 77 54 54 85 39 79 50 59 52 49 88 62 57 43 57 52 45 52 38 
50 71 53 52 86 38 74 50 57 50 46 83 58 54 41 56 50 44 50 36 
50 71 52 53 84 38 77 48 57 50 50 85 57 58 43 54 50 43 50 37 
50 76 54 52 84 38 76 50 58 52 52 88 61 59 40 56 50 44 53 38 
49 79 56 54 85 39 82 50 59 58 55 89 62 62 42 60 51 43 58 43 
48 74 51 54 84 41 74 49 59 48 50 82 58 57 40 54 50 44 52 38 
50 80 57 56 84 40 80 49 57 58 54 89 62 60 44 60 51 43 54 40 
48 75 55 54 84 42 78 48 59 57 52 89 62 60 44 56 52 43 55 43 
50 75 56 53 84 41 77 48 58 52 50 87 60 58 41 56 51 43 55 40 
48 76 54 53 85 39 80 50 59 54 55 86 63 62 44 57 52 43 55 42 
48 76 56 53 84 40 81 50 59 57 51 86 64 63 43 58 51 43 57 41 
48 72 51 52 84 40 74 50 57 51 47 85 57 54 42 55 50 43 53 36 
49 75 56 55 85 41 78 48 58 53 54 86 62 60 43 57 52 45 54 42 
49 80 55 56 85 42 82 50 59 57 56 88 64 64 44 60 51 44 58 44 
49 77 56 55 84 38 76 50 59 55 50 85 61 57 42 57 50 45 54 39 
48 73 53 54 84 38 75 48 59 51 49 82 57 56 40 57 52 45 54 36 
49 76 54 52 84 39 78 49 59 50 50 86 57 58 41 57 52 43 54 38 
50 80 54 55 86 39 82 50 58 58 54 89 64 63 42 60 51 45 57 42 
48 78 57 56 86 41 79 50 59 57 55 90 62 61 43 59 52 45 58 41 
48 73 52 55 84 39 75 48 58 51 48 84 60 56 40 55 52 43 52 39 
50 80 57 56 86 41 82 50 57 58 54 88 64 64 43 60 50 45 58 44 
50 79 56 53 86 39 81 50 59 56 54 86 64 63 44 60 50 45 54 40 
49 74 57 56 86 42 81 50 59 52 52 87 59 62 42 56 52 44 53 39 
49 72 56 54 84 42 78 49 57 52 48 84 57 59 43 56 50 43 51 41 
48 71 54 55 84 39 77 48 57 48 50 84 59 58 43 55 50 44 53 37 
50 79 57 54 86 41 82 48 57 58 54 88 61 61 42 59 52 45 57 44 
49 80 57 56 86 42 81 48 59 55 56 90 63 62 44 60 51 45 56 44 
49 75 52 55 84 39 76 50 59 53 48 86 57 59 42 56 52 45 54 40 
48 77 54 53 86 42 80 48 59 56 53 90 61 62 44 58 51 43 55 40 
49 77 57 56 85 42 82 50 58 57 56 90 61 63 43 58 52 45 58 43 
50 79 57 55 86 42 82 49 59 58 53 88 64 64 43 59 52 45 58 44 
50 75 56 56 86 39 81 48 57 55 54 88 62 62 41 59 50 44 54 43 
50 74 57 53 84 42 77 50 58 54 51 89 60 61 42 58 52 43 56 42 
48 70 51 52 85 40 76 50 58 48 46 82 56 55 41 56 50 43 50 39 
48 78 54 54 84 39 79 50 58 54 53 87 63 62 42 60 50 45 58 42 
50 73 55 52 84 41 75 48 57 50 49 86 61 59 41 58 50 43 55 41 
50 76 53 56 86 40 79 50 57 53 51 87 61 60 44 59 52 44 54 38 
48 73 51 55 84 41 76 48 57 48 47 83 59 58 40 56 52 43 53 38 
50 77 57 54 86 42 82 48 59 54 54 87 62 64 43 60 50 45 57 43 
48 76 52 55 86 40 77 48 58 51 53 85 60 57 43 58 52 43 54 38 
50 73 54 54 84 38 80 50 57 52 52 84 59 61 41 55 50 43 52 38 
48 71 52 52 84 41 74 48 57 48 48 82 59 54 40 54 51 44 53 39 
49 77 56 56 84 39 82 50 59 58 56 89 61 64 42 59 52 44 56 44 
50 79 56 55 86 42 82 50 58 56 54 88 64 64 43 59 52 45 58 44 
48 70 51 53 84 38 76 50 57 49 46 82 56 56 40 54 50 43 50 39 
50 79 56 54 85 40 78 48 59 53 53 88 60 61 41 59 50 44 57 42 
50 79 56 54 86 42 80 48 58 55 53 87 64 64 44 60 52 45 58 43 
49 78 55 56 86 42 80 50 58 58 56 88 62 61 44 60 50 43 54 42 
50 72 51 54 85 40 74 48 57 51 47 82 58 54 40 56 50 45 52 36 
50 71 53 52 84 38 74 48 57 48 47 82 56 54 40 54 50 43 52 37 
50 73 52 53 84 38 75 50 58 54 48 86 61 58 44 54 51 44 54 37 
48 71 52 55 86 41 77 48 57 52 50 83 56 58 40 56 52 44 51 40 