88 62 31 60 74 74 23 67 47 52 51 63 45 46 75 40 90 24 87 64 
86 62 29 57 76 73 24 67 45 52 47 62 44 46 74 40 89 21 87 64 
86 57 25 54 73 73 21 65 45 50 47 60 37 44 72 38 91 18 87 66 
88 59 26 54 71 72 21 61 46 50 49 61 38 45 73 40 90 17 85 64 
88 64 33 60 76 72 24 66 45 52 52 63 41 44 76 41 89 24 89 67 
86 56 27 56 71 73 21 62 46 50 47 61 37 44 72 39 91 19 85 64 
86 59 27 58 72 74 22 66 45 50 50 61 42 46 74 40 91 20 89 64 
86 59 29 58 73 72 23 65 47 52 51 61 44 48 74 43 90 22 86 64 
86 62 29 59 74 73 24 65 45 51 49 64 43 47 74 39 91 21 86 65 
87 59 30 57 74 75 25 64 45 52 47 65 44 44 72 39 91 22 88 67 
86 56 26 57 73 72 22 63 46 51 46 62 39 45 74 38 89 20 85 64 
86 63 33 62 75 74 25 68 45 50 48 66 42 46 73 42 90 21 89 67 
88 66 33 60 77 76 25 69 47 52 52 66 46 48 76 42 89 26 88 66 
86 64 30 60 76 73 23 65 45 50 49 63 44 45 76 40 90 21 88 65 
86 60 26 58 73 75 23 61 45 50 48 62 38 44 74 38 91 19 85 63 
86 60 30 60 72 72 21 67 47 52 47 61 41 45 76 41 90 20 85 65 
86 62 32 57 76 73 23 65 46 50 49 63 40 44 73 43 89 22 86 67 
86 59 26 55 72 72 21 61 47 51 46 61 38 45 72 38 89 16 86 63 
88 64 35 62 74 73 23 68 47 51 52 66 47 48 75 43 91 26 89 67 
88 63 28 57 75 76 25 65 45 52 51 65 44 45 72 39 91 20 86 63 
87 65 34 62 75 76 24 70 46 52 52 66 47 47 75 43 91 23 89 66 
86 65 33 62 76 74 24 69 46 52 51 66 47 47 76 44 89 25 89 66 
88 59 28 58 71 74 23 63 45 52 50 63 40 46 73 39 90 21 86 64 
88 61 32 56 76 76 21 67 45 50 48 61 40 45 75 42 89 20 86 67 
87 65 31 60 77 75 25 70 46 52 50 66 46 48 76 41 91 23 89 65 
88 64 32 62 75 76 24 69 45 52 50 63 45 48 74 42 89 24 89 67 
88 63 35 60 75 75 24 71 47 52 51 66 45 47 76 41 91 26 89 67 
87 62 34 61 75 76 23 67 47 51 51 65 47 48 76 41 90 24 86 66 
86 64 32 62 77 75 25 71 47 52 50 63 47 48 76 41 91 26 89 64 
88 66 35 60 75 76 25 69 47 52 49 63 46 45 73 42 90 23 89 66 
86 63 32 60 76 76 24 66 45 52 51 64 45 45 73 40 90 24 85 64 
86 61 27 56 75 75 21 65 45 51 48 61 40 44 73 38 90 21 85 66 
88 66 35 61 77 76 25 70 46 52 52 63 46 46 76 43 91 23 89 66 
88 56 28 57 71 72 21 64 46 51 49 60 40 47 74 38 91 18 85 64 
86 60 28 58 72 75 23 66 47 50 47 61 42 47 73 41 90 21 89 66 
86 61 30 56 72 74 22 64 46 52 47 63 43 45 75 43 90 19 87 64 
86 60 25 55 71 73 23 64 45 52 46 60 39 46 72 41 90 19 85 64 
87 63 34 59 74 75 24 70 47 50 50 64 47 48 75 44 91 26 89 67 
86 57 28 57 73 72 22 61 45 52 46 61 37 44 73 41 90 18 87 63 
86 59 31 59 75 72 23 64 46 50 50 61 44 48 73 40 89 21 86 66 
87 63 28 59 72 74 23 67 47 52 48 63 42 45 74 41 90 21 85 65 
88 61 32 61 76 76 24 66 45 50 50 66 45 47 76 42 91 24 86 65 
86 57 28 54 72 74 21 65 45 52 46 62 38 44 72 38 89 19 88 66 
87 62 29 56 74 74 23 65 45 51 51 63 43 44 74 40 89 19 87 66 
87 62 35 60 76 74 25 68 47 50 50 66 43 45 76 44 91 22 88 65 
87 64 32 62 77 76 25 68 47 51 50 64 47 48 74 44 89 25 89 66 
88 60 27 58 73 75 22 64 47 52 47 63 39 44 72 41 91 17 85 63 
88 62 34 62 75 75 23 70 47 51 49 63 46 46 76 44 89 22 89 64 
86 63 33 60 76 72 23 65 47 50 52 64 43 46 76 44 90 24 85 67 
86 57 28 54 74 73 23 61 45 51 46 60 37 44 72 38 89 18 85 63 
88 56 25 55 73 72 23 64 47 50 46 60 40 44 74 38 89 17 85 65 
86 64 33 58 77 73 25 69 47 52 50 65 43 45 73 42 89 22 88 65 
88 62 30 58 73 74 22 65 47 52 48 64 41 48 72 40 90 20 87 63 
88 64 35 61 77 74 25 70 45 51 51 65 46 47 76 42 90 26 89 67 
87 62 28 59 76 72 25 67 45 52 51 63 42 46 76 43 90 22 87 66 
88 60 32 56 75 75 25 68 46 52 49 64 40 48 74 41 91 23 89 64 
87 64 33 62 77 76 23 70 46 52 51 66 47 47 74 43 89 24 89 67 
88 66 35 61 75 74 25 68 47 52 52 66 46 48 74 44 91 24 89 67 
86 57 25 57 71 74 22 63 45 50 46 63 38 45 73 41 91 17 85 63 
86 63 34 59 77 75 24 69 47 52 49 65 43 47 76 43 91 24 89 64 
86 60 29 60 73 76 23 64 45 52 50 64 41 48 75 39 89 19 85 64 
87 57 28 56 71 72 21 64 46 51 46 61 40 44 74 38 91 16 85 65 
86 59 28 56 71 74 21 62 45 50 46 60 37 46 74 38 89 18 85 63 
88 62 27 57 72 72 24 67 47 51 46 60 40 45 75 40 89 20 89 66 
88 59 29 57 75 75 21 64 45 51 47 64 41 44 73 39 91 18 87 63 
87 63 32 57 73 76 22 67 45 52 50 62 44 45 75 43 91 23 87 67 
86 60 31 60 72 75 23 66 45 50 49 61 40 44 76 42 89 22 85 66 
86 59 32 60 72 75 22 66 45 52 50 62 40 48 73 43 91 21 89 67 
88 59 26 58 73 72 21 61 45 50 49 63 41 47 72 41 90 19 88 63 
86 60 28 58 75 75 23 64 47 52 47 60 41 44 75 42 91 21 85 64 
87 57 26 54 72 75 21 62 45 52 48 64 41 44 74 42 89 18 87 63 
87 63 33 61 76 76 25 67 47 52 50 66 44 48 74 44 91 23 86 65 
88 58 27 58 74 72 21 65 46 50 46 61 42 45 72 40 91 20 87 64 
86 64 32 61 76 73 24 65 45 52 49 62 44 46 73 41 91 23 85 67 
87 63 30 60 77 75 24 68 47 52 52 65 45 45 73 40 89 20 89 65 
87 62 31 59 72 76 22 64 47 51 47 62 42 46 73 42 90 22 85 66 
88 62 32 58 74 72 23 66 45 50 47 62 42 45 75 39 91 23 87 67 
87 65 31 58 73 74 23 66 47 52 52 63 43 48 74 44 91 22 87 65 
86 59 31 55 75 75 22 67 47 50 47 62 41 46 74 39 90 21 88 67 
88 59 26 58 71 74 22 65 45 51 48 63 38 44 73 42 91 18 88 63 
87 62 31 56 75 74 23 68 47 51 50 64 43 45 74 40 89 22 89 63 
88 60 32 57 77 74 21 69 45 50 52 64 43 45 74 41 91 23 86 65 
86 62 31 58 74 75 23 70 47 52 49 64 43 46 76 41 89 22 86 65 
88 63 32 60 74 74 25 70 46 52 52 65 46 46 76 44 91 25 88 65 
87 63 35 59 77 74 22 68 45 52 49 66 46 48 76 44 90 23 88 67 
88 66 35 62 77 76 23 69 47 52 52 64 46 48 76 44 89 24 89 67 
86 59 27 56 73 72 22 62 47 50 47 64 41 44 74 40 91 19 86 66 
86 60 27 57 75 73 23 66 45 52 50 64 40 44 72 41 91 17 86 66 
86 65 34 62 77 76 23 71 47 52 49 63 46 47 76 44 90 25 89 67 
86 60 30 57 76 72 22 68 45 50 51 64 44 45 74 39 89 23 88 66 
86 60 28 57 72 75 21 65 45 52 49 61 40 45 72 40 89 19 87 63 
88 62 28 56 73 75 24 66 46 52 50 60 39 48 74 42 91 19 88 63 
86 57 27 55 74 72 22 64 45 52 46 60 38 44 72 39 90 18 85 63 
88 60 26 58 71 72 21 66 47 51 49 62 38 44 72 41 89 19 85 63 
88 59 29 56 73 72 24 66 46 50 50 61 44 48 72 42 89 19 87 65 
87 64 30 57 77 76 23 66 47 51 48 63 43 46 74 44 91 24 89 67 
87 56 25 58 71 74 22 65 45 50 48 63 37 46 73 40 89 16 88 66 
88 63 33 62 76 76 23 68 45 50 50 63 46 48 76 42 91 22 89 67 
86 66 32 62 77 74 23 71 46 51 50 64 44 46 76 44 89 26 89 65 
88 61 31 60 75 72 25 65 47 50 48 63 40 46 72 42 91 22 86 66 