56 40 79 67 57 37 33 91 31 51 44 34 20 32 38 21 66 74 52 21 
55 40 77 61 53 35 30 86 30 48 45 32 18 30 38 18 57 70 48 15 
57 39 79 61 55 35 28 87 30 47 44 34 19 31 36 17 57 72 52 13 
56 39 77 59 55 37 29 86 29 47 45 34 15 27 38 19 58 67 51 14 
57 39 77 58 51 35 25 86 29 48 43 31 15 26 36 17 58 69 47 12 
55 40 77 58 51 35 25 85 30 49 44 33 14 29 37 18 57 67 47 12 
56 40 77 66 57 37 33 89 30 50 45 32 22 31 38 20 64 73 54 20 
57 40 79 64 57 35 30 88 30 49 43 34 19 31 38 20 58 71 48 15 
55 41 77 66 55 37 33 86 29 51 43 35 19 31 38 20 62 72 54 20 
56 39 77 60 54 35 27 85 30 48 44 34 17 29 37 20 59 71 50 16 
56 40 77 60 51 35 25 83 29 47 44 32 14 26 38 18 56 68 49 13 
55 40 77 59 53 37 25 86 29 47 44 31 14 29 36 19 57 70 47 13 
55 39 79 66 57 35 35 88 31 51 45 35 24 31 38 23 63 72 54 22 
57 39 79 68 61 37 34 89 31 51 45 33 22 31 36 21 66 73 54 22 
57 41 79 66 58 36 35 91 31 49 45 32 20 32 38 21 64 74 55 22 
57 41 79 68 61 37 33 87 29 48 45 35 23 34 38 23 64 71 52 20 
55 39 77 58 51 35 25 83 29 47 43 31 16 28 38 19 59 68 49 15 
55 39 78 65 56 37 30 86 30 50 45 35 17 30 38 21 60 71 53 18 
56 39 77 63 56 35 30 87 29 47 45 31 17 30 38 19 59 67 47 13 
55 41 78 65 57 35 34 86 29 50 45 34 22 29 38 19 61 70 52 17 
55 39 77 60 54 35 27 87 30 48 44 33 14 30 37 20 58 69 49 16 
55 41 79 60 53 35 29 85 29 49 43 31 16 29 37 18 59 67 49 16 
57 40 77 63 56 35 32 88 31 51 43 31 19 31 38 21 60 69 52 15 
55 39 77 67 58 35 32 87 31 50 45 35 22 34 37 19 61 72 55 18 
57 41 79 65 59 37 34 91 31 48 45 35 24 31 38 20 62 75 52 21 
56 41 77 61 58 36 29 87 29 51 43 32 18 32 36 20 63 71 50 19 
55 39 79 62 53 37 30 88 30 47 45 32 18 29 38 22 62 69 51 15 
57 41 79 63 55 35 30 89 30 49 45 34 21 33 37 22 61 73 51 20 
55 41 79 65 59 35 35 88 30 50 45 35 24 34 38 21 65 73 54 22 
55 40 77 59 54 35 29 86 30 47 43 31 17 28 37 17 57 70 48 12 
57 39 78 61 57 35 28 87 31 50 44 33 17 31 37 22 58 71 50 17 
55 41 78 61 54 37 30 87 29 47 44 34 16 30 36 20 58 70 49 14 
55 41 79 66 58 37 29 86 30 47 44 33 21 31 36 22 60 72 53 18 
55 39 77 59 54 35 26 86 29 49 43 31 16 26 38 17 58 70 48 12 
57 41 79 63 59 37 31 88 29 49 43 35 19 31 38 23 62 70 51 16 
56 41 77 67 57 37 33 88 31 49 43 35 23 30 38 23 63 74 55 22 
55 40 77 61 54 35 30 87 30 48 43 32 17 31 38 19 60 70 49 18 
55 39 79 59 54 36 28 86 29 47 44 32 14 28 36 19 56 67 50 15 
55 39 77 66 57 37 33 87 29 48 44 35 23 32 36 19 64 75 53 19 
55 39 77 60 51 35 28 83 31 48 43 31 14 27 36 20 58 69 47 15 
57 41 77 62 57 35 30 85 29 51 43 32 18 28 36 18 63 71 51 17 
57 41 79 64 54 37 31 89 31 49 45 33 19 31 37 18 61 69 52 19 
57 41 77 66 58 37 31 90 31 48 45 34 21 33 36 23 64 72 52 21 
57 39 77 61 53 36 29 87 30 50 45 33 17 31 37 18 61 70 51 18 
56 41 77 67 60 37 31 91 31 48 45 35 24 34 37 23 65 75 54 18 
55 41 79 64 56 37 30 87 30 51 45 33 17 29 36 20 59 71 53 19 
55 40 78 62 54 37 28 87 31 48 45 35 16 31 38 19 60 71 50 16 
55 39 79 61 55 37 28 85 31 50 45 33 18 31 38 20 61 71 49 14 
55 40 78 66 60 37 32 88 31 51 45 32 23 33 36 20 63 74 51 20 
57 39 79 58 55 35 28 83 29 47 43 31 18 27 37 19 56 68 49 15 
57 41 77 68 58 37 31 91 31 48 45 32 21 34 38 21 65 75 54 19 
57 41 79 68 61 35 35 91 31 51 44 35 21 34 36 23 64 72 54 22 
55 40 78 61 51 36 29 84 31 49 43 33 15 28 37 20 59 70 48 16 
55 40 78 64 57 35 31 87 29 50 43 34 19 29 38 21 60 72 50 17 
55 41 77 58 53 36 25 84 29 47 43 31 17 29 36 19 57 70 50 12 
55 40 78 64 55 35 29 87 29 49 45 34 18 29 36 20 62 71 48 17 
57 41 77 64 57 36 31 86 29 49 43 35 20 28 36 18 61 71 52 18 
55 39 77 61 53 37 25 84 29 47 43 34 14 26 36 20 58 67 47 12 
55 39 77 64 57 35 30 87 29 50 45 35 23 31 36 20 62 74 54 17 
57 41 78 65 57 35 32 89 30 50 44 32 22 28 38 20 61 73 53 20 
56 39 79 61 53 35 29 88 31 49 44 35 19 28 36 22 62 71 51 17 
55 41 79 62 52 37 29 84 29 50 43 34 16 28 38 20 59 68 49 14 
57 41 77 63 56 37 30 87 30 48 45 34 18 32 37 21 63 73 50 16 
55 39 78 63 56 37 30 87 29 48 44 35 19 33 36 19 62 70 53 17 
57 41 77 62 54 35 26 88 31 49 43 31 18 31 37 17 59 72 51 15 
55 41 77 62 56 37 30 86 31 49 43 33 18 31 36 20 62 70 50 14 
56 39 77 58 53 36 25 83 31 47 43 31 15 26 36 19 56 67 48 12 
55 40 78 67 61 37 31 91 31 49 45 32 21 31 37 22 65 74 52 18 
57 40 77 60 54 35 27 87 31 51 44 35 20 32 37 18 59 72 50 16 
57 41 77 67 58 37 34 89 31 50 45 33 23 32 38 23 64 72 52 22 
57 40 77 68 61 35 32 89 30 51 45 35 23 32 36 23 66 75 52 20 
55 39 79 60 54 37 28 87 29 47 44 34 16 30 36 18 59 68 47 15 
55 40 79 63 54 37 29 89 31 49 43 35 17 28 38 20 60 73 51 18 
56 40 78 62 52 35 27 87 29 47 45 31 16 26 37 18 58 71 50 13 
57 41 79 62 55 35 28 85 31 50 45 32 17 31 37 21 61 69 52 17 
55 40 77 66 59 35 31 87 31 48 45 35 23 30 38 23 61 73 53 19 
56 41 77 63 53 35 27 83 30 49 45 34 19 26 38 21 58 70 51 16 
57 40 79 62 54 35 30 87 30 51 45 34 19 29 36 22 62 70 52 19 
57 39 77 65 59 37 35 90 31 49 43 35 23 33 38 20 64 74 55 19 
55 40 77 58 51 35 27 83 30 47 43 32 15 26 38 17 57 67 47 13 
55 39 78 62 52 35 29 87 31 48 45 33 15 30 37 21 58 68 48 15 
55 39 77 60 51 35 26 83 29 48 44 32 17 26 36 20 57 67 48 15 
57 41 78 67 58 37 32 87 31 51 43 35 22 30 37 23 63 75 53 21 
57 39 77 62 53 36 30 88 29 49 45 31 16 28 38 21 61 71 52 15 
56 40 77 61 53 35 25 85 29 49 43 31 15 29 36 20 58 70 47 14 
57 41 78 66 60 35 33 91 29 48 45 34 23 33 36 23 62 72 53 18 
56 41 79 66 57 36 31 87 31 49 43 34 19 33 38 20 62 73 53 17 
55 41 77 59 51 35 25 84 31 47 45 32 15 26 38 18 59 70 47 15 
55 41 78 63 52 36 26 86 31 47 44 34 17 29 36 19 58 70 48 14 
57 39 77 65 57 35 30 89 30 48 44 34 23 32 38 19 62 71 53 18 
57 41 79 65 57 37 30 88 29 50 45 33 17 28 36 18 60 73 49 19 
57 39 77 66 61 37 35 88 31 51 45 35 22 34 38 21 64 75 55 22 
57 41 77 58 52 36 27 86 31 47 43 34 16 26 38 17 58 68 49 12 
57 40 77 58 53 35 25 83 29 48 43 31 16 28 36 19 56 67 49 12 
55 41 77 58 54 35 29 86 30 48 43 31 17 29 36 19 60 70 47 14 
57 41 77 62 58 37 32 87 30 51 43 32 17 28 38 22 63 70 50 19 
57 39 79 59 55 37 26 84 31 47 45 33 16 28 37 20 57 68 47 16 
57 41 79 66 59 36 30 87 31 49 45 31 18 33 37 19 61 73 52 17 
56 39 79 60 54 35 28 84 29 49 45 33 16 30 38 18 61 69 49 14 
55 41 77 66 58 35 30 91 31 50 45 35 20 30 38 22 62 74 52 18 