17 14 46 69 35 77 37 21 9 43 39 84 78 4 76 81 17 45 92 45 
15 14 46 68 35 77 39 21 11 43 37 84 78 4 74 81 17 42 91 47 
15 14 50 70 36 77 41 23 11 45 39 84 80 9 81 85 20 45 91 47 
15 15 50 68 35 79 40 22 10 47 41 83 79 5 76 84 19 42 93 46 
15 14 50 70 34 79 43 22 9 46 41 84 80 10 80 84 21 47 91 48 
15 14 46 70 34 77 38 24 10 43 39 84 78 8 74 81 21 44 91 48 
15 16 48 69 34 78 41 24 11 46 42 85 78 11 82 85 22 50 95 48 
16 14 46 68 35 77 41 23 10 43 40 84 78 8 79 81 21 46 91 45 
17 14 49 68 37 78 43 22 9 46 41 85 78 11 79 84 26 50 94 47 
15 15 49 68 33 77 39 21 11 43 40 84 78 7 76 81 17 44 91 45 
15 14 50 68 35 79 41 24 11 49 40 85 80 11 81 83 27 49 95 49 
16 16 47 68 33 78 39 21 11 47 39 83 78 8 80 82 21 46 93 47 
16 15 51 70 37 79 40 25 11 49 43 83 80 14 80 83 24 49 95 47 
17 14 49 68 36 79 39 23 10 44 38 85 80 5 75 83 21 42 91 48 
17 14 47 68 33 79 41 25 11 43 39 83 80 9 80 83 19 46 95 47 
17 16 51 68 37 79 43 25 11 49 43 84 78 14 84 85 27 50 95 48 
15 14 48 68 37 79 43 22 11 46 43 84 78 9 80 83 24 46 95 49 
15 14 51 69 35 79 42 25 9 48 40 83 80 12 81 83 27 50 94 49 
17 14 51 70 36 77 41 25 9 49 43 85 78 9 80 83 24 48 95 47 
17 16 52 70 34 79 40 22 11 47 41 83 80 14 82 82 24 50 95 46 
17 15 49 68 34 79 40 21 9 45 40 85 79 9 77 83 20 47 94 47 
17 14 48 68 34 77 39 22 9 46 40 84 78 6 77 82 20 47 93 46 
17 15 48 69 33 79 43 21 9 48 41 83 79 11 81 81 25 46 95 49 
15 15 46 69 33 78 37 21 10 45 38 83 78 5 74 81 17 42 92 46 
16 16 50 68 35 77 41 23 10 48 41 85 78 12 79 82 25 48 95 47 
16 16 49 68 33 77 38 21 9 43 37 83 78 4 74 83 18 44 92 47 
16 16 52 70 37 79 43 25 11 49 43 85 80 14 84 85 25 50 95 47 
16 15 48 70 36 77 38 22 9 47 37 85 78 6 80 83 21 47 93 45 
17 16 51 69 37 79 43 25 11 46 40 83 80 14 81 85 26 50 93 49 
16 16 50 68 33 79 41 21 10 45 41 85 78 8 79 85 22 47 94 49 
15 14 47 70 33 78 37 21 9 47 38 83 79 8 77 83 21 43 94 48 
16 14 50 68 35 79 39 24 9 47 40 83 80 7 81 85 24 44 93 45 
17 16 50 68 36 77 40 22 11 44 37 85 78 10 78 81 20 47 93 46 
15 16 46 68 34 77 39 21 9 44 38 83 79 5 74 81 17 42 92 46 
15 16 52 68 37 78 43 24 10 47 42 85 78 10 80 83 26 48 94 47 
15 15 47 68 36 77 38 21 9 43 37 85 78 8 75 83 17 42 91 46 
15 16 48 69 35 79 40 24 11 47 39 83 78 7 81 81 22 45 91 46 
16 14 48 70 35 77 39 21 11 44 38 84 79 8 80 84 21 43 91 45 
17 16 49 69 37 79 40 21 9 43 40 83 80 8 76 83 21 43 92 46 
17 16 48 70 37 77 40 25 10 49 43 85 80 10 80 84 24 45 94 47 
17 14 48 70 34 79 40 22 11 47 37 85 78 9 76 84 20 45 91 46 
17 16 48 70 35 77 40 23 9 48 40 83 78 9 77 85 20 44 92 46 
17 15 49 70 33 79 38 22 11 45 42 83 78 6 76 82 21 46 91 47 
16 15 46 68 36 77 38 21 10 43 38 85 80 7 77 81 19 42 93 48 
16 14 49 68 34 79 40 24 9 46 43 85 80 14 84 83 27 50 94 46 
15 14 47 68 35 77 37 23 9 43 37 85 78 7 74 81 17 43 91 46 
16 14 49 68 34 79 39 25 11 44 38 85 80 12 79 82 25 47 94 47 
17 15 48 70 33 77 37 22 9 43 37 83 80 8 77 81 17 43 91 45 
15 14 52 70 34 78 41 25 10 49 41 85 79 11 81 85 24 46 93 49 
15 14 46 68 36 77 38 23 11 46 38 84 78 4 75 81 17 44 94 45 
17 16 52 70 36 78 40 24 10 49 42 85 80 8 80 82 21 45 94 49 
15 14 49 70 33 77 38 21 9 43 37 83 80 5 74 83 17 45 92 45 
17 16 52 70 37 77 42 22 9 49 40 85 78 14 83 83 24 50 92 48 
16 16 46 68 36 77 37 21 9 46 40 85 78 10 80 82 19 44 92 48 
17 16 52 70 36 79 43 22 10 46 42 84 78 10 81 85 26 49 93 49 
17 15 46 69 33 77 41 22 11 44 41 84 80 6 79 81 18 43 92 45 
17 15 50 68 34 78 42 24 11 46 41 83 78 11 80 82 23 49 95 49 
17 15 46 68 33 79 39 24 9 47 38 85 78 8 78 81 20 43 93 45 
15 14 49 70 34 79 41 23 9 46 41 85 79 9 76 84 21 46 91 45 
17 14 46 68 33 79 41 22 9 45 37 85 79 7 77 82 19 42 94 47 
15 14 49 70 36 78 40 23 9 43 39 83 78 9 76 83 20 44 92 45 
17 16 50 69 33 77 39 22 9 44 39 83 79 9 80 81 20 48 93 45 
16 16 46 69 33 79 38 23 9 46 40 85 79 6 77 82 18 44 93 45 
16 16 52 68 35 77 42 24 9 45 43 85 78 12 83 85 25 49 94 49 
15 16 50 68 33 79 40 23 9 43 41 83 78 7 77 83 19 47 93 47 
15 15 49 68 33 78 37 21 10 43 37 85 78 6 77 83 17 43 92 45 
17 14 48 68 36 79 42 24 11 48 41 85 79 8 79 82 24 45 93 46 
17 15 47 69 33 77 37 21 9 44 37 85 78 6 75 83 18 42 92 45 
16 15 51 69 34 77 43 25 11 47 40 85 78 12 81 83 25 48 95 46 
15 14 51 68 34 79 39 21 11 47 40 83 78 9 80 85 24 45 91 45 
16 15 48 68 35 77 39 24 10 44 40 83 78 11 80 84 22 47 94 47 
15 14 50 70 34 79 43 25 11 48 43 83 80 8 82 82 23 46 92 46 
15 16 49 68 35 77 41 22 9 47 41 84 78 10 79 83 24 45 93 48 
17 16 51 70 36 79 41 25 9 48 41 83 80 13 83 84 27 48 94 48 
15 14 47 69 34 77 38 23 10 44 38 83 80 7 76 81 20 43 92 45 
16 15 52 70 37 78 43 23 11 49 43 84 79 14 84 83 27 50 93 48 
15 16 48 68 33 77 37 21 11 43 37 83 78 6 75 81 18 43 91 45 
15 14 50 69 36 79 41 24 9 43 40 83 80 8 75 84 21 43 91 47 
16 16 46 68 36 77 39 24 9 46 38 85 78 7 80 81 20 45 91 45 
15 16 52 68 37 79 41 25 11 47 43 85 78 12 80 83 24 48 92 46 
16 15 47 68 35 78 40 23 9 44 37 83 78 6 75 82 19 45 92 47 
15 16 51 68 33 79 43 22 11 49 41 83 79 12 82 84 22 47 94 46 
16 15 50 70 37 77 41 24 9 46 43 85 78 12 80 83 25 47 95 49 
15 14 50 70 37 79 42 23 11 48 41 83 80 14 84 85 24 50 93 48 
15 16 50 69 35 77 40 25 9 48 42 83 78 6 78 81 20 46 92 46 
17 16 52 68 37 78 43 25 10 48 39 83 80 8 81 85 21 49 95 47 
17 16 46 70 33 79 40 21 11 44 40 83 78 4 74 81 20 44 92 46 
17 16 52 69 35 77 42 23 11 49 43 85 80 12 83 85 27 50 93 49 
16 14 50 70 36 77 40 24 9 48 39 85 79 9 83 83 24 50 92 46 
17 14 51 70 37 78 43 23 11 48 43 83 80 14 82 85 27 49 94 47 
17 16 49 70 34 79 43 25 11 48 43 84 80 14 84 83 24 48 94 49 
17 15 50 68 36 79 39 21 11 45 37 85 79 8 76 84 21 44 94 45 
17 14 47 68 33 77 40 24 9 45 39 83 78 4 76 83 21 42 91 48 
17 15 51 69 36 78 40 23 9 49 40 83 80 11 83 85 25 47 94 49 
17 16 49 68 34 79 40 23 9 48 43 83 80 14 83 85 24 48 92 48 
17 14 51 70 37 79 41 25 9 45 39 83 80 10 78 81 22 43 95 49 
16 16 48 68 33 77 39 23 11 45 40 83 80 5 77 83 20 45 91 46 
16 15 48 68 33 79 39 22 9 43 38 83 80 9 76 81 21 45 91 46 
17 16 52 70 37 79 42 22 11 47 43 84 79 10 84 85 24 50 94 46 
17 16 51 70 36 77 41 25 10 49 42 83 79 14 84 85 27 50 95 49 