c SAT09-Contest Parameters: unif k=5 r=21.3 v=120 c=2556 seed=179172230
c Uniform UNKNOWN KSAT Instance k=5, nbc=2556, nbv=120, seed=179172230
p cnf 120 2556
-95 27 47 105 41 0
-48 -108 47 -80 53 0
-78 4 -85 37 114 0
-91 -5 -45 -36 23 0
-9 -14 77 -118 100 0
-36 84 -67 45 -8 0
-98 6 96 -33 80 0
88 -5 -85 41 -117 0
-12 77 -72 23 -6 0
35 9 85 -91 115 0
-53 19 63 18 -65 0
2 -48 52 101 116 0
106 -89 70 -98 51 0
91 -55 -41 -92 100 0
-74 -112 -60 -120 118 0
26 24 97 47 13 0
47 81 -91 98 -60 0
-98 -58 13 -36 7 0
113 55 -3 44 -79 0
-118 -71 -40 -30 -5 0
112 -97 -59 16 -120 0
36 -52 82 -71 70 0
-96 -68 35 94 86 0
71 40 -81 -37 -73 0
119 29 78 -106 -116 0
-57 -1 17 -111 -99 0
89 34 -97 -107 91 0
50 47 -21 -69 -31 0
-60 35 -92 95 -41 0
-39 3 17 66 -114 0
-62 -7 -2 112 32 0
14 110 -32 -100 -43 0
81 29 34 -63 -49 0
-16 -99 49 -50 -112 0
-52 112 63 91 -111 0
-67 -14 -66 79 12 0
105 116 91 -52 4 0
84 -26 20 -47 73 0
41 -57 -119 10 116 0
51 12 -62 -90 -2 0
38 -29 42 31 -5 0
3 12 64 77 -43 0
39 -53 36 95 -115 0
3 75 72 12 -89 0
-67 -78 91 100 -80 0
54 -77 -98 -8 30 0
-84 26 77 25 85 0
104 84 -110 -82 102 0
112 38 22 60 88 0
-31 2 -91 32 -46 0
108 28 90 7 107 0
91 -25 47 24 -75 0
75 -43 41 -34 8 0
-69 108 -68 114 8 0
64 -80 -107 13 112 0
-2 72 -23 58 -65 0
16 -62 111 -80 -84 0
-85 66 115 50 -63 0
95 109 -39 -68 -113 0
-118 -85 63 -92 12 0
-55 -100 -9 -56 -72 0
-16 77 -71 -51 -100 0
101 -97 -85 109 -66 0
112 77 -49 2 37 0
-15 -12 56 87 100 0
-30 -44 25 45 63 0
14 111 27 56 -24 0
100 23 9 -74 -66 0
-42 13 -100 93 -51 0
-15 90 35 -45 -24 0
-61 -106 115 42 -90 0
2 82 97 52 -86 0
105 -47 106 -70 50 0
-98 -96 -74 -77 39 0
103 58 -54 -5 104 0
-88 -71 42 95 -84 0
15 28 -31 83 -32 0
108 9 -4 -27 -104 0
-74 7 -111 -107 5 0
-23 -10 107 -36 109 0
-14 36 18 35 -27 0
-37 72 96 25 -21 0
-32 -49 94 -82 -104 0
-76 47 18 -32 -109 0
-70 38 69 -84 -95 0
-2 -27 48 -85 11 0
80 -64 -78 -71 -14 0
47 -85 -105 97 -6 0
52 -77 58 -80 -13 0
90 -56 98 -115 -3 0
-108 93 -13 -105 -25 0
59 -117 34 19 -76 0
-83 -2 -79 -32 29 0
-83 88 -11 -62 -111 0
37 113 -18 85 -118 0
-66 -25 -63 110 -41 0
120 30 -86 103 29 0
-101 -74 88 -98 -5 0
32 5 -45 -43 93 0
-112 14 54 56 40 0
34 47 89 -107 2 0
56 -60 81 -61 -4 0
93 53 94 -104 25 0
37 -31 -69 15 -119 0
48 61 -33 -20 93 0
-47 81 30 -88 83 0
37 50 -83 -66 55 0
113 119 -90 75 4 0
-13 -113 -29 27 37 0
108 -109 19 -37 48 0
28 -73 94 -57 32 0
95 -109 -17 -111 -14 0
-33 99 -39 93 -82 0
46 -61 -16 42 81 0
12 117 24 18 57 0
41 33 110 17 -27 0
-102 -88 -71 -76 55 0
65 92 67 -74 -9 0
-116 99 68 -51 -62 0
-77 75 -12 -20 67 0
13 -25 -34 44 -108 0
92 67 -56 4 -50 0
-20 -94 33 -5 52 0
-16 110 23 -18 -67 0
-105 -92 -78 -96 15 0
26 -30 -9 105 114 0
84 -99 49 -98 67 0
-71 83 -103 1 102 0
119 26 -74 -19 -45 0
-77 -57 -25 -70 -79 0
-23 64 -81 83 -99 0
108 -76 103 22 97 0
-105 -90 -57 -76 -85 0
-28 -75 113 105 118 0
19 59 118 3 -43 0
86 32 -69 -48 96 0
58 120 94 49 66 0
-41 31 -59 -22 48 0
-41 -92 68 64 -8 0
20 14 -119 -72 108 0
-29 93 47 28 58 0
-108 -20 70 51 -77 0
-14 65 -90 -88 8 0
-35 -94 -3 1 115 0
-98 -88 -37 59 50 0
25 112 -89 -34 3 0
12 77 44 -5 110 0
104 -101 86 109 39 0
-101 -99 112 -6 52 0
32 2 89 120 -5 0
46 -54 3 34 80 0
-115 -103 10 104 88 0
-34 -44 75 -41 90 0
57 31 26 33 -19 0
-12 53 106 -89 79 0
-4 -56 -26 -60 -84 0
113 -45 10 57 9 0
-35 -89 -15 30 42 0
39 99 -94 104 -72 0
63 87 -88 -56 -19 0
-100 84 20 22 -81 0
-36 -109 -93 18 116 0
-23 33 45 86 -25 0
45 37 73 -107 -104 0
38 66 33 -109 115 0
20 43 -6 54 -68 0
-75 -83 -1 47 10 0
-54 49 74 -37 13 0
47 -48 -85 -57 24 0
-96 117 -89 -94 105 0
-45 31 37 56 -46 0
-104 -100 -62 -84 82 0
-2 -86 -117 116 70 0
-73 -17 -88 -87 6 0
90 -104 20 -14 -43 0
92 33 -42 -113 -119 0
17 -56 55 -87 -46 0
-34 -82 85 -62 86 0
74 29 115 -15 108 0
-48 86 38 7 42 0
-96 -68 92 -39 -11 0
-19 -60 -70 117 -40 0
98 -108 71 84 -29 0
10 81 62 109 87 0
103 -82 -32 -97 -115 0
-11 -105 -37 23 13 0
-6 -55 -99 -20 96 0
87 -91 -2 80 -29 0
116 48 38 -35 84 0
-111 70 -56 -42 17 0
61 -97 -32 33 77 0
67 -101 -52 -77 78 0
-14 10 113 -12 20 0
-52 -12 112 6 -35 0
85 34 -94 -84 52 0
-92 109 -29 -47 17 0
69 27 -96 3 -42 0
-64 18 72 63 -42 0
76 59 115 47 8 0
-107 -11 -35 31 -88 0
-74 78 -10 -83 -64 0
67 -18 -84 93 -52 0
72 55 51 -68 7 0
34 67 -52 20 -29 0
18 101 -46 74 -53 0
15 107 77 28 90 0
-44 -51 113 109 32 0
-117 -41 -77 50 63 0
-55 90 24 -95 10 0
111 -100 29 -114 23 0
36 -87 29 22 118 0
50 117 13 4 35 0
-76 36 107 1 50 0
-90 -86 77 -73 87 0
-55 -38 89 22 -72 0
-87 -71 11 -29 -37 0
34 42 -63 114 -97 0
-86 -96 82 -52 37 0
39 -31 -6 -46 51 0
111 89 -83 31 47 0
-37 39 14 77 -103 0
69 117 -11 -20 36 0
18 35 60 -74 98 0
-76 -2 16 -34 72 0
-19 -83 71 85 53 0
14 89 -85 -43 51 0
-29 -36 95 109 -49 0
112 -10 97 57 67 0
44 77 -32 -119 81 0
-94 56 19 60 -39 0
-68 -55 105 37 -92 0
30 64 -27 28 49 0
75 96 31 40 -2 0
-78 110 -26 -43 -14 0
46 -28 30 84 -80 0
44 -35 15 -36 42 0
85 6 4 52 -62 0
-61 -87 -24 -27 -63 0
16 91 43 22 120 0
72 94 -74 5 115 0
104 35 26 -120 40 0
-2 39 114 76 40 0
-78 40 67 28 119 0
17 78 -52 109 35 0
-114 -84 -8 -93 -40 0
-24 101 73 42 -31 0
-53 -109 -91 -36 6 0
-41 62 46 -12 88 0
68 -10 -81 -57 -33 0
60 75 -70 -26 -50 0
-15 -120 19 -12 64 0
-81 -89 -60 -52 83 0
-50 39 82 -105 -96 0
-102 -76 -21 30 66 0
-96 -80 85 31 -95 0
-6 29 -23 -109 3 0
-8 -59 -104 -51 -44 0
-4 -31 -53 -95 10 0
-76 93 -60 -95 -4 0
-13 -81 -94 -31 -78 0
20 -92 -44 -45 -108 0
87 -70 -47 56 -58 0
118 70 -21 -23 67 0
5 -62 16 -1 3 0
-114 51 29 -72 -119 0
24 -79 75 15 30 0
78 -47 -10 -4 -3 0
118 -96 -59 -26 89 0
-20 -85 -77 73 60 0
-20 -50 -49 39 -60 0
-48 85 -40 -117 -14 0
-1 -114 9 64 -56 0
111 105 -93 91 61 0
67 4 -15 -115 -16 0
62 -80 79 31 -27 0
-90 -60 -56 -99 65 0
-43 -64 -118 45 107 0
-107 69 118 -90 -41 0
49 -13 -85 -21 94 0
-102 -96 62 3 85 0
-46 -36 18 21 62 0
104 73 99 -64 101 0
-84 52 6 32 99 0
117 -67 20 -66 -72 0
102 -117 50 -91 -94 0
-29 -33 116 74 -47 0
22 77 75 -53 -16 0
27 -58 52 118 101 0
-94 -28 -90 44 -49 0
-96 13 39 28 -106 0
-94 -41 36 -20 -114 0
4 -10 92 54 -23 0
106 53 -50 84 61 0
-120 82 67 -12 30 0
86 92 65 75 80 0
100 95 -63 2 -101 0
97 98 21 56 -10 0
37 118 71 -72 -60 0
3 96 -71 2 -66 0
-15 -83 100 -36 -120 0
-21 -60 117 43 -37 0
97 -57 -60 -80 44 0
-67 -25 59 28 90 0
-56 19 41 -113 14 0
102 -17 -88 41 -32 0
-89 109 80 -31 106 0
-35 -30 -36 68 -34 0
-59 71 54 32 85 0
60 41 -45 -95 -108 0
-76 -1 -75 -57 -65 0
104 -106 78 92 15 0
-52 109 -1 93 -108 0
55 -102 -49 92 -79 0
-76 39 117 -101 106 0
-24 68 10 -45 44 0
-62 -96 34 99 10 0
42 -120 26 77 83 0
-1 -100 -119 -17 91 0
76 38 -74 -75 -77 0
-110 49 78 104 80 0
97 54 -28 -65 -96 0
103 -66 102 -91 72 0
20 45 -50 -22 -37 0
-100 -60 -89 -86 -11 0
-68 112 13 -33 -30 0
31 46 117 -79 -9 0
-118 -9 22 -25 11 0
-49 28 91 14 25 0
108 -92 -11 7 -105 0
84 4 -41 70 -13 0
-100 -38 102 49 -11 0
-38 -8 31 97 -107 0
-53 -65 43 -81 50 0
-72 -33 -38 117 9 0
-38 6 56 63 73 0
-114 -119 -60 -43 34 0
-113 -2 93 39 -5 0
-97 93 -87 18 60 0
-77 95 -112 118 -55 0
6 -15 -72 -47 -78 0
-37 -93 -38 88 25 0
31 -1 -35 -56 -28 0
16 -69 30 77 -47 0
41 -4 79 12 19 0
-91 36 -72 89 -39 0
-69 -38 -21 -13 -55 0
-92 79 53 16 -84 0
100 -85 -25 -84 43 0
109 -56 8 95 54 0
-79 5 119 74 -1 0
-49 -91 -115 -109 80 0
-83 5 91 -110 8 0
49 105 -69 -62 -95 0
49 4 62 1 -25 0
28 96 76 12 -91 0
-13 -31 66 56 -48 0
-118 97 19 -54 -88 0
-100 65 -28 21 -86 0
-58 -10 -96 -68 83 0
-62 -92 -82 76 9 0
94 -39 63 -58 105 0
-75 2 10 40 -9 0
-73 83 109 -34 -60 0
-107 31 -71 -91 57 0
-32 -117 -95 11 84 0
17 90 -80 -23 35 0
-115 35 -39 -74 81 0
105 -18 84 -94 48 0
-84 -88 96 -36 72 0
7 -16 11 -47 28 0
69 -84 -92 116 95 0
54 -60 101 12 34 0
87 29 82 35 -4 0
-15 75 -40 -26 -111 0
-78 -58 -65 53 55 0
-39 -6 -3 -108 -96 0
-101 -64 88 18 -113 0
-15 112 -90 -36 -11 0
-46 22 -104 -86 120 0
-68 -1 47 -28 72 0
39 -71 -45 76 64 0
-35 -102 -38 64 44 0
69 7 -27 49 -118 0
-75 85 -68 65 90 0
-108 119 60 54 -38 0
-67 88 54 8 48 0
-102 42 27 77 -11 0
-101 -51 -87 -14 114 0
116 37 -14 77 -74 0
-26 5 -3 -56 6 0
-65 -82 -46 -52 -27 0
99 -11 -34 14 90 0
43 -106 7 -3 -108 0
-112 65 85 -48 29 0
64 -17 -1 41 -38 0
53 106 -5 -79 1 0
-16 -119 -65 -70 -99 0
-67 -107 116 -15 -120 0
-47 -13 -90 -23 -24 0
-115 -15 120 -77 -72 0
48 97 102 -21 9 0
-48 -73 -87 76 -91 0
13 19 80 107 87 0
-92 -77 -48 41 -53 0
88 105 40 -83 62 0
95 -19 -102 -11 -15 0
26 111 54 -40 107 0
-24 -73 114 81 108 0
9 96 -75 6 -44 0
62 6 -53 -91 -35 0
-65 31 -67 -10 101 0
49 -78 -17 100 -117 0
-43 94 -111 109 118 0
39 -81 -79 94 55 0
85 63 7 75 -102 0
-10 9 73 8 -80 0
85 -67 73 -114 111 0
-2 15 103 27 20 0
95 -33 -35 -107 111 0
44 -79 -97 -4 -31 0
-26 111 -108 -36 -85 0
-48 -28 41 -74 -60 0
-80 1 -100 111 68 0
97 54 13 -61 -55 0
103 84 -63 -71 -31 0
-80 -114 -29 58 -76 0
-41 -98 -20 14 -38 0
-105 51 -30 -72 10 0
111 93 51 77 -21 0
113 84 35 81 63 0
117 -18 115 41 -27 0
-49 -20 -1 -23 -58 0
108 104 21 -54 -67 0
99 44 111 -43 -105 0
-81 86 54 -51 42 0
-119 -39 101 1 41 0
-31 -12 -16 113 33 0
-8 11 94 59 -20 0
12 10 -1 -109 -25 0
70 -48 10 -82 1 0
-101 107 102 -54 104 0
21 91 -44 93 -61 0
100 -2 51 113 -78 0
60 -84 24 -81 -91 0
2 12 33 78 -76 0
48 6 46 13 107 0
13 -35 -88 -114 66 0
-29 27 -113 72 66 0
-88 -83 42 -29 -47 0
-24 -62 35 -116 77 0
-114 9 25 80 -72 0
3 -17 13 94 -112 0
56 80 74 -26 -23 0
11 87 36 21 20 0
11 -55 -94 64 48 0
-100 117 2 3 -40 0
32 -80 -71 24 16 0
5 57 97 63 -120 0
32 -96 -18 -57 111 0
110 52 -74 -116 92 0
-12 81 74 69 82 0
59 65 26 13 -103 0
-58 -25 42 -111 -77 0
-49 -58 36 -67 29 0
-53 -22 -2 -80 9 0
17 -35 56 20 114 0
-8 64 -52 77 84 0
27 72 -14 -95 87 0
36 50 -25 26 -31 0
-21 62 -103 63 -112 0
-45 42 -66 70 -29 0
-24 19 14 -59 88 0
-59 -7 72 -114 50 0
-40 3 -90 -17 109 0
-75 109 86 17 -41 0
113 92 100 110 -57 0
78 -13 57 -29 21 0
-118 -29 69 108 -19 0
-69 8 -11 83 81 0
39 -114 119 33 3 0
-44 28 106 -68 -60 0
-2 97 -48 117 109 0
29 117 78 72 -23 0
-42 -75 19 -45 33 0
-51 113 -43 16 -117 0
31 101 -108 -98 7 0
-76 -88 20 59 -117 0
86 -18 -29 47 -38 0
-38 35 -56 -70 31 0
52 37 -80 32 -108 0
-8 16 -81 -59 -4 0
-50 -44 -60 -106 -11 0
-86 -3 -81 -58 -100 0
20 -119 13 80 88 0
-48 -5 101 70 75 0
-102 -23 42 66 -95 0
-26 33 -29 104 -117 0
-72 -88 15 -21 34 0
45 -15 -119 -49 36 0
-109 -18 -86 66 -34 0
21 106 -62 56 -85 0
-57 103 -75 9 -45 0
-27 -105 54 90 19 0
-61 -109 27 47 12 0
-50 -19 -21 15 97 0
73 93 47 8 25 0
-19 -66 -12 57 -54 0
70 -18 -17 -62 66 0
90 41 -75 88 -103 0
108 77 9 25 27 0
14 62 65 -69 109 0
43 -32 -20 50 -69 0
99 34 110 -24 108 0
92 27 -33 111 97 0
-115 -57 -103 13 -64 0
-64 -18 97 19 21 0
-51 -7 26 -49 -20 0
-115 44 41 -9 -58 0
15 113 -98 39 -90 0
1 52 -98 -47 -93 0
51 -81 -20 1 55 0
-99 -58 -102 -61 31 0
79 -50 -39 87 -54 0
-33 27 80 -114 -74 0
-17 118 -23 -110 -119 0
-113 -52 -88 70 57 0
114 108 -82 -67 -26 0
-4 -72 -118 -100 -58 0
-8 56 93 30 78 0
-45 54 -92 -99 -91 0
59 -48 95 105 32 0
53 93 -98 12 107 0
-93 -40 63 -42 50 0
46 106 -118 -18 35 0
26 89 76 -63 74 0
-56 80 -74 -107 64 0
8 -24 -83 73 -5 0
-30 75 -28 64 -117 0
20 -65 -28 -2 14 0
51 -54 13 97 116 0
-74 10 22 58 -9 0
103 108 7 -65 30 0
-72 -99 -35 -21 -77 0
-111 -40 58 39 27 0
51 74 -57 53 -88 0
-80 42 -45 -50 87 0
-81 -36 -78 62 -89 0
43 98 -57 76 -37 0
72 -83 55 70 73 0
-110 113 -34 -120 -67 0
-63 -108 104 76 -34 0
-103 -108 98 73 26 0
-83 -58 42 25 65 0
9 -80 49 -40 3 0
-116 58 51 -25 -83 0
28 -66 -120 55 -116 0
8 31 -18 -60 -24 0
-6 -38 118 60 113 0
-6 52 46 -31 107 0
-109 101 -50 90 -19 0
44 75 81 24 -32 0
107 -75 43 25 -74 0
99 -5 -82 -79 42 0
45 -2 46 -71 -102 0
85 -19 6 41 -14 0
-42 -57 -72 -99 -71 0
8 -105 -114 91 99 0
-46 -39 103 -6 -75 0
18 -12 42 -93 115 0
-40 -38 10 54 -96 0
52 96 87 15 -101 0
-112 86 -72 88 27 0
-87 83 90 -37 -73 0
56 -34 95 -108 92 0
-79 -86 -87 52 -81 0
-17 24 53 72 16 0
-101 29 14 112 -56 0
-69 -116 -57 -91 5 0
64 86 20 -85 -62 0
105 80 -92 53 -79 0
34 -9 -63 76 -83 0
-20 -108 22 42 -52 0
-53 -112 -104 -108 34 0
-90 51 -108 66 87 0
96 -70 -82 104 -54 0
-30 -46 -10 -67 -92 0
20 22 -93 77 79 0
-3 117 52 43 81 0
71 83 -13 26 -90 0
-60 -58 59 91 68 0
58 103 -22 12 -70 0
-41 84 -17 95 -56 0
40 54 -77 6 -7 0
96 23 118 112 108 0
102 -82 -31 42 -20 0
-70 92 36 116 94 0
114 -66 -27 60 -74 0
-80 75 1 20 110 0
-18 98 -63 -37 -55 0
-61 80 65 -70 -5 0
-51 -79 6 109 -120 0
-64 39 -7 -56 -40 0
54 38 106 120 -79 0
-89 -40 -116 -120 -8 0
13 -106 27 62 -31 0
46 -9 50 87 13 0
-70 83 76 -19 -73 0
-20 -71 -104 -46 43 0
42 23 -119 -59 107 0
11 -53 47 50 -84 0
-90 -88 -108 -18 117 0
-109 28 88 84 112 0
97 -7 -95 -37 -118 0
27 104 7 65 4 0
-85 99 4 19 -93 0
38 12 99 98 10 0
-16 62 -30 90 93 0
-36 -86 48 -81 -57 0
77 -4 19 -75 -118 0
90 -120 -13 99 4 0
76 7 -54 11 -2 0
69 41 46 -54 55 0
85 -65 55 114 60 0
105 -37 -58 -46 15 0
-5 -4 115 -51 -109 0
-74 -99 11 -43 -90 0
86 18 96 91 -111 0
-12 41 -45 -73 85 0
110 114 -47 -61 75 0
-116 37 -64 -76 -93 0
-20 -61 120 -96 -81 0
13 -99 -39 -11 115 0
10 -6 3 58 -103 0
25 14 -62 71 85 0
98 101 104 102 -118 0
-80 -87 -53 -34 -48 0
21 -19 -37 -48 -118 0
17 -110 -52 88 10 0
22 13 -65 -63 120 0
-41 86 -60 14 -100 0
24 -99 -10 39 84 0
-105 97 -19 15 120 0
-60 62 79 8 -51 0
38 102 66 4 -22 0
-35 -114 -56 -51 -93 0
85 91 58 -28 22 0
-52 -32 75 -24 82 0
-45 53 8 50 -59 0
108 55 50 7 57 0
-36 87 -21 -45 -119 0
91 2 -81 -11 66 0
-32 -94 11 79 -101 0
45 4 84 -53 -70 0
-14 94 -63 -23 -65 0
24 22 63 21 49 0
38 17 -106 66 -108 0
89 -55 15 118 -71 0
-7 -38 90 61 -1 0
-111 -83 -80 107 106 0
-40 95 17 91 27 0
-75 -15 62 -92 -94 0
-111 -11 -91 22 115 0
-51 81 -9 14 -112 0
-21 -75 -59 -18 3 0
75 -83 103 -2 -111 0
-11 78 -49 -118 12 0
-106 52 -102 -74 -60 0
9 -88 59 76 -47 0
-112 17 75 40 104 0
90 18 -14 120 42 0
-43 -100 80 42 120 0
-62 102 -81 89 -74 0
34 -79 91 14 -77 0
99 -65 -101 13 30 0
56 29 108 -59 -54 0
14 -103 -15 20 -44 0
84 -96 100 -52 -99 0
5 -52 -71 -22 -115 0
22 43 101 78 -85 0
-96 24 76 29 115 0
-88 42 31 -58 2 0
7 -61 28 107 41 0
107 -119 -89 -13 -81 0
5 6 -67 38 89 0
57 62 -25 -39 -74 0
-82 -96 -70 34 62 0
89 -43 -111 10 -113 0
-67 73 -46 97 -108 0
43 111 29 -83 22 0
-58 89 83 88 107 0
-70 -8 61 -119 -17 0
-87 55 78 -18 -26 0
-64 -29 -62 112 -84 0
-110 -31 55 -51 8 0
-40 6 -53 58 -2 0
-108 -47 98 -8 18 0
-67 4 5 69 113 0
2 -51 -7 89 -53 0
29 -36 -57 63 102 0
-35 88 -25 97 27 0
-49 -2 -35 83 -74 0
94 56 -57 -22 -55 0
80 51 8 -20 48 0
75 74 -76 85 -111 0
-54 -20 -93 100 75 0
118 5 -82 -3 27 0
26 28 88 20 30 0
42 62 5 -9 77 0
-114 54 -94 -56 106 0
-42 63 -113 -61 -109 0
-85 19 46 69 -104 0
61 -106 52 50 -49 0
70 -46 -39 -42 -50 0
-69 62 42 -112 -41 0
-15 72 -94 -79 -110 0
59 -98 -71 -23 -115 0
-23 88 -32 71 119 0
-118 -91 13 -71 89 0
-98 -120 12 -92 -63 0
-107 -30 -50 -83 -84 0
-111 94 -29 -26 -77 0
41 -21 -10 -111 -66 0
-67 19 -6 37 -69 0
-49 -80 -20 8 88 0
-40 18 -48 92 8 0
-91 -89 -51 -59 62 0
87 -66 13 -34 11 0
103 -9 110 28 93 0
118 111 -54 -61 8 0
-119 113 -21 -30 -24 0
-56 -91 7 119 41 0
-71 36 5 101 -81 0
-67 83 23 63 -37 0
-94 -93 36 24 14 0
6 -102 -25 -11 51 0
-114 50 -55 59 -5 0
-84 -68 42 35 -17 0
-9 13 64 -97 -42 0
-45 -23 112 -46 -75 0
26 -29 94 -75 16 0
-58 113 -16 107 -10 0
-19 64 -28 120 106 0
4 -112 105 -104 -94 0
-30 25 -101 -80 -32 0
-116 23 -93 -4 46 0
113 -41 3 -36 23 0
7 -88 87 -75 16 0
-50 10 -89 115 106 0
-100 -77 -74 44 -55 0
-55 -114 50 69 79 0
-74 4 -31 -89 -65 0
64 52 65 -100 -115 0
54 -97 -71 8 30 0
104 -94 67 80 29 0
-108 -69 -113 44 -1 0
-7 -87 -102 9 56 0
-75 -21 27 -53 2 0
11 53 -29 93 18 0
-111 -28 -8 -113 118 0
54 87 1 42 -100 0
15 -32 -70 113 12 0
-16 -35 79 53 -58 0
119 3 -66 -78 -58 0
-30 47 20 -1 39 0
-23 -15 -98 100 44 0
81 30 -7 88 -82 0
-22 -97 52 65 8 0
-65 39 -88 -52 47 0
105 -17 -91 109 107 0
-83 -60 -77 -54 43 0
5 91 -67 -59 -94 0
-113 3 14 22 -60 0
-9 -43 -111 106 38 0
-21 -33 -66 -87 -77 0
-59 -51 -34 -65 40 0
110 -38 58 13 12 0
-103 1 16 118 -27 0
42 -117 22 -10 38 0
-39 -11 -7 99 44 0
-52 -35 -75 19 -22 0
-9 -3 -17 -53 -110 0
-75 117 -105 34 -22 0
-74 -103 5 38 9 0
-69 1 -22 -95 -45 0
44 -113 84 -43 -61 0
74 17 -2 113 -45 0
98 -19 64 117 -115 0
-1 -40 -79 -91 -65 0
-45 11 103 -86 5 0
20 -42 64 1 -79 0
97 115 -1 -56 75 0
82 86 -88 91 115 0
-116 74 75 118 31 0
-29 -33 -31 85 -68 0
71 -111 -85 11 -72 0
116 -67 99 -103 38 0
-2 -44 31 63 60 0
-41 -43 48 -113 -85 0
66 -90 -30 76 -1 0
26 59 -37 23 -84 0
-108 -92 36 78 -81 0
-35 8 -4 102 11 0
-98 10 -25 82 42 0
-73 41 79 -54 72 0
30 -77 89 -62 -99 0
-25 39 -82 62 54 0
72 -61 37 4 -58 0
-57 -36 -120 72 -102 0
-100 38 -56 19 58 0
100 79 1 -59 85 0
-80 82 -35 -118 22 0
-36 106 -20 -72 -38 0
110 19 -57 63 -23 0
111 49 97 -33 -69 0
-74 -56 58 -101 -113 0
19 -36 -50 -56 87 0
-19 61 30 -31 -11 0
117 -83 24 -7 30 0
-23 -101 -85 -30 -22 0
-99 74 108 77 -45 0
117 52 -94 100 -79 0
100 -56 -38 -110 -41 0
-64 52 -59 120 -57 0
-102 86 -13 108 39 0
120 47 -98 -76 -31 0
98 16 -111 69 90 0
-34 59 104 -58 -63 0
37 114 117 47 58 0
68 -52 -66 -38 -32 0
20 77 64 30 32 0
-97 34 31 62 103 0
35 -36 -13 -7 116 0
57 103 -93 74 48 0
-94 53 115 37 40 0
-57 -69 40 73 12 0
-84 -83 -82 -113 58 0
-20 65 39 -35 -116 0
-95 29 24 6 -114 0
-45 -86 -24 64 -82 0
57 -33 -53 -60 -27 0
-43 108 45 -19 -67 0
90 -40 -79 -10 -104 0
20 67 -88 -41 -61 0
-116 -34 -59 90 66 0
-79 -68 -29 102 -65 0
104 -102 -38 -56 -64 0
40 -45 -99 -7 -30 0
103 -107 -77 53 -54 0
107 87 -105 -101 -19 0
107 95 47 -32 52 0
65 -66 -54 -20 -43 0
23 108 -53 12 -20 0
-54 94 -92 9 97 0
-19 -99 93 -106 -65 0
58 31 -24 23 74 0
51 -104 68 -25 53 0
86 6 63 51 20 0
3 -47 -67 -76 114 0
-45 -76 66 -21 68 0
13 -104 -92 10 -8 0
16 106 -43 -13 -22 0
-27 -51 95 6 -86 0
-69 -106 116 -99 35 0
-117 -57 -73 -38 -75 0
40 -46 1 11 -4 0
-64 -11 68 -65 96 0
-41 -120 -12 -46 -47 0
-113 -5 101 -90 -91 0
-70 -84 -93 -76 -16 0
-18 93 -88 -78 19 0
-100 109 -28 -72 -52 0
-31 103 45 -40 98 0
-117 -71 25 -108 52 0
-53 29 -112 119 -55 0
-85 65 -88 119 -111 0
63 93 -77 52 -99 0
-71 14 -72 37 -69 0
-1 -55 100 31 76 0
33 -107 -45 54 21 0
-54 -105 39 76 111 0
20 22 -69 -99 -2 0
-72 102 23 96 -49 0
82 30 -109 -86 55 0
21 -2 -74 -118 -48 0
106 -34 -58 -113 13 0
-29 -24 -40 6 -76 0
82 -15 -18 32 -21 0
15 79 -94 104 49 0
7 91 15 -43 80 0
-95 59 62 8 -49 0
88 -71 23 -27 51 0
-27 -64 -31 -61 -106 0
22 114 -73 49 -17 0
103 -105 44 -107 78 0
-104 -58 -25 34 -14 0
-106 99 -114 34 12 0
-21 -33 47 -12 -27 0
-70 -74 57 96 -64 0
110 -24 28 -20 60 0
-110 25 -85 100 104 0
66 16 61 118 44 0
25 -111 -1 -65 -78 0
51 -84 90 -26 -24 0
-75 -62 -109 43 -39 0
48 -118 112 56 19 0
61 -81 25 71 118 0
-60 -64 -42 -4 39 0
50 105 -4 -47 -33 0
73 16 -116 82 91 0
-41 32 -31 -37 -38 0
75 -42 16 -36 -105 0
7 -40 90 -63 101 0
-11 62 -7 -115 -6 0
-119 -120 -21 86 76 0
-3 7 105 -77 28 0
-80 -114 9 107 81 0
-48 -1 36 83 39 0
81 66 71 96 -11 0
52 -21 45 -38 17 0
106 98 93 -60 -30 0
-36 59 -69 17 90 0
-49 113 20 4 -42 0
23 -37 -49 60 21 0
10 -66 -42 -102 93 0
-6 -61 -115 35 -18 0
-18 104 40 -63 -21 0
69 19 98 28 -118 0
29 23 1 -50 16 0
-113 107 -87 9 -6 0
112 -59 89 70 115 0
-118 71 113 37 107 0
110 -86 75 -3 82 0
-112 -82 -84 -86 48 0
-102 104 65 -4 19 0
34 90 -104 -51 8 0
113 86 49 -6 -84 0
-96 97 -117 -55 22 0
-111 -81 -54 -4 -49 0
-116 -10 -117 12 73 0
-54 39 7 -71 35 0
15 -28 -104 -38 65 0
119 8 -23 66 -5 0
-8 67 -89 81 14 0
-12 19 -3 1 -111 0
-6 116 17 61 -80 0
-79 114 -99 87 -69 0
21 -18 91 -63 -83 0
-69 82 116 5 119 0
4 111 5 -72 82 0
69 108 5 -105 -39 0
16 -36 51 74 88 0
21 29 89 -99 4 0
-61 -42 39 7 -114 0
-91 32 -105 37 -19 0
10 96 -49 71 -105 0
-88 -26 -93 56 87 0
-25 -58 -64 19 -100 0
105 -76 27 -24 32 0
-51 52 9 20 4 0
114 -44 -84 -93 -87 0
19 -62 31 98 66 0
61 8 72 17 -81 0
77 49 -5 -108 114 0
50 26 107 -79 -110 0
93 -20 43 -117 61 0
-80 -31 -19 20 -13 0
-80 26 53 -41 97 0
-35 80 50 -25 62 0
-4 104 30 70 7 0
63 -23 71 101 -86 0
20 26 55 102 2 0
-45 66 39 30 -25 0
70 2 56 -47 63 0
114 14 62 -95 -27 0
87 102 -100 -7 -9 0
-45 -118 -50 90 109 0
22 -103 70 6 -54 0
48 -4 -56 36 41 0
21 -6 -93 -46 -63 0
-25 -36 -47 -85 81 0
24 53 35 -38 51 0
-31 118 -22 39 32 0
-101 -65 -64 -120 43 0
-47 89 -94 -87 74 0
-91 -89 -20 -58 57 0
-40 25 -53 95 117 0
-13 83 -22 -105 -68 0
-6 43 84 -120 -32 0
-58 23 -25 43 -14 0
-63 -37 -32 72 -79 0
-18 -51 -63 86 -36 0
102 -53 83 1 98 0
60 -110 5 117 2 0
34 -76 42 -99 81 0
5 -107 67 14 74 0
82 32 109 -93 112 0
-60 -114 109 35 43 0
-102 58 105 37 -72 0
-110 -3 104 57 -96 0
52 -73 -51 -80 -30 0
80 51 -99 -21 -34 0
5 44 -117 65 -29 0
8 40 -44 -23 -3 0
-83 -120 87 75 -112 0
23 86 104 -47 -55 0
-45 57 1 -84 52 0
7 18 75 -26 105 0
-108 -14 -73 -36 -46 0
74 -33 -54 110 57 0
-103 54 -69 -105 -37 0
-112 -96 99 -2 -48 0
105 -17 12 -51 -87 0
42 -50 -70 104 -92 0
24 45 88 49 -38 0
-16 99 -39 -102 111 0
77 19 8 4 23 0
-11 -59 47 -78 114 0
-71 17 42 39 25 0
92 -62 -108 78 -60 0
88 -27 5 51 -48 0
-78 55 -48 -30 119 0
116 -36 80 -7 15 0
-19 -16 7 -119 102 0
-102 44 33 -12 -57 0
116 -100 110 54 -98 0
63 49 41 -97 -113 0
-85 18 -11 -99 112 0
32 -89 19 71 -75 0
20 44 94 -5 3 0
-30 92 -95 -97 5 0
109 77 48 -35 -47 0
47 -6 -16 54 -50 0
-17 23 -6 -91 71 0
-71 -11 16 -2 56 0
-39 115 -71 24 31 0
61 32 36 81 -20 0
100 89 -118 -47 34 0
48 84 116 53 -39 0
-92 -10 -62 -42 -50 0
-53 32 20 -6 -29 0
-49 -112 118 46 -6 0
-13 63 102 -66 26 0
-85 25 100 26 111 0
-25 11 51 -3 59 0
59 107 93 5 -112 0
33 -110 -72 -102 -75 0
33 11 116 -52 37 0
-7 -61 -97 83 -70 0
13 -30 -41 -91 -79 0
-115 25 34 -67 -18 0
-75 79 -18 -47 -37 0
-54 -100 50 -64 -42 0
-66 15 41 -109 14 0
90 30 -103 104 28 0
-26 70 44 -24 20 0
-11 101 -54 73 8 0
-49 -54 -26 -6 65 0
30 -115 94 99 -27 0
62 82 63 -58 102 0
48 65 -70 83 -104 0
-104 92 -17 75 -67 0
-81 -58 45 -38 71 0
89 54 -70 -103 -18 0
-25 65 -78 -5 49 0
-41 108 107 -69 -44 0
54 -70 -101 36 -19 0
120 56 -44 110 13 0
-12 -24 -19 25 67 0
-4 -46 -5 25 101 0
-105 -101 37 -76 7 0
-103 -87 -40 -88 -59 0
-106 -44 10 30 71 0
57 46 84 -7 12 0
7 -43 -115 83 -69 0
-53 5 44 25 -49 0
84 -31 -23 -92 33 0
-42 97 12 48 54 0
116 50 -82 15 47 0
-81 -48 20 -105 99 0
-95 -57 105 43 42 0
27 82 38 49 -30 0
114 106 -102 -111 118 0
-105 -109 44 -5 63 0
68 -108 -37 -12 -88 0
-71 4 -36 31 93 0
61 112 103 80 -29 0
-69 -12 53 114 78 0
-63 -32 -90 66 -87 0
-18 -54 77 -7 81 0
-63 52 -47 -2 49 0
2 -107 -57 -100 75 0
41 95 103 10 87 0
-25 -1 102 -60 87 0
62 101 -1 3 -40 0
48 -51 53 -73 23 0
-33 -67 2 -80 32 0
-51 14 21 -68 116 0
-101 -67 -65 -62 56 0
13 -8 52 -76 56 0
37 -41 99 -91 79 0
111 -36 41 21 72 0
-99 48 47 -113 -10 0
84 5 -31 -40 63 0
-38 -21 108 -52 -37 0
-41 -83 -46 -92 -68 0
87 27 36 -75 -58 0
73 -70 -50 -34 65 0
105 -87 73 76 -51 0
25 55 -109 -108 44 0
-79 -22 89 85 -53 0
-74 -14 105 -52 11 0
-84 -120 -86 -107 -50 0
-120 28 -38 -93 -119 0
31 -63 -112 12 -107 0
26 57 -88 12 97 0
-106 -71 117 9 -110 0
115 79 -65 -104 -99 0
-41 44 -58 82 -118 0
-10 80 56 -95 66 0
26 5 -87 99 18 0
-100 -27 -117 71 56 0
-63 85 -103 44 29 0
-11 -119 -63 -14 -29 0
61 -92 -45 76 -84 0
74 27 24 98 87 0
-55 61 113 -18 45 0
37 -54 -72 98 -92 0
-38 -86 -84 -73 56 0
68 -17 44 -11 15 0
-107 -40 59 17 -18 0
-97 33 -120 52 57 0
113 -98 -11 -18 82 0
-76 83 107 106 58 0
111 -59 -97 -19 -12 0
-16 -79 -13 14 -111 0
-62 -44 -60 -47 34 0
-48 18 47 46 -23 0
21 -61 30 69 103 0
-20 -4 -69 93 109 0
99 -29 -24 111 21 0
6 -50 20 -4 27 0
-47 -86 95 110 63 0
120 -86 -47 92 -89 0
109 44 -99 96 -65 0
5 33 106 -27 -90 0
-64 61 -112 105 -55 0
61 92 -52 -48 29 0
-103 27 -68 63 23 0
5 36 71 80 94 0
49 5 -16 7 -44 0
4 96 114 -84 79 0
63 69 -80 -119 -25 0
59 -37 54 -115 -120 0
-95 -64 34 -114 -102 0
-36 -34 -70 4 -48 0
36 -93 -41 -70 -96 0
86 71 -5 31 120 0
-37 -62 -66 81 -68 0
-110 109 -15 55 45 0
-96 -39 89 -110 31 0
66 -22 -54 -103 36 0
23 -34 108 41 -11 0
73 -95 -33 36 -62 0
11 14 -15 118 -82 0
47 -59 116 -8 89 0
-1 -4 34 37 -58 0
15 -106 100 96 -118 0
11 42 -4 -116 -73 0
-29 7 47 69 -109 0
62 75 32 48 -31 0
64 89 112 -22 104 0
-72 47 -45 -119 -56 0
-119 110 -45 -7 -28 0
19 80 76 58 -71 0
-76 88 -90 112 73 0
-23 64 -83 41 -108 0
81 -46 17 -14 69 0
-84 -82 -23 -17 -76 0
5 31 -46 -18 104 0
-25 71 101 -75 -42 0
-78 47 56 -90 83 0
-42 -25 35 -66 -37 0
-56 113 -12 -95 87 0
110 -21 83 -104 -29 0
98 -33 22 -72 118 0
-17 50 -61 -103 -27 0
-51 -113 28 -8 100 0
6 107 79 115 -47 0
10 -21 37 105 72 0
78 -107 -19 43 71 0
11 35 -104 56 -69 0
110 79 -28 13 -58 0
48 28 24 -49 71 0
90 76 79 -117 38 0
117 24 39 70 64 0
-15 -23 26 -88 113 0
-73 120 -86 87 -92 0
-28 33 43 -103 2 0
120 38 -59 68 18 0
-65 -22 118 -69 90 0
-81 27 -73 -116 57 0
-92 16 -38 57 23 0
25 -66 30 107 -80 0
-74 78 -44 110 -106 0
33 21 108 12 113 0
46 -77 39 -79 85 0
101 -79 18 -89 41 0
54 -32 -2 12 64 0
-47 -22 -101 110 85 0
98 -112 -4 58 -17 0
-48 -52 -25 -98 67 0
41 -30 117 2 70 0
61 -33 -103 -10 19 0
28 16 5 -89 -34 0
-65 72 -74 -48 -40 0
-70 41 109 -93 -58 0
-55 -62 18 -17 115 0
39 23 -19 -15 59 0
11 16 80 117 100 0
103 -1 107 106 37 0
86 -46 67 59 3 0
-44 -96 -13 48 -74 0
60 68 57 -2 59 0
22 114 12 11 21 0
-67 -27 4 -98 -48 0
-77 107 -47 -79 -85 0
87 -41 -53 20 1 0
-77 104 -110 22 -38 0
-18 -56 -19 48 30 0
116 -118 76 88 -115 0
16 36 -54 -106 112 0
-25 -18 -14 62 -74 0
-87 45 2 18 -101 0
-67 -32 41 77 -40 0
-41 -60 93 116 -92 0
116 -20 101 -52 17 0
-31 -49 84 79 -1 0
-20 -56 96 -81 -15 0
-39 -110 50 -79 -88 0
14 -59 60 31 -62 0
-16 -73 41 -99 19 0
-53 -3 116 -13 33 0
-50 -99 108 -10 -55 0
-49 33 21 -74 -112 0
-5 -50 46 -74 -43 0
-4 111 -59 9 -72 0
63 58 -57 -82 53 0
18 67 -56 10 -70 0
13 74 65 -4 -5 0
-10 -59 -31 -53 6 0
65 -42 91 2 107 0
-33 25 2 -118 42 0
-80 70 -118 14 92 0
35 43 46 -54 113 0
-120 -40 11 -113 46 0
10 -85 -24 -58 12 0
-57 64 -3 113 38 0
-98 10 -61 -58 28 0
88 109 -115 -15 50 0
81 73 -85 -14 13 0
-62 -88 6 92 82 0
-46 -35 101 -47 -81 0
-22 -82 -65 51 -4 0
9 52 -18 4 -120 0
107 -14 81 -51 110 0
103 -52 107 112 -75 0
99 62 -59 88 -68 0
28 -13 76 36 99 0
18 37 -27 65 60 0
-15 -102 70 -35 104 0
-3 -36 -52 107 118 0
-113 48 84 53 -94 0
48 32 64 70 17 0
-80 65 -35 -107 84 0
107 119 105 -110 111 0
-30 -70 -68 -43 110 0
71 79 -64 11 15 0
-35 50 -36 -116 -72 0
-107 -25 43 -69 -109 0
-24 8 74 -96 -1 0
57 111 69 -20 52 0
-51 -73 -95 47 81 0
-102 -95 -87 60 -11 0
52 -96 -54 -69 -109 0
-46 40 -114 -58 -76 0
-58 -29 98 87 30 0
57 60 -50 -64 -9 0
-77 108 -63 -110 -55 0
-40 115 17 37 80 0
-1 -71 -6 -69 -38 0
-60 -6 63 -28 -68 0
118 75 54 -85 -74 0
-36 61 -14 -106 16 0
40 17 2 -112 -12 0
110 45 2 -36 69 0
-10 63 90 17 39 0
-99 -107 -2 -75 17 0
53 -96 -71 76 -63 0
95 9 -23 -115 54 0
71 111 -28 46 -107 0
68 -69 -16 20 6 0
-116 -34 18 -102 94 0
45 -69 102 29 78 0
-89 54 -68 -57 41 0
-48 42 40 -17 -71 0
57 -35 -31 -102 43 0
-75 -84 49 -78 -117 0
46 34 -6 -26 -95 0
-14 -91 -37 65 -62 0
-76 -118 26 70 30 0
102 111 43 89 -19 0
44 94 -81 -17 28 0
-11 95 23 54 -104 0
-39 -100 -26 -30 11 0
-76 -89 115 -61 64 0
-6 79 39 120 -95 0
107 -67 -96 35 16 0
-80 30 -8 -34 46 0
18 -16 79 109 77 0
116 -98 -29 -35 79 0
-109 -22 -86 42 -97 0
96 -18 -91 47 -54 0
42 66 -112 92 38 0
76 -87 -44 -6 51 0
52 96 19 -44 25 0
-68 26 -86 -107 -42 0
107 -51 93 -5 59 0
-80 -83 -58 -1 45 0
-78 -92 5 119 -113 0
-16 37 -52 -40 -108 0
-113 -88 3 -55 6 0
28 92 -66 -55 -87 0
-105 27 48 -31 -15 0
-66 -86 82 -58 -90 0
-116 -27 -62 -37 98 0
10 43 82 -25 91 0
-104 -3 -23 -81 4 0
110 42 -3 36 12 0
-61 18 79 56 76 0
74 81 -4 17 -96 0
-39 -51 70 64 93 0
119 -96 17 -116 38 0
97 11 67 -41 104 0
101 96 -86 37 -115 0
-92 -52 -25 -59 119 0
-53 93 23 -83 -30 0
-15 99 62 -30 -3 0
-14 115 82 113 81 0
-56 -120 -12 42 -21 0
40 82 -26 83 -1 0
80 -61 -93 -43 -63 0
65 7 85 51 -120 0
21 108 105 -102 -37 0
-120 -16 119 31 -41 0
20 36 -62 -75 -107 0
-82 36 -54 21 7 0
-97 34 -85 101 74 0
-88 -7 -119 5 -60 0
27 -119 -92 83 -88 0
-49 95 -58 115 -54 0
-59 -40 26 13 111 0
21 -94 79 -72 56 0
11 -105 67 -45 -79 0
9 -120 82 86 -55 0
-46 -93 95 -83 86 0
3 -89 -111 -10 -87 0
-66 16 22 -108 -26 0
85 11 47 66 87 0
82 -17 -68 23 44 0
-49 37 21 -14 5 0
87 -40 17 -81 -99 0
-30 103 -14 -71 110 0
-25 104 -103 119 -11 0
-36 -93 -76 -42 -71 0
-84 81 -25 117 -9 0
-90 24 94 -77 -2 0
96 66 -112 57 -56 0
52 -107 -85 106 66 0
-27 29 -95 -92 73 0
-13 15 38 37 -78 0
113 101 -76 -38 -80 0
-19 -73 106 -33 24 0
24 -3 -40 109 -14 0
-45 -10 83 111 28 0
103 56 93 -117 110 0
42 -58 -32 38 112 0
-51 107 88 -14 46 0
-40 -52 -21 -18 -39 0
-120 42 -22 -77 -41 0
-16 -21 3 -97 30 0
29 -116 68 54 82 0
84 -116 -117 -48 -63 0
-115 103 -113 108 -94 0
72 63 3 6 48 0
36 -71 52 -67 -80 0
-48 74 -46 -42 -88 0
-50 104 59 107 -105 0
-32 -46 51 -49 -77 0
-6 83 34 -25 -42 0
-91 32 82 -60 35 0
-103 -64 48 5 111 0
-106 -85 -76 -74 -94 0
-88 119 -97 117 103 0
-77 7 -41 -101 -93 0
28 -34 -57 84 -107 0
-55 63 -3 112 50 0
99 20 11 -117 91 0
78 -27 -102 -94 3 0
-42 82 -105 43 -47 0
40 -6 -42 92 -95 0
-111 82 23 60 84 0
-91 25 -119 -109 -89 0
-111 -79 97 92 120 0
67 -24 -82 84 72 0
-2 -93 -117 94 15 0
-14 -37 1 92 -82 0
-40 -82 -55 -109 64 0
65 102 -92 -8 -84 0
9 28 68 59 120 0
-12 47 -102 -16 120 0
29 -25 -102 -108 62 0
-12 48 116 -67 -35 0
-74 106 -19 103 -58 0
-113 -46 96 13 -17 0
35 -25 69 -77 -75 0
82 -38 -29 -36 90 0
-113 -59 99 -67 -119 0
-67 112 -115 75 -63 0
-95 -105 36 -15 113 0
-88 -46 85 58 76 0
116 96 8 -61 34 0
-119 104 12 4 25 0
33 -46 58 71 -94 0
120 94 79 62 63 0
23 103 -45 -25 -20 0
-44 41 11 -100 94 0
-108 42 68 -62 -20 0
-105 66 49 -81 38 0
2 -33 -51 21 -5 0
-103 -87 74 -26 44 0
19 -88 -115 -74 89 0
56 73 13 11 -33 0
28 8 -41 -29 -96 0
112 -100 -79 -95 50 0
-24 -34 -73 100 -81 0
98 28 -104 66 -14 0
85 35 -84 39 -25 0
3 73 -25 -84 108 0
17 33 70 112 29 0
-56 -11 59 83 -33 0
-65 -37 72 -41 -66 0
79 113 6 8 77 0
-4 -31 102 -108 65 0
-53 -56 26 30 -42 0
-94 -56 -111 28 60 0
-35 116 76 33 -43 0
-85 -106 -63 -27 -77 0
-67 -68 -16 -64 -56 0
28 -66 35 2 85 0
44 19 -69 -41 53 0
-43 48 -2 47 -107 0
-68 -73 -39 34 55 0
-83 47 8 62 90 0
-46 114 -1 36 60 0
31 38 21 91 -115 0
53 -3 -59 94 -114 0
74 77 -103 2 15 0
-50 -15 8 -5 10 0
-80 36 22 -18 71 0
-64 119 99 12 24 0
-12 79 24 -11 -89 0
-85 -31 66 -9 12 0
95 104 -74 62 -14 0
-51 99 59 -102 -9 0
76 -67 -92 105 -34 0
-59 52 -98 -20 103 0
112 -5 -107 79 -90 0
35 -7 -66 -55 82 0
-9 105 -53 65 2 0
104 79 83 -51 -33 0
8 -65 48 113 61 0
71 94 -9 18 98 0
-119 -12 -69 -23 15 0
-19 3 -36 -93 33 0
-102 38 -100 -63 -74 0
-38 19 59 105 -96 0
95 86 28 -39 -92 0
43 95 -64 -16 -32 0
-68 55 7 67 43 0
-80 52 67 -47 111 0
-113 -50 -40 63 35 0
-20 96 -83 -114 85 0
70 45 32 92 -30 0
48 49 78 43 39 0
30 -46 13 -109 -36 0
43 118 107 79 -108 0
42 10 -13 -58 108 0
-13 35 -23 66 -54 0
84 87 64 -111 31 0
11 14 42 107 82 0
76 111 -32 37 -24 0
78 68 69 -117 -34 0
-37 100 63 -76 1 0
24 -11 66 -27 -19 0
-73 -38 20 31 45 0
45 -108 11 -46 101 0
-4 2 -17 -55 -49 0
94 49 22 118 -86 0
117 -4 34 -36 -101 0
5 -19 117 -73 -79 0
5 3 65 77 105 0
97 57 2 -89 107 0
-86 99 42 -14 -52 0
53 -72 -79 59 41 0
-107 -31 -28 15 -88 0
8 62 -117 49 -92 0
102 99 117 95 81 0
55 -4 -24 78 21 0
19 -111 -77 -35 107 0
-50 77 -2 -83 -12 0
-73 99 34 16 101 0
-82 -114 -79 43 -35 0
-10 113 17 -75 110 0
44 4 25 -11 53 0
97 -10 75 -49 -81 0
74 25 -67 57 70 0
49 -15 69 72 45 0
-51 -77 112 -115 -63 0
-24 -32 9 -112 14 0
70 93 -68 97 49 0
-15 87 104 -97 -30 0
46 6 24 -45 92 0
-55 -86 -59 -72 -26 0
-63 99 12 -108 60 0
-27 -70 63 47 -107 0
-44 -59 70 43 -33 0
21 -109 -5 -80 108 0
-8 -5 47 50 53 0
-112 -78 106 47 -48 0
96 55 66 -84 51 0
45 85 -16 117 -105 0
101 -26 86 40 31 0
-81 -100 -25 -52 14 0
14 27 111 -94 72 0
71 13 -110 -48 -112 0
-44 -98 -86 22 7 0
-79 64 56 44 112 0
106 -90 103 3 -96 0
45 -69 86 53 -15 0
-23 -93 -43 -3 36 0
81 -119 -115 -68 -74 0
44 62 -21 27 -14 0
-13 -16 -2 25 119 0
70 -37 -97 61 28 0
49 -96 116 23 -45 0
-45 20 -119 52 81 0
-10 47 -94 31 74 0
-18 27 -71 117 31 0
-8 -101 -3 -60 -104 0
-51 58 53 -26 -9 0
69 73 53 -106 -59 0
88 67 -115 48 81 0
8 -2 107 -67 15 0
-64 34 -29 120 -26 0
102 -120 20 -117 -92 0
-46 -96 39 106 -94 0
-60 -85 53 58 -9 0
111 -77 38 104 44 0
-112 53 16 -50 -76 0
-3 -61 107 81 -46 0
-9 -79 -26 62 -31 0
83 -75 111 -107 93 0
-64 -76 -63 -118 -108 0
-112 79 -81 -67 113 0
-8 120 -91 52 -31 0
19 -120 -99 38 -85 0
-18 21 27 -80 3 0
-71 28 -92 -61 -75 0
-48 67 -68 108 21 0
-10 29 -15 11 -46 0
-24 -50 -71 18 83 0
118 112 74 50 -52 0
-13 -89 15 1 113 0
-23 120 12 63 96 0
-95 -54 39 66 -101 0
27 -77 -21 95 -15 0
68 103 -110 18 -23 0
77 -86 83 18 92 0
25 -112 -114 73 33 0
55 6 48 32 47 0
-57 52 -14 -27 -42 0
29 -117 48 -32 79 0
88 44 51 -87 -36 0
16 115 -81 -60 -20 0
-68 -108 -7 115 84 0
-99 56 -98 -111 36 0
106 -73 80 -1 -36 0
107 -37 99 115 -9 0
56 -85 -16 -14 75 0
12 100 40 118 -78 0
61 -17 -39 -20 -89 0
111 15 -16 -35 77 0
-31 -10 115 -110 41 0
17 26 -52 89 -74 0
44 33 118 87 -20 0
-79 99 119 96 -46 0
38 -72 117 -109 -23 0
44 -31 4 6 61 0
-13 -74 -108 85 60 0
99 -72 41 54 -35 0
-93 -21 35 -32 114 0
-64 112 118 89 63 0
93 -6 91 -114 -76 0
100 106 -51 -24 -60 0
-55 23 20 25 -103 0
-17 -8 120 -69 3 0
21 -73 102 -26 85 0
22 88 65 64 96 0
57 2 -16 44 115 0
109 -29 -21 -64 16 0
-12 48 81 -87 82 0
71 55 84 -73 -34 0
-54 82 -83 -93 30 0
-54 -26 -21 -94 -11 0
50 74 33 -55 -44 0
-52 111 60 -117 98 0
22 -68 -13 34 76 0
41 -5 -110 32 22 0
-13 -53 88 -75 25 0
-111 84 -93 27 83 0
-50 -107 118 -91 20 0
104 -66 -34 -28 -118 0
-41 97 47 -101 -75 0
55 -66 58 -17 -92 0
20 68 -110 -119 -91 0
-69 105 16 -115 59 0
73 -80 68 -38 -12 0
-114 -24 -62 1 -19 0
-43 -114 35 54 58 0
58 -117 21 -113 104 0
117 -84 -81 -42 -58 0
-31 64 -37 12 118 0
-83 80 -72 -24 -38 0
68 -105 -54 57 28 0
-36 -94 -81 78 -101 0
-42 10 22 -101 -25 0
53 -4 103 -82 54 0
-68 96 -37 -1 -8 0
80 -44 -98 -26 43 0
94 -116 82 37 -109 0
39 -117 84 -67 50 0
-7 -91 110 74 -70 0
95 -92 21 68 96 0
28 -112 -57 39 48 0
-116 -95 86 2 -45 0
79 66 -70 36 69 0
-58 -87 -14 60 -10 0
-97 5 -111 120 -6 0
-88 61 -63 46 54 0
-40 -54 77 29 120 0
-3 -43 -47 -97 -26 0
-91 -66 27 -41 -106 0
66 -85 32 68 -57 0
-98 -43 66 55 16 0
25 74 17 99 53 0
-31 110 -118 36 -81 0
-12 31 -80 -24 -18 0
-95 26 -13 -29 100 0
75 -79 -5 -85 21 0
-13 103 86 -19 -76 0
30 79 -98 99 82 0
-86 -88 -100 120 -13 0
108 52 69 33 -7 0
4 -38 -91 53 21 0
27 49 -31 87 91 0
50 5 -49 117 -40 0
-70 39 -5 -2 -79 0
71 -9 101 27 -69 0
47 77 98 4 87 0
98 86 23 26 28 0
47 91 -97 95 -18 0
-1 -41 114 83 -85 0
108 97 12 -118 -102 0
-114 -39 81 -11 -119 0
39 -71 110 51 35 0
36 -3 35 -16 -72 0
120 -75 -33 -93 118 0
-96 -84 38 -110 -103 0
-103 45 30 119 111 0
43 -15 -28 -34 92 0
92 -68 113 -8 -73 0
-6 -7 40 -9 -83 0
108 110 3 -50 -17 0
-67 -87 -43 119 -61 0
-39 -7 116 83 -85 0
-4 50 -74 -10 88 0
-23 15 -49 69 -107 0
-119 -74 -71 -53 -73 0
78 -89 70 -59 -45 0
-106 -61 -57 36 14 0
-69 41 -36 53 111 0
-66 -17 2 93 -101 0
114 -78 -30 56 58 0
-100 -36 -25 114 60 0
87 63 -20 -59 110 0
-71 -80 -34 -43 55 0
-38 106 54 -24 -87 0
31 -88 37 -100 -14 0
-10 78 83 -12 100 0
51 2 -95 -32 -108 0
-115 36 63 7 98 0
-91 -114 -30 48 -94 0
90 111 8 116 27 0
-102 59 -53 89 -43 0
-80 -52 -62 -31 3 0
-17 27 64 93 74 0
-43 20 72 102 12 0
106 -37 46 -119 -88 0
-79 -94 -111 20 97 0
82 -29 -119 -53 -20 0
-5 36 42 -20 37 0
42 -91 -101 52 45 0
-94 46 -108 -102 -25 0
-105 -6 70 -101 88 0
77 -12 -23 -10 -113 0
101 -61 89 71 -88 0
-71 -5 -92 -4 -43 0
-89 -100 47 -93 76 0
110 -52 -83 -97 -90 0
-10 -16 -117 -87 59 0
91 9 -8 72 110 0
-66 84 -28 -16 80 0
69 -25 102 71 21 0
79 -37 61 21 -24 0
39 -109 85 48 21 0
86 97 -54 -12 27 0
13 24 72 -93 96 0
-102 -85 -16 108 -31 0
71 98 -107 5 -35 0
-32 17 97 19 -60 0
-66 -8 -12 79 -86 0
-7 -106 -83 -15 91 0
119 96 57 -103 -21 0
-69 -83 -115 98 94 0
-63 -99 -85 -20 28 0
28 113 42 -74 -5 0
66 60 30 -3 -8 0
71 -78 119 -110 21 0
-10 -43 -50 -52 108 0
98 -11 -81 -92 47 0
61 50 -46 -59 -67 0
51 7 78 57 60 0
67 -97 74 117 20 0
24 40 97 2 120 0
-115 -25 24 58 -112 0
-4 -34 16 37 33 0
-55 16 -10 -60 29 0
80 109 25 86 92 0
-80 -16 -76 -101 43 0
-48 -70 72 56 91 0
-70 -108 -35 -71 -95 0
79 -18 47 -6 -85 0
42 -26 75 71 -109 0
96 93 -117 95 8 0
-110 3 60 -100 -78 0
113 -76 -111 -115 -41 0
103 42 99 -82 -106 0
23 56 102 -76 -60 0
24 33 -70 -9 84 0
-48 66 -21 -8 -118 0
73 88 46 2 -29 0
-35 -113 32 89 -6 0
91 118 -23 81 1 0
-23 -100 -80 -59 27 0
-23 -21 -7 -78 93 0
27 -17 99 42 -69 0
-19 -115 82 -23 -37 0
109 -110 -75 61 -92 0
116 96 23 52 14 0
-107 92 30 -56 -74 0
-102 -31 -70 88 17 0
-43 -58 25 -93 24 0
75 19 111 99 102 0
18 113 -55 -33 -73 0
82 -62 -15 99 -42 0
-94 13 43 41 -50 0
73 -106 116 8 -63 0
78 77 43 106 24 0
23 -44 39 -86 107 0
-35 103 13 -59 -72 0
99 36 -120 42 -48 0
8 -101 16 -106 19 0
94 -51 113 -61 5 0
-93 -61 62 -50 -48 0
-60 109 46 57 6 0
53 -77 86 92 -14 0
66 -17 -79 109 -68 0
-66 63 -83 -58 -21 0
-95 42 -55 1 -33 0
3 2 104 97 -89 0
7 -52 -88 58 -34 0
-87 -31 -59 15 112 0
-75 -24 -13 -37 98 0
-33 39 54 -98 -31 0
69 19 -6 65 -18 0
-67 -49 -48 -97 -51 0
-89 59 -48 -13 -104 0
37 41 32 -12 66 0
31 2 -102 21 -13 0
-33 35 108 84 107 0
-45 119 78 12 -5 0
119 90 -115 -49 -30 0
-86 42 34 82 -31 0
-63 -91 -41 18 -9 0
-10 -16 -49 -19 5 0
20 -104 77 -49 -14 0
-62 53 32 -34 -117 0
-65 20 10 -23 -26 0
13 74 -99 62 -17 0
-19 -59 61 -93 16 0
-96 42 104 -14 92 0
55 22 -75 60 -38 0
-49 28 66 -83 90 0
47 13 50 -33 5 0
89 -49 92 75 -94 0
110 -88 -12 18 -117 0
71 -52 12 79 45 0
-48 -23 5 -100 26 0
-71 -96 32 72 -81 0
-36 -112 -115 69 46 0
37 7 70 54 91 0
2 93 79 84 53 0
99 75 55 92 23 0
-117 111 -119 15 110 0
-10 26 89 -107 15 0
-96 -8 -83 1 -66 0
72 -83 66 -3 13 0
66 104 5 76 4 0
-31 -83 -100 -54 -107 0
-114 97 -13 109 12 0
50 -43 7 -95 -26 0
-75 103 86 -99 -13 0
-35 -18 2 -1 -109 0
82 28 43 -50 72 0
75 -10 80 -19 -115 0
-23 36 42 71 -28 0
-54 -96 -112 116 -35 0
-116 -93 46 101 -110 0
-95 -5 -53 -48 -88 0
-61 63 103 55 96 0
-45 -79 98 70 68 0
-54 -71 52 104 6 0
54 93 103 51 -53 0
6 118 -116 88 53 0
4 -78 -44 77 -108 0
98 -28 37 -25 -47 0
-113 55 -16 -86 115 0
19 4 72 -105 75 0
110 -13 3 -27 -15 0
-104 5 118 -88 4 0
-101 80 119 -31 59 0
-75 -37 66 16 45 0
39 -88 -69 -119 18 0
95 83 -8 -76 -99 0
114 118 55 31 45 0
-50 4 119 74 25 0
96 68 92 52 -22 0
-77 -46 74 -89 101 0
60 96 -48 -15 90 0
92 38 -3 115 56 0
84 -32 87 109 90 0
68 -119 -92 -16 -47 0
-26 51 57 72 -108 0
68 -19 80 -84 41 0
38 -82 -30 -83 -39 0
-32 27 7 16 -15 0
-86 -74 -61 -90 -102 0
77 118 56 92 -73 0
27 74 67 -16 39 0
85 112 109 -71 76 0
-88 71 112 23 -52 0
49 102 -86 -78 -27 0
8 80 -70 74 82 0
-58 -5 37 -50 -61 0
109 107 105 -87 75 0
105 -11 78 94 -72 0
87 50 73 -63 -81 0
-2 21 -18 49 -99 0
-55 -97 -69 -44 -6 0
94 71 -96 2 -37 0
89 -29 25 96 18 0
-106 63 -84 -33 -64 0
2 -10 -60 96 -23 0
-24 -50 -100 -98 28 0
-30 67 -95 -103 38 0
45 -84 112 -38 -85 0
-100 -51 -41 104 106 0
-14 -24 -107 -111 5 0
-16 -68 -102 -2 -27 0
-80 -76 36 -41 15 0
30 -41 109 -50 -117 0
8 -103 112 15 -104 0
81 -47 73 -32 100 0
20 75 62 88 -43 0
-46 -97 6 -113 -82 0
-61 39 -78 -69 106 0
35 57 66 53 -110 0
-118 26 -63 52 31 0
-66 -99 61 -11 95 0
-52 -36 30 63 53 0
2 120 -49 -88 -42 0
-29 55 67 16 112 0
73 -64 115 1 26 0
-48 66 76 -56 -65 0
-18 -53 -65 5 15 0
83 -59 52 15 -112 0
54 65 15 -31 -18 0
-33 -95 120 96 82 0
5 -15 79 107 69 0
-108 39 -33 72 -46 0
-86 70 60 -90 -29 0
-93 -70 -88 -16 -98 0
115 97 88 104 -61 0
24 -49 111 -74 -23 0
-11 -15 103 -109 57 0
83 -52 86 -69 -58 0
98 35 54 14 106 0
-109 -32 77 105 12 0
31 94 -33 -100 7 0
111 118 10 -51 -58 0
-61 -32 50 -106 -52 0
-76 -92 44 -108 -106 0
61 -99 -1 110 12 0
86 -94 -44 105 58 0
-28 119 -63 4 -66 0
45 -85 64 -11 -16 0
100 -96 -49 1 47 0
-75 -42 38 -68 113 0
105 -118 109 19 -116 0
42 13 -59 51 -17 0
59 85 51 88 31 0
16 -64 -42 -93 -76 0
-12 32 30 10 58 0
-18 -49 25 -66 -95 0
-58 4 115 -84 -82 0
102 7 44 94 82 0
1 -55 -48 -64 68 0
-89 29 -6 17 -111 0
8 -72 -105 -51 48 0
110 -112 97 3 33 0
-79 -75 94 11 50 0
-90 -93 -71 -37 35 0
-14 12 -69 45 29 0
21 -78 -94 -56 -42 0
104 42 52 33 -114 0
-52 91 -12 110 13 0
67 107 -22 24 -27 0
-75 84 61 -94 63 0
61 88 -73 9 -100 0
73 112 86 -101 -78 0
117 76 37 75 70 0
35 51 -83 -22 -65 0
113 -47 76 -118 -2 0
64 -106 77 35 33 0
-49 115 70 -101 -48 0
93 62 -24 -32 73 0
96 30 36 104 18 0
-54 83 -44 -5 -3 0
-69 -92 -115 27 16 0
59 116 73 75 101 0
-72 -38 -82 -66 105 0
18 44 -64 -105 -70 0
-112 -90 -96 120 -17 0
-111 -106 -15 38 -120 0
-53 -44 -81 -86 -28 0
-27 -100 84 -41 -33 0
-35 110 94 -72 -4 0
66 115 52 -18 -101 0
-53 -65 3 109 -111 0
-99 44 -46 -94 -29 0
70 -33 -84 -20 -103 0
-26 7 -68 -118 -51 0
77 -14 -119 -17 57 0
68 -19 -71 -65 -83 0
91 82 -79 105 -85 0
-65 -64 40 18 34 0
102 -81 -82 -1 74 0
54 67 -64 -89 86 0
68 -112 92 44 85 0
107 25 -77 -95 -72 0
48 -83 17 46 -53 0
-18 42 108 20 -57 0
-29 -73 -89 -62 -95 0
45 -105 -82 -47 43 0
15 -74 96 -35 -77 0
-119 -53 -91 -118 -62 0
-22 -29 48 -38 6 0
39 -43 23 -86 -13 0
28 -82 102 30 52 0
29 -58 -72 51 54 0
-97 82 115 57 -89 0
18 44 -114 -59 -67 0
-75 -71 52 -107 99 0
72 17 76 -79 -19 0
-95 44 15 -43 -60 0
-63 86 26 35 120 0
53 89 -104 80 56 0
110 -15 -49 70 -103 0
-81 -24 58 -64 61 0
-106 -14 62 -119 -59 0
-120 84 -80 43 103 0
-39 -70 111 110 -100 0
117 44 -41 7 -93 0
114 20 -69 103 -87 0
116 82 -43 -39 -2 0
109 46 31 -68 -118 0
42 -97 64 -3 67 0
-4 -77 100 69 -31 0
-27 -86 -9 -94 74 0
-118 -76 96 -108 -47 0
-43 -82 98 -114 -42 0
103 100 -5 -102 -115 0
-113 106 -53 26 32 0
94 -3 -72 116 -26 0
-89 105 78 -56 87 0
114 -42 -27 -59 -15 0
5 44 108 60 -76 0
23 96 -48 -39 82 0
-93 -12 -98 51 -41 0
-102 -64 -79 65 47 0
78 67 54 20 18 0
-19 111 99 -110 -97 0
-102 -116 92 -79 -77 0
-3 27 41 -54 95 0
52 -100 -110 84 96 0
-69 101 18 -3 107 0
-100 -114 -58 -86 94 0
-63 54 68 -119 21 0
91 52 -33 22 45 0
-114 117 31 22 -46 0
57 21 -30 -33 118 0
-3 22 39 -90 -68 0
-73 -71 120 100 -87 0
-33 28 -75 -90 113 0
40 -26 -69 -18 76 0
-2 -31 -12 -44 74 0
29 -117 48 115 -23 0
-109 2 20 -42 -3 0
-26 -61 -62 -29 115 0
2 112 -62 -67 -94 0
27 69 -46 -83 -109 0
23 118 51 -67 75 0
-16 52 -6 -115 -79 0
7 64 -31 67 22 0
79 -69 -7 -16 -15 0
46 103 60 4 65 0
-3 -86 -116 -27 87 0
-61 62 34 21 -47 0
87 101 24 45 59 0
-37 -118 -94 -35 11 0
106 36 19 -5 61 0
74 -24 -96 73 10 0
94 -112 -1 68 -27 0
-83 100 -11 -20 35 0
99 29 105 -94 -37 0
47 -112 78 65 3 0
-78 -33 -67 -42 115 0
60 14 47 92 56 0
-5 19 21 -108 2 0
-56 76 -17 -12 108 0
15 99 27 45 -115 0
-64 45 -109 -49 22 0
-69 -73 118 -24 91 0
-32 66 -94 33 -54 0
-68 -40 82 23 18 0
-114 -21 52 -31 3 0
-113 -71 81 -31 -63 0
20 82 1 -87 53 0
-68 71 113 -106 78 0
25 23 9 19 -97 0
4 90 56 -9 115 0
-7 -108 -30 80 4 0
-4 -106 -11 34 -103 0
-104 -3 -43 -62 73 0
-99 25 42 24 21 0
74 55 1 -99 53 0
-71 33 -76 -85 112 0
85 99 94 65 -30 0
-1 95 -29 34 33 0
118 57 -20 -89 -60 0
102 43 57 -83 -11 0
-19 77 11 -66 67 0
29 42 16 107 72 0
39 84 14 -98 -22 0
89 119 34 30 -54 0
-76 40 -47 -59 41 0
79 64 -40 63 54 0
-6 -5 -67 13 -16 0
-73 27 -89 -48 -106 0
37 47 -107 -58 103 0
14 -112 55 -57 71 0
-41 -1 -51 -36 16 0
101 53 28 18 102 0
119 -48 75 115 -53 0
-20 43 -102 -68 10 0
89 26 -79 -12 -63 0
-6 -108 52 -36 -73 0
112 -62 -111 8 -60 0
-22 -7 50 -100 -61 0
-54 104 120 102 -82 0
4 -26 109 108 75 0
13 -76 24 105 66 0
-45 111 40 64 -25 0
-76 99 -92 -117 83 0
6 -48 -114 86 74 0
-23 -30 -27 -2 -90 0
115 -54 -26 -60 -104 0
-93 -117 70 92 -88 0
67 -44 -3 -45 41 0
31 -60 -9 109 108 0
-90 -83 101 76 -68 0
118 35 -111 -112 -42 0
50 68 -36 -76 23 0
118 -23 -79 -112 76 0
-79 74 -115 -30 -99 0
18 23 41 83 36 0
56 41 -62 -49 -92 0
90 -120 -109 70 -100 0
115 -53 61 -106 36 0
104 -80 -106 -56 -38 0
41 -72 -92 68 -27 0
9 50 -35 -34 13 0
42 -41 20 -23 -61 0
-103 68 20 -114 80 0
15 -42 -30 -54 -96 0
13 62 19 81 -37 0
101 1 -73 -88 108 0
87 16 -67 85 108 0
-66 -78 -55 89 -17 0
35 25 -46 56 -44 0
61 -47 -19 1 112 0
-43 110 -64 -96 -59 0
37 109 -9 38 48 0
108 -92 63 -26 -94 0
52 75 16 85 50 0
-104 -116 28 -6 68 0
27 -41 -89 -109 47 0
-12 -98 -19 -105 6 0
-1 -60 5 94 -119 0
8 -119 22 -91 -69 0
46 -69 39 48 87 0
112 54 115 117 10 0
-89 34 -113 -75 4 0
65 68 114 -67 -11 0
94 -120 -53 -85 83 0
44 111 -20 -13 66 0
116 65 24 -51 100 0
-3 63 101 116 -44 0
-39 -11 45 12 -3 0
73 -88 63 77 -82 0
54 10 86 111 55 0
41 -2 3 80 104 0
-92 82 -74 -51 -16 0
-86 97 66 85 -25 0
-90 -113 -116 -18 -9 0
38 57 40 22 103 0
107 101 23 108 84 0
-112 49 72 62 -67 0
61 97 -14 70 -37 0
58 12 76 103 -81 0
21 -23 58 -16 -54 0
-98 87 -94 -73 -32 0
-96 12 8 -22 30 0
-57 -53 120 54 109 0
-99 102 -40 44 -120 0
-101 -45 -83 -79 -43 0
-85 38 -60 8 -53 0
101 -83 95 -39 -114 0
94 -13 -87 71 -79 0
-33 94 -61 109 25 0
-64 -72 89 -28 65 0
-44 117 57 -31 -8 0
-2 -32 112 -7 -40 0
-21 37 -9 -19 12 0
59 -2 112 -17 66 0
11 65 -41 15 36 0
-79 37 -29 1 -82 0
10 67 -75 -69 -80 0
116 -82 14 117 50 0
81 -89 -4 43 44 0
-16 -24 65 -21 -69 0
-28 -71 -5 112 -111 0
-33 -49 -69 118 -57 0
-115 -95 35 117 -52 0
-35 -9 69 -14 101 0
11 47 82 -71 -86 0
-90 -84 99 -58 -25 0
110 77 -47 -119 84 0
-106 8 54 77 107 0
-70 -102 -79 114 110 0
-108 52 -38 -89 -15 0
-27 55 -112 86 -53 0
-54 -68 114 -29 -79 0
-83 -80 108 -37 -101 0
48 -74 89 113 -43 0
-88 -81 -108 -97 57 0
32 -64 20 40 -76 0
107 29 -105 5 50 0
24 22 -54 -57 -25 0
-84 -14 47 79 -89 0
107 38 16 -12 120 0
66 79 -6 -96 42 0
-57 -56 -33 103 68 0
27 -70 -86 -62 22 0
-108 94 113 57 69 0
-39 -63 106 64 118 0
-108 -33 -67 18 83 0
15 -19 64 -58 -45 0
-113 -10 35 102 49 0
-67 -4 -94 98 -78 0
29 11 81 58 -75 0
-24 -65 -4 29 76 0
-85 -114 -2 -38 -78 0
40 -88 33 5 -66 0
-72 27 -3 115 -15 0
-109 -93 -67 69 -73 0
99 -12 -42 -115 15 0
-5 -31 102 -62 -65 0
46 -55 35 -111 105 0
9 56 -30 64 -23 0
86 44 60 29 1 0
77 26 -63 -13 -43 0
118 -81 71 30 -16 0
-93 81 -96 -41 20 0
96 -86 -108 -61 83 0
-117 -34 -12 -68 -119 0
94 63 -107 74 42 0
-68 -70 -19 62 -57 0
63 -104 -11 81 -37 0
42 50 64 -23 -111 0
81 44 117 -59 -10 0
108 97 109 -76 -17 0
35 101 -104 -116 -67 0
57 46 7 -87 97 0
66 90 -82 100 -104 0
35 -64 117 -19 -94 0
99 -112 12 68 63 0
-75 -9 50 -3 -7 0
26 -5 -57 -17 114 0
-39 -21 -117 28 10 0
109 -98 8 -87 56 0
-117 -14 -51 -2 -25 0
58 -88 94 -109 29 0
-92 -82 -15 -96 -100 0
-74 -112 -96 -37 110 0
-92 5 24 -99 111 0
-70 19 -42 -65 -25 0
117 105 -59 70 83 0
96 -101 -64 -93 -57 0
-112 -36 -90 4 99 0
-51 44 -68 -56 31 0
-60 -104 -107 -44 90 0
44 -106 -92 37 -109 0
-3 111 74 -29 76 0
27 67 55 59 -13 0
-79 109 15 -20 -55 0
-67 47 -104 116 -9 0
71 -86 -47 -70 -119 0
12 -18 -22 -81 -84 0
49 73 87 -95 -68 0
33 19 35 20 50 0
67 96 62 117 -38 0
37 -111 61 -45 40 0
-19 -10 -72 103 -29 0
109 -94 -59 81 57 0
-16 -86 -82 84 62 0
118 -76 -51 13 54 0
-70 21 49 30 51 0
71 22 19 -38 44 0
-23 21 22 -33 -5 0
-20 80 -105 -119 72 0
-10 -61 -56 114 -96 0
86 -78 72 4 -13 0
71 82 -74 -38 -81 0
-120 10 -1 -20 38 0
32 114 109 -88 50 0
-1 13 -31 -29 -37 0
-57 -81 98 11 76 0
-113 -51 -96 -52 -32 0
-43 103 114 -21 -81 0
12 95 84 53 -69 0
-23 116 -48 112 33 0
81 55 11 -76 70 0
89 54 15 -112 116 0
-24 -88 -81 -50 102 0
69 -73 84 -110 65 0
-116 22 -16 -36 120 0
-22 -21 95 -68 94 0
34 -86 1 -15 -83 0
70 77 -7 -8 100 0
-73 31 110 -74 28 0
107 90 49 1 81 0
-21 41 -1 69 89 0
16 -49 15 -50 -96 0
16 -20 34 -75 -10 0
117 65 -8 -85 -74 0
5 -95 15 -91 77 0
21 28 -77 -108 -95 0
-67 27 -9 77 -111 0
27 119 -48 110 77 0
85 39 18 -53 -27 0
1 -118 104 62 100 0
-90 -47 -7 -102 112 0
-64 35 -68 -97 56 0
26 97 84 -31 -21 0
77 16 -79 -97 -20 0
118 -45 64 -85 111 0
-45 77 -41 -102 -66 0
81 -112 26 -119 11 0
91 -101 -41 7 -85 0
-25 -14 -30 22 -6 0
13 110 -62 76 -18 0
-80 -94 -3 -104 19 0
-6 -78 -25 -74 119 0
-13 -44 -16 18 47 0
57 -23 -66 -44 -34 0
118 -106 -58 63 56 0
90 73 71 -120 60 0
4 -53 27 52 48 0
-13 -4 -1 9 -73 0
5 -13 -56 -47 -52 0
101 -102 82 -31 -79 0
99 -3 89 45 67 0
-41 39 28 -17 29 0
60 -4 42 -51 -99 0
30 99 -60 36 45 0
101 -53 19 114 35 0
-103 -30 16 -72 -24 0
-75 8 -86 -1 -52 0
-103 -12 -52 115 65 0
66 -3 -34 48 85 0
35 -5 92 -109 -91 0
-19 73 -108 61 -49 0
-11 -53 91 32 70 0
89 35 26 -63 100 0
-54 107 -28 -10 76 0
94 -53 -100 112 40 0
8 45 -101 49 -84 0
76 -26 24 36 -22 0
92 -79 -21 -46 70 0
-73 -94 119 -67 117 0
-76 48 -15 35 -105 0
43 51 -99 59 83 0
110 -84 32 38 -10 0
-9 -107 -67 8 53 0
38 -68 -96 -40 -71 0
-41 36 25 87 -46 0
-96 62 -110 -84 -109 0
-111 115 -102 -119 36 0
114 44 19 -80 106 0
-118 -17 57 -104 117 0
73 -28 102 63 110 0
-89 -74 -43 -51 -88 0
77 36 -85 -59 -111 0
68 -78 29 -91 76 0
28 -114 31 15 -65 0
10 -86 34 -64 -12 0
-102 -74 100 119 32 0
118 83 62 110 -79 0
-27 -44 96 31 -42 0
66 72 -96 -116 -24 0
-31 52 51 90 118 0
40 93 84 70 -55 0
-7 105 -46 28 -10 0
-67 73 33 -111 44 0
-51 -13 45 92 91 0
106 -27 -55 51 -113 0
14 102 -58 -90 17 0
-36 96 -91 24 -15 0
90 92 91 69 109 0
-83 -1 90 -78 106 0
-72 -41 69 68 75 0
87 -83 40 -85 -74 0
49 -76 100 -107 -104 0
-30 -112 103 -83 -33 0
12 81 58 -27 107 0
-95 16 84 52 -41 0
15 32 -93 -47 -31 0
5 -33 -111 -84 39 0
13 -109 50 -46 -43 0
-62 -119 54 -88 -97 0
-39 -109 -43 -9 -76 0
-65 -103 -18 -13 76 0
-117 -48 46 -30 13 0
2 18 -100 -50 -74 0
-24 47 -88 77 -4 0
55 107 -50 117 -53 0
26 10 99 -70 44 0
21 -79 -34 12 27 0
23 -16 62 41 -24 0
67 29 -92 65 -34 0
65 55 3 70 -79 0
30 -56 -111 110 5 0
62 80 40 -75 -12 0
-8 -42 35 -24 -87 0
95 -99 20 117 -101 0
-79 34 77 61 26 0
-50 20 43 83 48 0
-120 71 108 -66 -46 0
-105 90 -41 91 77 0
-54 -28 98 7 -16 0
109 77 113 30 -48 0
105 78 -50 120 -100 0
15 83 -106 -112 2 0
-48 23 50 -68 -73 0
33 27 -12 109 96 0
-88 -1 33 -112 100 0
-32 103 31 -69 -111 0
-94 78 15 77 101 0
-91 -43 -119 79 99 0
-103 85 64 117 -94 0
-33 -11 -67 -80 -27 0
-76 9 89 -73 117 0
106 62 -64 -66 -17 0
-47 106 -40 81 76 0
59 106 30 74 1 0
-33 50 56 99 53 0
40 -45 -36 77 83 0
-105 -64 -88 -44 -74 0
113 -31 -81 -35 -87 0
-56 -67 -31 64 100 0
19 47 -54 -57 -21 0
-114 -91 17 15 -93 0
-110 50 -22 6 -19 0
-85 106 -80 -115 -47 0
-65 -66 -115 41 -79 0
53 75 -120 -104 83 0
-56 8 -58 65 95 0
37 94 -98 90 -95 0
-63 95 9 81 88 0
81 86 -74 -24 25 0
-30 86 -18 -43 119 0
-9 -65 5 33 24 0
115 117 -116 15 -83 0
-28 -44 -87 86 -105 0
78 -104 73 -111 74 0
55 111 85 -72 -10 0
80 14 107 -46 -75 0
-103 19 23 14 -52 0
27 34 -37 -2 -98 0
22 49 61 -16 108 0
17 -3 57 6 -39 0
36 43 82 -68 67 0
-95 -103 -5 -60 30 0
-110 -18 80 19 -23 0
-22 2 -9 -24 46 0
2 -59 -44 28 -83 0
31 -103 -66 1 28 0
21 83 -114 -105 -47 0
-107 51 33 -109 78 0
116 24 36 -40 53 0
60 116 -96 -113 -5 0
111 -88 -37 17 -60 0
97 -82 -33 89 -34 0
-19 -96 116 -3 32 0
-29 -119 -64 -116 61 0
54 110 37 -13 -94 0
-27 19 -7 74 4 0
-16 -7 28 51 30 0
79 28 99 -91 -69 0
37 57 99 70 71 0
36 105 -102 -113 -35 0
-23 106 -62 -114 -74 0
96 39 -45 94 68 0
68 -11 -26 63 -25 0
-41 -92 -97 -109 -65 0
-34 53 72 89 92 0
90 -20 -93 64 -10 0
44 -10 14 111 61 0
-119 96 90 116 -100 0
-100 66 -46 -102 36 0
-94 93 100 102 -65 0
-115 35 -14 -66 94 0
14 115 -78 48 -89 0
73 -4 -48 -23 -27 0
-56 -107 66 78 -36 0
57 -90 108 -28 41 0
56 -57 -44 96 83 0
-12 100 91 -88 -108 0
55 -74 -5 -76 97 0
-38 -71 -16 27 -66 0
-23 -59 -33 60 -35 0
-24 5 11 79 54 0
98 -88 52 -43 -95 0
69 65 -1 -37 98 0
-107 -41 -99 120 17 0
-112 -24 43 61 35 0
-74 -34 111 -116 -93 0
-99 -95 -71 70 9 0
-4 82 78 -103 90 0
55 120 -63 -1 17 0
-32 -54 -14 -78 74 0
51 86 -104 -16 -63 0
-104 29 -84 -93 -30 0
-59 -105 -66 115 82 0
-110 25 -24 120 -94 0
-24 -59 -60 107 -22 0
-114 -36 -5 -83 -98 0
99 -28 -9 -41 -89 0
59 -117 49 -30 -74 0
80 -58 -6 25 28 0
40 5 -8 94 116 0
113 -89 -52 10 -13 0
29 6 -11 2 33 0
45 -108 50 101 -24 0
-99 -82 9 -111 -54 0
-71 73 117 -106 3 0
-39 55 100 -108 -29 0
54 -2 37 107 70 0
-31 4 97 67 118 0
100 117 63 -19 57 0
60 54 -6 -72 118 0
-33 -43 -12 36 100 0
-28 70 114 -120 62 0
-59 -46 -64 83 -43 0
-38 -109 111 98 80 0
-60 38 11 -22 43 0
66 -86 -94 -42 45 0
-16 -40 -42 6 -58 0
97 73 -7 45 -94 0
113 69 31 -107 -98 0
37 112 118 107 -52 0
88 41 -42 -4 76 0
-55 16 -25 45 118 0
-42 15 -109 66 -19 0
26 23 107 34 2 0
9 -91 63 -45 -37 0
-93 -119 62 57 -61 0
-58 15 34 -106 -63 0
35 5 105 -21 -7 0
-115 -107 61 57 5 0
-74 -84 -23 89 64 0
-115 -102 -104 66 60 0
-51 -102 -96 109 35 0
-42 -30 -115 72 -28 0
-36 -66 -96 -22 -82 0
-80 -8 -3 -99 83 0
-53 -12 -68 80 -64 0
-86 -117 118 42 -62 0
-101 -15 82 -92 -9 0
-74 -58 22 92 26 0
89 -15 22 56 -31 0
66 18 120 -98 40 0
25 46 -79 88 49 0
85 104 102 -111 -69 0
35 33 -95 32 3 0
