c SAT09-Contest Parameters: unif k=5 r=21.3 v=120 c=2556 seed=357555833
c Uniform UNKNOWN KSAT Instance k=5, nbc=2556, nbv=120, seed=357555833
p cnf 120 2556
-53 -67 4 9 25 0
58 -71 25 91 -6 0
70 24 -109 118 -34 0
-21 -105 83 13 24 0
114 -51 87 30 -85 0
-76 89 -54 39 -115 0
101 -52 -40 -79 -1 0
-2 -75 11 -40 -98 0
-76 39 -33 -1 23 0
24 10 -89 101 28 0
82 -34 24 13 77 0
-56 12 -87 -40 -8 0
-113 19 67 -7 75 0
-29 -17 -10 15 42 0
110 -87 -65 -14 -42 0
-48 -38 -114 -52 -31 0
35 -44 1 92 75 0
107 -110 65 6 39 0
-99 81 32 -120 75 0
91 90 41 -67 106 0
25 85 45 -68 -107 0
-96 73 101 -11 68 0
-11 -75 -52 -71 7 0
-20 28 45 14 -1 0
-99 85 33 -35 46 0
9 21 -36 -79 -71 0
42 -117 -75 -21 -35 0
-88 -118 -64 73 -82 0
-99 -45 -55 120 -89 0
96 -111 -7 17 32 0
54 37 59 -97 76 0
93 40 -68 -21 -99 0
-109 74 4 110 2 0
5 50 -53 -74 -120 0
-87 84 110 -100 98 0
-119 -33 65 34 56 0
-75 -90 -100 -111 -51 0
83 24 -77 -82 -21 0
-34 -30 -19 -101 -25 0
-96 -91 -58 77 -39 0
66 -111 -65 -77 -34 0
20 -62 -13 14 -53 0
62 42 115 -54 -120 0
111 34 88 54 3 0
-22 -33 71 -44 38 0
3 -4 13 24 69 0
39 89 40 -49 102 0
61 -74 87 -19 110 0
106 36 107 114 -83 0
-115 104 -109 8 84 0
-93 41 -63 -68 -115 0
-44 42 -78 -19 83 0
-105 33 -111 1 -66 0
3 21 -46 116 -71 0
118 -90 100 9 -52 0
52 118 17 -5 -50 0
-83 114 15 118 -77 0
113 12 -98 -56 -40 0
-107 40 13 47 75 0
-42 71 117 -50 -110 0
-52 14 11 17 57 0
21 107 33 50 -10 0
-25 -7 45 -15 62 0
16 -5 23 -99 -65 0
41 -12 119 61 -32 0
-20 -30 -77 83 -49 0
95 17 -93 115 -78 0
106 -26 -43 -72 36 0
-11 -119 -19 59 105 0
10 -13 -41 -54 -68 0
117 -37 -116 108 34 0
40 -88 11 -119 -53 0
102 104 45 -2 22 0
17 41 -14 -105 52 0
90 -62 -5 -49 -43 0
-120 -25 51 22 94 0
-90 93 -51 39 33 0
60 -110 103 -62 52 0
-62 11 95 -112 -13 0
36 100 -113 115 66 0
2 29 -7 -105 -44 0
-53 87 72 4 58 0
-28 -118 -102 38 22 0
-2 -108 -14 -43 -63 0
-34 -72 -58 -61 -85 0
76 -92 120 65 -48 0
-19 -110 -81 1 2 0
89 -58 36 -63 56 0
95 -20 86 -19 55 0
-116 -80 -109 -79 -24 0
-25 -87 -76 -37 -56 0
-23 -78 94 17 41 0
-101 -118 -112 -20 95 0
118 -4 60 114 91 0
-108 5 -100 -41 6 0
10 118 -46 112 60 0
-109 -86 -22 -72 -3 0
66 -34 55 -48 -11 0
-56 -39 27 43 -30 0
104 40 -10 -95 77 0
2 88 92 -50 117 0
-72 -80 107 74 4 0
-11 -1 57 -111 -90 0
-9 -89 7 -118 -79 0
-117 48 20 -63 -77 0
53 -2 87 -21 60 0
27 -5 88 -90 117 0
76 43 -78 -69 -50 0
92 102 87 4 22 0
-54 -65 28 67 -120 0
68 -117 27 -45 -90 0
-60 -110 20 -24 102 0
54 -71 57 32 -3 0
-25 74 -95 -86 -57 0
36 -8 -27 101 -49 0
-95 119 100 -24 57 0
-42 97 103 -95 -90 0
-4 -26 30 38 102 0
94 69 3 -27 58 0
53 -45 94 -100 95 0
-99 74 -111 56 -115 0
-114 115 60 -110 -23 0
-49 27 -104 -1 -69 0
-32 74 -51 -90 -92 0
25 52 -28 16 78 0
-66 -114 -100 -94 -60 0
-75 89 -77 93 -7 0
-10 -30 -51 53 76 0
105 -16 114 76 94 0
-10 -107 77 -118 110 0
-113 -36 60 81 -32 0
-1 -57 -115 -10 18 0
86 -32 5 -16 38 0
-7 -4 -53 8 55 0
-49 -55 -71 -35 -120 0
64 78 38 84 59 0
31 12 -6 -97 58 0
115 -9 -42 25 95 0
-6 -64 14 97 -28 0
68 -99 -23 97 44 0
23 26 102 75 108 0
-95 102 -37 -65 93 0
49 -31 118 11 52 0
8 92 -105 100 80 0
-109 -80 92 -85 9 0
-8 97 84 92 70 0
28 98 -111 -73 -22 0
-58 -86 -99 -13 -92 0
1 79 -19 -72 16 0
-15 99 43 -74 -59 0
-27 -105 13 48 -46 0
-120 -4 -46 9 97 0
-106 -15 44 -23 -63 0
-98 -41 10 15 108 0
63 65 -5 22 53 0
-37 -73 -66 -19 -98 0
-17 8 -65 25 53 0
-21 -119 -62 -77 -18 0
82 -47 105 30 -81 0
83 82 -35 -107 -72 0
-34 -92 75 -59 -57 0
26 53 -97 12 -90 0
35 64 -78 10 89 0
-71 -32 -98 -91 78 0
56 -11 -113 -71 44 0
-98 91 28 -111 -119 0
-63 104 -16 77 101 0
-77 -120 -98 73 -110 0
101 -91 7 -45 -1 0
-59 -73 104 116 63 0
-72 87 88 -21 -89 0
-89 -75 1 -94 -43 0
66 75 84 109 -46 0
45 11 77 51 -41 0
110 -80 -106 64 -82 0
-112 -101 -76 16 -90 0
4 73 26 -45 97 0
95 7 -16 39 56 0
4 -96 101 23 52 0
85 -41 33 -68 -51 0
-48 -100 105 4 92 0
55 -96 22 28 104 0
77 -103 109 -95 -94 0
64 -76 68 73 -18 0
15 -38 -71 -27 -12 0
-90 -35 78 3 -62 0
-75 49 -54 108 35 0
14 -120 119 -110 -47 0
-36 89 93 -100 67 0
-40 -83 -112 100 -77 0
-77 -44 -25 101 -34 0
-88 87 49 -27 -93 0
82 -90 -106 -115 108 0
79 27 19 36 3 0
-16 -71 25 -41 28 0
25 -26 33 -75 97 0
-99 -7 58 -57 -25 0
-41 28 22 -112 105 0
-76 -9 -4 -112 69 0
-21 -24 -53 -47 -117 0
86 8 -80 96 1 0
-16 -26 -83 -96 -21 0
-11 80 62 20 106 0
64 34 -28 63 29 0
-108 -68 -53 -107 13 0
-28 81 86 119 -11 0
-120 -56 -25 -27 87 0
-30 -100 -86 6 -61 0
-80 41 -75 63 110 0
-58 27 -23 -76 17 0
106 -116 -22 -117 34 0
-46 -25 -33 93 52 0
48 73 103 -5 25 0
-100 67 95 57 116 0
29 -83 -9 -31 -91 0
-64 -72 -92 -112 -117 0
-27 -66 32 -93 -92 0
-70 54 50 -59 47 0
38 -19 -51 -106 -27 0
13 -46 -55 -81 -104 0
29 107 -11 47 -56 0
72 90 103 102 -63 0
-71 -61 -34 -73 23 0
46 109 -12 68 69 0
31 96 -111 -21 -47 0
-101 -39 114 37 65 0
-2 -109 23 -110 58 0
-92 -79 89 -26 -42 0
-73 69 -63 -62 -9 0
-37 -118 -1 -25 -109 0
-49 -51 -28 77 9 0
5 19 -71 16 60 0
20 -34 -1 -37 26 0
-109 -107 -82 -58 -67 0
35 27 24 -16 -110 0
63 52 -27 -12 78 0
89 112 105 110 -108 0
105 -79 -111 -48 -49 0
110 88 -32 79 16 0
55 2 -80 81 4 0
-95 82 -117 -27 53 0
34 55 57 -100 76 0
-63 -3 -49 -34 -31 0
78 26 59 -112 66 0
40 85 -100 61 37 0
75 26 44 39 -84 0
114 75 80 41 98 0
-114 86 -112 -100 25 0
-69 -116 -56 48 -43 0
-52 8 9 -83 35 0
4 -35 65 48 -31 0
68 90 65 -97 28 0
-49 -16 92 -106 -11 0
-11 -20 9 60 -54 0
-52 117 -5 -37 1 0
120 25 106 -40 51 0
110 64 108 -95 8 0
-18 29 79 75 -14 0
-61 -5 29 -83 80 0
118 -76 -79 -14 -110 0
-81 -80 -22 23 -35 0
-52 50 -61 -46 26 0
-37 -74 85 -54 -86 0
-119 51 -35 -117 -50 0
94 6 -38 -101 -90 0
87 -30 -117 73 -92 0
94 84 49 97 -56 0
76 -8 51 -28 -7 0
38 -3 14 -61 -49 0
-5 3 46 -87 -97 0
-49 -51 14 -100 -13 0
39 -80 -117 61 90 0
110 -34 24 58 -23 0
-52 42 54 107 -8 0
116 65 -61 -50 -72 0
-66 -112 96 -100 -14 0
20 -74 11 -83 -22 0
57 62 -71 -119 -10 0
-83 -44 16 91 -25 0
-95 52 -107 102 -104 0
-9 90 38 -61 -62 0
-101 72 81 -48 -117 0
43 51 -77 -107 97 0
-61 -11 -56 -70 85 0
67 -34 -90 -106 47 0
90 -73 -62 -57 87 0
-19 58 -77 70 107 0
36 -48 94 3 -63 0
-83 104 -53 -98 101 0
-25 -43 98 -111 114 0
-40 -47 15 77 4 0
-81 -59 58 86 63 0
-71 -3 62 -55 -65 0
-79 -89 118 -54 59 0
-113 45 -33 43 17 0
-64 73 -81 -46 66 0
-64 95 -28 16 46 0
-19 -94 89 45 -5 0
117 -29 14 -82 5 0
-50 102 116 -39 71 0
79 1 -51 58 106 0
4 -2 -78 -110 -32 0
117 56 68 -94 -50 0
73 -19 35 65 56 0
-30 32 -20 -58 48 0
78 91 109 52 -38 0
-18 15 60 -91 25 0
101 39 73 1 -109 0
-66 31 -93 -100 -57 0
-28 73 -6 2 -89 0
-2 -81 99 -44 -10 0
-34 -26 -60 30 23 0
69 -100 106 -51 -8 0
24 -93 2 66 38 0
-35 115 77 -66 -49 0
-43 -63 72 -4 3 0
-55 -100 -12 -98 26 0
31 -87 -120 -79 -29 0
33 -5 -93 23 79 0
-108 53 -41 -67 20 0
-35 32 76 -44 96 0
-40 -23 -102 -1 92 0
-30 93 -46 26 -32 0
-85 96 -67 -27 -84 0
-62 10 48 81 115 0
8 12 107 -113 50 0
57 90 -11 82 27 0
-40 -49 -53 24 -65 0
-60 11 -14 58 -28 0
79 -26 -34 -8 -33 0
28 -97 57 93 52 0
-112 -115 36 -6 -72 0
-87 -31 -120 -99 3 0
54 -92 111 -47 -108 0
2 88 102 4 96 0
-19 105 -54 113 111 0
44 -26 -74 43 -100 0
-98 -10 97 -69 55 0
-107 -45 23 73 33 0
-57 -12 75 -11 85 0
-36 -54 -86 111 47 0
59 -84 73 -21 -120 0
-23 113 -67 -88 -2 0
-67 -27 49 -3 55 0
-85 82 96 -35 -61 0
50 -91 -116 109 115 0
16 27 61 -35 -114 0
112 81 7 -107 -53 0
76 10 -25 -83 88 0
4 -17 -26 105 19 0
29 57 83 46 105 0
-117 82 -106 -10 119 0
-24 -81 -32 -117 -46 0
-115 -26 -63 -114 -57 0
87 -38 -58 -34 91 0
46 -35 112 83 -47 0
110 8 -59 41 -100 0
-49 55 -41 1 6 0
105 102 71 -13 21 0
-68 56 -30 2 102 0
-27 37 -5 -78 70 0
-40 -2 -31 85 68 0
47 13 -22 -77 -51 0
-73 95 24 -81 -104 0
63 -85 44 -16 -39 0
-113 99 -67 47 -23 0
83 -55 86 -36 58 0
75 -42 -65 -35 -93 0
44 -39 91 23 9 0
-115 21 28 -6 31 0
-83 -63 -25 -90 -87 0
12 28 -34 -36 -15 0
-101 15 57 -107 -106 0
5 3 -73 74 -87 0
105 -52 29 10 20 0
108 33 2 -44 32 0
-6 98 103 36 93 0
97 102 89 113 -74 0
-4 -14 63 6 3 0
-15 73 16 42 -112 0
-54 -91 118 -45 -39 0
3 -59 -78 30 107 0
-120 -40 114 -8 -106 0
-50 -89 -74 -80 76 0
115 39 94 -54 -79 0
35 42 -31 9 -70 0
-39 -33 -19 -93 103 0
96 6 -31 10 102 0
5 48 -91 -81 117 0
93 -29 -43 -110 -26 0
-63 -70 15 -47 -65 0
-113 -45 -114 -118 -104 0
-30 91 61 87 54 0
-87 97 -103 -4 51 0
-115 36 -111 63 28 0
-70 -59 9 1 -86 0
-4 -57 -32 3 -87 0
-32 -29 70 101 3 0
58 66 114 117 50 0
49 13 34 -25 79 0
90 -72 58 -17 -33 0
47 93 -87 67 80 0
-44 -50 -113 100 -119 0
-7 -48 86 -99 -23 0
2 -101 -62 60 30 0
-4 26 10 -16 -35 0
-47 -102 119 80 50 0
-107 53 25 -35 2 0
103 -18 -59 -27 -17 0
89 -101 -39 18 76 0
101 118 30 -26 106 0
-8 32 97 -53 -45 0
-63 12 83 23 48 0
46 41 61 66 14 0
114 20 47 -116 -119 0
-47 -52 -105 109 -114 0
-106 64 -83 97 -91 0
-80 -12 -109 -96 -37 0
23 35 -22 89 28 0
-46 2 40 -113 8 0
-47 52 78 19 -1 0
77 -117 -55 108 48 0
95 22 -14 -32 -98 0
79 58 60 -37 -10 0
1 -72 -65 82 89 0
-85 58 78 -1 -28 0
-4 46 -101 22 -119 0
-76 20 78 73 -111 0
-109 24 -119 -56 3 0
112 48 70 120 19 0
-115 -70 -72 104 33 0
7 32 108 25 41 0
-18 -101 -82 16 -95 0
89 111 36 69 3 0
-27 13 72 -93 -100 0
48 3 14 28 40 0
-114 -92 -46 -27 22 0
58 -112 -35 -105 -97 0
-12 61 -64 54 -91 0
-111 -31 -69 -4 -5 0
-29 -60 -72 104 -109 0
88 60 -25 117 105 0
-6 28 -59 113 -71 0
-87 -61 -119 120 -68 0
63 -108 64 4 91 0
27 -85 -13 -31 -84 0
-2 81 76 -74 -62 0
63 -58 -5 -62 117 0
-9 -23 104 26 34 0
117 -89 -74 -26 65 0
19 18 -4 -32 112 0
34 -110 22 109 40 0
-75 -18 -108 -86 -106 0
101 -32 -28 -78 -88 0
-70 71 -50 -19 83 0
5 -16 71 -12 -61 0
-104 80 29 10 -74 0
74 -51 -84 -92 -43 0
-25 -87 41 -31 76 0
-96 60 -120 -115 85 0
89 -93 -40 101 -107 0
70 -100 44 -42 -102 0
-59 -73 10 66 -16 0
12 54 -43 -63 34 0
29 2 94 -19 45 0
-33 43 41 52 -27 0
-21 55 89 -96 1 0
-79 -112 37 6 100 0
56 34 -118 -31 60 0
-117 -94 34 28 93 0
19 57 12 95 28 0
-68 -88 -61 -56 -15 0
-28 -76 -62 -64 -119 0
-118 88 27 -26 -117 0
77 17 -47 -9 -49 0
97 -35 -79 42 66 0
59 -57 117 6 85 0
76 67 86 -50 95 0
-117 55 -4 -8 35 0
-86 16 120 -106 -35 0
-7 112 82 -67 -51 0
109 -113 79 55 -42 0
39 -63 29 67 84 0
91 27 32 63 15 0
-10 -93 -3 -54 -118 0
50 -27 2 -92 75 0
-21 10 -98 -4 91 0
-42 101 92 -88 -6 0
28 -96 7 1 -44 0
-52 24 98 -68 -58 0
-64 82 -117 48 120 0
53 90 87 -25 -101 0
-77 -12 88 95 9 0
84 -61 -103 11 -81 0
-54 16 -42 113 -76 0
15 -7 -14 -10 -20 0
-95 -17 108 38 -111 0
-63 -36 99 -29 24 0
-19 -9 -24 58 111 0
4 109 -35 117 -16 0
-5 20 -15 -31 112 0
-79 91 45 -106 38 0
14 -103 -61 98 -89 0
45 73 -13 -63 10 0
-98 65 55 63 -91 0
17 -22 -106 -16 -21 0
77 10 115 -12 7 0
92 -58 60 -67 101 0
14 -82 -85 81 50 0
66 6 11 -65 7 0
88 -64 65 58 -94 0
47 70 -32 117 68 0
29 105 74 52 -13 0
55 -3 -8 -112 17 0
-36 -50 117 60 -92 0
78 -3 72 49 112 0
64 101 61 17 89 0
-90 119 72 -65 60 0
-101 113 47 37 28 0
-78 23 -43 46 14 0
-92 -20 2 -85 103 0
103 -40 66 62 -10 0
40 77 -115 -20 -17 0
111 -81 8 60 -70 0
74 -18 76 -1 6 0
-36 -42 -6 -115 -44 0
-17 -48 -28 -24 46 0
-9 -82 -17 -84 -55 0
-28 -14 -83 105 -45 0
88 63 39 -70 -57 0
34 -114 -92 28 -24 0
-59 4 56 97 -16 0
-41 -80 -48 20 -24 0
-49 -50 28 76 -51 0
-109 -17 10 100 -52 0
51 -74 39 -106 -4 0
80 55 15 41 -109 0
-55 22 -77 -51 117 0
-101 111 72 92 -91 0
37 -38 -36 117 -109 0
29 115 12 26 78 0
-6 -47 86 91 70 0
-82 -58 65 -21 -105 0
-63 36 -24 82 -5 0
67 -69 -118 -11 91 0
95 67 50 -86 -65 0
1 -48 81 -66 82 0
-82 60 64 -47 -31 0
-88 -52 -109 87 61 0
4 86 64 -20 35 0
-55 59 -45 -34 6 0
53 18 -75 -95 73 0
-55 57 -25 -108 116 0
79 -69 116 -113 -11 0
91 115 6 -101 -22 0
81 -37 90 21 77 0
6 -91 98 -51 92 0
73 87 33 -18 104 0
101 47 82 64 -102 0
81 -44 110 -13 -10 0
61 -71 -40 -94 39 0
-36 97 -90 99 40 0
52 -68 -50 117 -97 0
47 -88 -64 102 -65 0
-114 40 62 -28 -41 0
-120 -67 68 -4 59 0
-70 18 104 -45 -119 0
105 89 -82 -33 71 0
-57 -45 -17 1 -56 0
2 45 -43 101 -113 0
76 90 -2 41 107 0
-96 101 23 14 41 0
-83 34 114 92 112 0
-84 -93 -13 119 -75 0
-31 -16 -43 -114 117 0
-70 -119 84 -116 -99 0
-104 -70 28 5 -16 0
12 8 -59 66 106 0
-85 -22 38 -77 41 0
-21 117 -101 52 51 0
63 -114 -90 -1 104 0
-98 41 -32 105 -112 0
-43 -50 -102 -64 -15 0
101 -57 29 -26 -62 0
16 78 -38 15 -97 0
-47 -18 59 6 33 0
-117 98 -108 -79 36 0
-22 -60 -107 88 -119 0
7 -85 22 -24 -26 0
-48 69 75 -31 55 0
117 -70 91 105 102 0
15 -16 89 -63 94 0
-16 -15 -99 5 -111 0
-18 -52 91 -5 -111 0
67 52 -41 -1 15 0
-93 -18 1 33 -43 0
63 11 28 17 57 0
18 12 -87 90 -35 0
62 14 -115 -75 19 0
51 58 -77 42 -117 0
-100 103 -83 43 -36 0
36 -86 -56 64 108 0
8 44 99 30 93 0
119 40 -63 -50 54 0
63 -62 18 -109 -8 0
43 14 -79 -87 -13 0
15 -12 113 -55 -59 0
-8 -77 30 67 -54 0
-114 -89 -63 -120 36 0
-89 24 -103 54 -59 0
-26 114 16 -75 -42 0
36 -105 -43 -51 78 0
55 17 27 96 -37 0
-73 -101 43 -91 -78 0
-6 47 118 38 -12 0
15 -42 26 -30 29 0
-35 7 -48 -12 -46 0
30 -83 42 -45 8 0
75 -3 -54 -64 29 0
29 74 79 84 20 0
-60 -61 5 -102 -62 0
-106 -12 -16 -28 48 0
-107 91 3 36 65 0
-72 -117 -108 -5 -88 0
65 -98 -45 32 36 0
-8 -81 -88 33 -106 0
98 -103 13 -72 -18 0
-9 -20 -38 -99 -17 0
28 -37 3 72 7 0
-13 115 77 -84 -26 0
68 64 -20 -31 -50 0
12 -72 67 52 109 0
76 41 116 78 26 0
-61 -17 106 33 -20 0
-114 93 44 77 83 0
34 103 -1 -109 -43 0
-1 54 -94 34 75 0
52 -23 7 49 99 0
117 15 42 38 -81 0
19 -104 54 -119 70 0
-76 -75 39 47 -14 0
31 -21 -44 -103 -18 0
-8 -77 -29 9 18 0
-77 -52 -56 -34 108 0
-25 -76 -91 103 84 0
17 -37 -83 103 92 0
50 94 -80 72 -12 0
41 -77 -81 115 1 0
-64 -50 -111 -45 -104 0
94 -65 -15 -98 -16 0
25 52 29 48 -5 0
47 91 -67 -11 32 0
85 -52 119 -65 -18 0
71 -27 49 -10 -66 0
108 -94 -52 105 -88 0
-59 -49 -71 -83 -108 0
-23 -14 89 -5 80 0
-70 -46 37 85 -100 0
24 79 -21 18 -51 0
17 20 -25 53 22 0
20 66 94 97 -107 0
-80 -104 -83 -68 -108 0
106 72 -34 113 -5 0
-99 107 90 -26 18 0
-22 -24 16 -10 -86 0
-82 1 -76 10 -84 0
-39 -23 -30 75 61 0
24 101 71 -3 107 0
108 -117 -21 12 20 0
-120 -45 -66 -70 116 0
-95 -63 -87 81 28 0
60 -12 31 -102 118 0
108 3 115 73 -83 0
18 45 103 25 84 0
12 76 104 45 36 0
-66 83 76 -21 72 0
-98 41 -49 33 -86 0
5 -19 -120 67 86 0
-86 5 -99 6 -110 0
102 -46 109 48 -18 0
-109 -13 38 31 -61 0
35 -45 27 -12 -7 0
103 17 -27 113 73 0
6 -45 48 -97 86 0
76 104 14 50 26 0
-19 109 100 -96 -89 0
-101 -110 -112 -108 -117 0
6 -73 72 119 -111 0
57 -33 45 60 104 0
-69 -2 -110 -95 82 0
-50 43 77 -89 -115 0
100 89 -96 -26 33 0
62 -93 -40 57 -59 0
105 111 -21 -17 -38 0
-66 -10 -19 76 44 0
33 81 -98 -86 35 0
-25 98 -81 94 -14 0
-94 17 -119 -18 -87 0
92 77 -71 69 107 0
3 12 83 -60 -116 0
55 17 48 -8 96 0
-13 -30 107 119 -81 0
75 70 46 71 9 0
-20 79 116 -71 101 0
98 -115 109 43 33 0
-82 -80 -64 -98 -31 0
-120 -62 -29 116 -113 0
-21 58 101 -79 -97 0
6 -70 -91 53 97 0
4 109 46 -27 15 0
7 -57 -52 65 6 0
-87 -35 88 -5 51 0
-40 -74 57 6 119 0
-11 -92 -113 -82 52 0
-7 42 75 -9 -74 0
-87 -99 78 20 119 0
103 24 76 -98 73 0
-5 46 -1 56 79 0
-69 2 -86 82 43 0
-4 89 100 -44 -82 0
-105 76 12 31 -85 0
76 -36 -79 37 -107 0
-120 104 -18 -13 41 0
58 61 -56 89 -19 0
-77 85 -52 114 84 0
-48 -91 -52 115 -50 0
39 -60 -1 51 -82 0
-21 45 30 -29 65 0
-3 76 -23 -81 72 0
-52 118 89 -106 -86 0
90 -105 93 110 37 0
113 46 13 -76 85 0
-105 17 6 -100 5 0
-58 -52 -108 56 -25 0
-31 -12 -86 -25 119 0
-68 -5 85 69 2 0
10 -47 100 86 12 0
8 -118 -44 15 -11 0
-25 46 -54 -68 -85 0
4 -29 -100 80 -82 0
6 -62 101 -92 39 0
7 106 -79 -58 102 0
-20 -86 75 87 -52 0
-2 -7 -106 -20 99 0
73 -22 17 -97 5 0
-96 -63 72 7 -51 0
-86 115 -81 -57 72 0
45 67 74 -14 -1 0
103 50 -79 93 -114 0
61 -31 -89 -70 -50 0
35 115 -25 -27 37 0
-87 -63 23 55 93 0
-4 51 -114 117 21 0
17 13 83 99 -62 0
-118 -102 -73 96 -20 0
2 72 116 52 109 0
24 87 -57 -73 -38 0
51 -42 -96 36 -2 0
-20 79 56 -37 -66 0
59 31 -4 74 -2 0
-90 26 -84 -6 73 0
-55 10 -65 -87 -53 0
-7 1 -16 -4 81 0
-80 58 61 107 -21 0
73 -32 -89 28 77 0
-87 -72 120 92 56 0
10 102 120 -89 -109 0
45 65 -25 52 88 0
13 -92 -22 50 95 0
45 120 50 70 -105 0
8 -120 105 76 -46 0
7 52 -108 -22 -87 0
65 -93 -85 -13 101 0
98 92 4 -120 -30 0
-48 -61 -65 -80 9 0
-33 -12 68 -48 45 0
101 -8 -105 29 -90 0
-28 -95 -116 17 6 0
2 99 -44 -109 -7 0
-118 56 59 -15 23 0
25 -3 -19 -39 73 0
-60 83 -87 -85 -96 0
-110 -77 -98 84 102 0
-98 37 -6 97 -90 0
-89 4 -68 56 -47 0
3 5 80 94 -31 0
-81 50 2 -11 76 0
1 30 -50 101 116 0
12 -63 -102 -15 -111 0
-25 -113 -38 -101 86 0
27 -16 35 -21 42 0
120 -17 24 98 73 0
84 40 -52 -70 -6 0
90 2 89 51 -52 0
6 25 114 -20 -86 0
60 -69 -5 -57 33 0
110 -95 107 27 51 0
10 -78 82 94 69 0
-97 12 18 56 -10 0
-53 36 47 77 -21 0
-34 120 -89 9 -41 0
-55 -86 -120 3 67 0
114 95 -45 -18 -17 0
-97 44 18 -49 -90 0
110 -57 77 120 114 0
5 -34 19 115 -104 0
-51 -100 -38 13 -56 0
71 37 -35 -66 16 0
28 -69 -113 81 -33 0
3 -39 -11 -8 33 0
110 -85 -61 -58 -90 0
96 27 42 -107 116 0
13 33 39 -102 108 0
-5 83 2 120 100 0
25 86 120 70 -9 0
-6 -63 73 -81 28 0
-69 46 1 54 106 0
89 108 -60 -61 93 0
74 -91 -17 -117 -99 0
-45 -56 78 -16 44 0
11 78 19 -79 -88 0
90 -47 102 -82 67 0
7 96 58 -113 -17 0
51 -73 -112 -59 63 0
-17 14 33 -79 -102 0
-101 50 -70 31 44 0
66 22 -43 50 93 0
-10 102 -108 118 114 0
33 -57 12 -108 -69 0
-91 6 -33 -29 74 0
-87 -60 -70 -21 37 0
-37 -16 -100 -91 35 0
62 -54 -87 56 36 0
33 65 77 30 -76 0
31 40 -41 50 68 0
73 4 -104 64 -86 0
49 102 91 7 -36 0
67 75 -114 5 -7 0
-7 82 85 102 -105 0
8 65 25 -48 36 0
-114 30 -88 -63 66 0
45 28 84 72 20 0
-11 -88 17 -112 -24 0
28 -9 85 -81 -69 0
-96 99 120 115 6 0
7 42 93 88 4 0
111 9 89 95 1 0
75 -36 -99 115 107 0
108 -17 88 -89 73 0
47 3 63 -29 19 0
81 -5 -26 32 -77 0
20 11 95 -25 -34 0
-35 41 15 -7 -21 0
-72 119 97 60 43 0
-25 -82 98 13 119 0
100 -6 69 -4 -64 0
102 -5 92 -4 -109 0
49 -108 66 87 96 0
86 -14 -1 -114 -92 0
-83 -100 96 -12 102 0
-34 84 -92 43 116 0
72 -63 51 -42 46 0
43 78 -93 -110 -77 0
-103 -1 90 115 -51 0
-29 -72 87 35 47 0
-22 88 111 -32 44 0
71 -99 -91 43 80 0
-76 95 -80 -30 -70 0
-74 -45 71 -101 -15 0
92 -50 36 -18 -106 0
51 -85 89 86 -39 0
73 7 -33 -32 59 0
-37 -11 -101 -107 -5 0
-95 -34 79 -105 120 0
80 14 70 -43 -60 0
28 -12 62 85 -109 0
21 23 -24 -56 -27 0
-31 8 71 -91 -58 0
94 6 -4 96 116 0
57 49 70 61 -81 0
60 72 35 24 16 0
35 47 95 -109 -18 0
-36 120 -33 37 -75 0
60 108 82 34 28 0
-67 -39 103 44 -83 0
75 -15 82 -24 -20 0
116 113 -91 -5 59 0
54 -94 120 105 47 0
105 -66 77 -47 26 0
79 -26 -4 -24 -120 0
40 89 26 -11 -78 0
18 -115 52 74 107 0
-99 102 -7 -110 -89 0
60 42 24 -95 26 0
-30 76 17 -64 -85 0
2 -62 44 -109 -75 0
62 14 -98 113 72 0
-4 63 5 87 -49 0
119 -114 33 8 -71 0
98 -95 -115 -28 -23 0
-7 -81 106 28 34 0
-3 5 92 -34 58 0
61 116 -27 107 -99 0
34 -36 54 -80 -93 0
-37 -25 92 -79 95 0
-109 52 -70 -96 -13 0
67 60 41 -4 -75 0
-113 -72 32 13 49 0
-6 22 15 -28 -72 0
-74 -76 -4 -115 56 0
-69 -5 -51 -90 -4 0
16 -32 118 -36 74 0
-120 -118 -22 -34 -80 0
-3 -97 -7 -24 5 0
71 -54 -59 28 -76 0
80 -9 30 79 -47 0
-33 -65 57 -35 -48 0
-108 -61 -100 -92 109 0
2 -9 27 -95 4 0
-2 -16 20 18 -91 0
66 -47 -30 -52 -65 0
-52 -38 97 27 18 0
78 99 77 -25 -65 0
-101 26 -55 44 -27 0
-54 47 -8 -102 -104 0
44 33 -79 96 -52 0
-34 -103 -11 76 -15 0
52 46 100 -79 20 0
-117 4 -109 99 56 0
-116 102 65 -72 -39 0
29 -102 -18 -88 -69 0
-99 -39 -20 82 67 0
-12 -56 69 -50 80 0
24 -52 115 -39 46 0
70 -51 7 -16 -69 0
106 -26 -73 41 -115 0
90 -108 23 91 -65 0
48 -42 -3 -49 -17 0
101 77 43 -30 83 0
-113 20 -52 76 -7 0
-11 103 -97 -32 29 0
-115 19 -14 -120 95 0
-43 -31 102 -54 80 0
61 -109 104 74 78 0
27 -87 109 46 -24 0
-69 -106 10 63 -24 0
3 -112 6 75 109 0
61 104 62 8 80 0
6 -98 -8 79 -50 0
-92 66 -43 57 31 0
-29 -62 119 105 110 0
-38 -92 -107 -3 -50 0
47 104 -64 23 -87 0
-67 -65 -31 72 -113 0
15 5 64 -67 59 0
-15 -106 -69 39 25 0
24 -33 -36 16 82 0
96 -93 -98 107 29 0
38 88 -42 73 7 0
86 68 118 -61 89 0
22 -119 -44 -30 21 0
75 -102 81 78 -104 0
-10 114 67 60 -5 0
30 93 20 -5 46 0
-107 83 -41 -112 -77 0
-83 44 -43 -68 -118 0
-12 -98 56 120 45 0
86 45 -120 92 84 0
-85 14 2 -118 -40 0
20 -22 35 114 17 0
80 -71 -31 -90 61 0
-49 98 34 119 -48 0
-26 89 -65 -5 -37 0
-97 -4 1 117 35 0
23 82 27 99 -26 0
63 93 100 -33 -95 0
5 -67 118 -41 -37 0
-50 -40 59 6 91 0
-63 83 73 46 118 0
58 60 -109 -54 -36 0
50 -39 -12 -87 -42 0
-110 112 -80 -109 88 0
-119 -103 3 -34 -10 0
-30 43 -115 -77 -8 0
11 102 60 40 -68 0
-36 -31 4 -108 -91 0
-106 -57 68 -83 12 0
-23 -88 25 -67 -76 0
-71 81 -8 16 -2 0
113 -106 -16 -100 78 0
-68 14 106 62 -103 0
-67 7 36 111 -10 0
-36 -99 51 -75 92 0
22 13 -75 -74 50 0
-33 110 -23 54 -76 0
6 66 13 -99 -27 0
119 -110 83 -10 81 0
-93 56 33 -108 92 0
-30 -55 -81 -92 -33 0
-10 -46 43 -64 45 0
111 17 101 -5 16 0
-32 -74 20 94 -109 0
96 103 43 69 -70 0
105 -106 16 -54 -87 0
76 51 74 86 -27 0
30 -110 -20 58 120 0
29 94 70 4 -20 0
-88 9 -69 101 -110 0
9 -50 11 -118 115 0
-114 -39 77 66 13 0
71 -51 -104 55 -38 0
-31 23 -75 67 -42 0
97 30 98 59 -83 0
76 -93 53 37 69 0
31 -120 59 -86 -27 0
-67 -43 -19 83 -63 0
-29 78 24 -117 13 0
-6 80 87 -70 52 0
-116 113 114 -92 120 0
-74 2 -87 -36 -107 0
-110 -61 -57 114 19 0
-23 19 -28 -90 67 0
120 46 116 82 -95 0
80 -61 33 47 3 0
-71 -79 41 -100 106 0
-99 66 107 36 -94 0
-17 95 -73 -33 64 0
101 -72 -9 -32 98 0
-99 34 105 35 80 0
-11 7 61 -83 35 0
-76 -48 -37 -79 50 0
-78 99 115 -61 41 0
80 -74 -15 46 -108 0
4 96 -91 -107 81 0
105 -66 29 46 89 0
-111 -18 -14 -79 -9 0
-19 -9 -63 7 -27 0
87 5 -94 -92 3 0
105 -108 -57 34 59 0
81 -55 71 -67 -48 0
44 105 46 -81 -97 0
78 -76 84 -65 28 0
39 -81 -76 -91 -109 0
116 -32 80 59 -96 0
-4 -117 -92 77 65 0
107 -89 -57 -84 -77 0
-77 60 67 -78 33 0
94 41 -110 -33 -11 0
-61 -3 -59 88 104 0
102 33 97 -40 21 0
-15 -102 85 -67 -36 0
-94 75 5 -35 -36 0
16 78 -60 28 109 0
51 -42 58 -3 -4 0
81 15 -73 -48 111 0
5 101 55 -17 18 0
11 8 -100 -59 -68 0
21 -39 -63 54 -98 0
-74 -51 -65 -94 68 0
-86 -60 11 -39 22 0
12 15 77 41 68 0
54 2 75 -90 -27 0
40 115 -86 -19 -75 0
110 -83 16 82 -49 0
75 -49 -87 22 -52 0
92 -41 -71 11 9 0
-12 -5 -10 83 -114 0
41 114 46 62 64 0
69 1 110 107 19 0
120 -87 -57 -90 -34 0
-57 -6 -81 65 29 0
57 -112 116 -29 101 0
99 -77 105 41 -32 0
-38 29 -18 -95 13 0
-91 101 -6 -63 79 0
82 25 -2 -52 -84 0
117 51 -44 -15 32 0
21 -97 -84 17 70 0
114 17 -104 -38 32 0
68 -59 31 9 -101 0
-64 -31 -59 -54 97 0
-52 -20 -28 4 13 0
87 -16 -106 6 -74 0
-77 -43 88 -12 93 0
70 64 -43 73 9 0
-99 -15 21 -13 -55 0
107 98 84 96 -99 0
-100 -61 25 -110 -38 0
-16 -22 -99 50 -17 0
81 -83 -77 48 -52 0
-2 -75 -44 76 -61 0
97 -2 -5 67 36 0
24 -85 44 -33 39 0
6 -96 -92 -24 100 0
19 47 -32 -72 5 0
-106 -76 102 -5 23 0
13 -90 -18 32 -78 0
-74 -72 56 83 11 0
-103 -56 -27 46 -57 0
-41 -67 53 -4 -81 0
15 85 18 109 27 0
67 117 66 39 -54 0
61 -44 -105 -91 60 0
68 85 -40 -51 -83 0
28 -86 -31 -48 -23 0
-44 75 91 -63 -47 0
-112 76 26 -58 -24 0
-33 49 -76 29 27 0
104 16 -37 118 -46 0
-101 -39 -113 -52 -20 0
-70 -7 -51 76 86 0
-12 -53 -8 67 50 0
94 -104 32 16 -111 0
105 -82 -80 114 -20 0
114 -32 41 6 100 0
-35 -23 39 53 106 0
19 40 -5 18 44 0
-4 -110 38 -77 -19 0
-99 10 -72 -56 -102 0
-47 11 -101 -87 13 0
36 48 51 57 9 0
-64 8 109 2 -83 0
85 -104 -97 110 82 0
73 19 24 86 -77 0
35 -81 -94 -2 -113 0
-78 94 52 25 -13 0
-44 -105 86 -11 -89 0
-25 -108 -46 55 56 0
-13 -4 -75 57 -98 0
86 35 -83 79 -51 0
-61 -51 -10 -25 42 0
78 -23 101 12 28 0
99 -48 -63 36 -54 0
69 25 81 4 99 0
-22 91 -89 -2 -29 0
78 -92 -69 -12 29 0
-81 50 107 19 116 0
35 53 -61 -76 -1 0
-92 112 83 -99 -46 0
-39 -104 110 100 81 0
-4 113 -120 -77 116 0
-60 -35 32 113 -91 0
17 -43 99 91 41 0
-53 -46 101 99 -1 0
14 61 -112 -45 102 0
-22 25 -119 97 -80 0
-20 61 -58 -110 98 0
10 50 -40 43 25 0
100 -22 110 7 -103 0
-100 74 84 -53 34 0
23 57 -100 -93 40 0
22 48 13 -20 74 0
29 -37 98 66 71 0
2 -55 -20 -94 -36 0
74 60 69 -31 -65 0
-63 21 76 69 -29 0
-120 -113 -89 88 -4 0
77 -62 -79 -89 -100 0
-94 7 21 113 103 0
-108 53 -36 -112 84 0
7 -74 57 -79 21 0
58 -100 -109 27 -89 0
3 111 -56 -76 29 0
44 -79 -104 -29 40 0
120 44 -43 -99 13 0
77 -24 70 -93 8 0
-64 -37 -48 -38 -82 0
-6 -56 -61 -81 46 0
-107 109 -70 90 83 0
-44 28 -48 -101 -31 0
-43 24 -85 -76 -4 0
18 -5 1 64 -116 0
67 -52 -120 -49 66 0
-42 115 -86 30 3 0
-43 24 27 1 -113 0
117 36 33 -29 16 0
39 81 3 112 88 0
66 -15 57 113 -13 0
54 -44 58 5 37 0
60 77 -109 -67 -112 0
94 -45 -27 30 39 0
-4 51 61 -75 85 0
115 -34 -1 -83 15 0
50 -44 41 96 115 0
52 26 34 57 -69 0
2 63 -47 16 -55 0
65 -90 -62 -61 -16 0
100 -13 70 1 -91 0
83 38 96 19 16 0
-72 63 -113 66 -54 0
-49 59 16 18 -62 0
-20 -110 -32 26 -93 0
47 -117 -55 -22 -118 0
-47 22 46 45 24 0
44 85 -38 -42 111 0
104 58 -27 91 -114 0
4 -15 25 -63 55 0
9 -81 17 -109 -45 0
-73 -67 120 11 99 0
-29 -85 72 -56 -16 0
-27 -111 98 -50 -71 0
-68 -45 -65 73 47 0
-100 55 -46 33 14 0
-46 -24 82 15 115 0
-105 108 75 74 -8 0
-79 -75 -52 -21 102 0
-13 74 63 36 -47 0
42 92 -61 -82 74 0
-14 -77 -46 90 -93 0
-100 -98 -21 -88 116 0
87 45 -66 104 120 0
-117 90 -103 81 -82 0
-22 38 -113 115 94 0
-71 19 5 -44 -61 0
17 113 -45 -71 -6 0
67 -91 101 -20 43 0
-57 12 10 79 20 0
-94 -48 36 -38 -99 0
-79 86 -104 -58 -43 0
117 -93 -55 25 36 0
-31 -82 94 51 104 0
-55 -74 111 87 61 0
-29 108 67 -103 -55 0
-16 27 43 -95 -12 0
2 20 86 -13 59 0
-62 12 -88 -92 -50 0
-88 110 43 -114 -6 0
94 -71 83 -3 -89 0
49 -27 79 -18 -64 0
76 12 26 -98 -70 0
25 -111 -37 12 48 0
-99 10 -37 -120 18 0
120 95 38 65 21 0
119 59 21 -62 -13 0
12 87 117 -109 56 0
-60 99 -67 -35 32 0
-27 -101 -20 59 33 0
71 -63 -65 40 -57 0
60 30 -55 -109 -120 0
-117 -100 -102 -97 111 0
-58 -85 113 -56 -99 0
45 -33 105 -19 -54 0
-109 119 -66 -7 -113 0
-90 50 -53 59 92 0
-102 45 -90 -101 -3 0
6 -84 79 -103 72 0
81 -26 -96 53 66 0
-70 40 61 -24 -116 0
-76 18 -5 68 -61 0
-82 -60 -31 -65 -68 0
107 -58 12 -34 40 0
-63 -31 34 -56 -23 0
-120 -17 -92 94 10 0
-47 -60 -22 102 -107 0
-86 16 9 -32 30 0
59 38 89 2 -45 0
-104 -8 75 -115 86 0
-77 -30 47 21 102 0
-11 80 115 -57 -111 0
-9 74 -18 46 -84 0
-113 62 12 61 -66 0
-83 -82 6 -91 74 0
44 -55 98 -25 -85 0
35 -29 100 -84 73 0
-81 -107 77 119 54 0
8 34 -95 -15 35 0
-108 56 45 75 38 0
-44 78 16 -48 29 0
-46 118 73 19 112 0
56 -22 -82 108 86 0
-72 -49 -10 -105 -12 0
-112 76 77 2 15 0
-102 -40 -50 -81 38 0
-62 -56 17 -54 2 0
15 -3 103 -118 55 0
-97 83 -39 17 48 0
45 -43 -99 61 -97 0
39 45 -58 -5 -55 0
-28 117 -29 66 -67 0
-65 90 48 -75 -59 0
-63 29 118 -30 79 0
-103 102 54 -112 86 0
-109 -47 73 92 -82 0
77 -8 12 -73 7 0
6 18 87 117 -70 0
16 113 37 91 -18 0
23 34 -31 76 17 0
26 -69 -106 71 28 0
-113 -29 84 -115 64 0
103 -38 1 -2 105 0
-38 -54 -3 -51 94 0
-39 -97 93 -12 -116 0
100 42 -114 -85 -119 0
-15 79 21 -107 33 0
-30 -45 -19 67 -106 0
-106 40 102 70 -29 0
-15 -104 -112 53 -76 0
58 -37 111 1 86 0
119 70 -99 71 118 0
-116 23 104 112 2 0
-45 -31 -94 -93 -17 0
10 9 18 36 -59 0
-26 11 -95 -45 54 0
-15 85 13 -77 117 0
76 59 114 44 91 0
60 63 5 -64 95 0
94 -65 -117 -92 -114 0
-118 11 -8 20 -36 0
94 -29 -17 -27 88 0
-40 -60 48 6 -49 0
-66 -52 -37 11 38 0
15 -25 -110 -63 18 0
43 -87 14 110 -93 0
109 -12 84 -82 69 0
-14 20 -16 -15 60 0
115 -28 -120 -71 -73 0
116 -85 -107 -81 -23 0
-30 97 -75 2 -33 0
27 -89 -37 -72 -61 0
-47 108 15 -57 30 0
70 1 103 43 -45 0
47 -103 -6 -104 -7 0
101 100 -64 -62 90 0
79 30 86 -35 -117 0
-83 -30 59 -85 -112 0
86 -24 60 -59 87 0
-93 68 -5 15 41 0
-117 -55 68 -61 -36 0
3 -25 67 -112 -86 0
-34 -3 60 15 -45 0
-86 58 -68 14 38 0
62 -50 -66 -2 -16 0
72 17 -26 86 87 0
-112 71 30 68 13 0
-108 -95 -59 -111 39 0
-96 -24 -2 -120 19 0
-14 51 -53 -111 7 0
7 -31 6 27 34 0
93 -100 -3 -105 -90 0
110 -42 18 107 -11 0
7 59 63 55 45 0
-21 -4 -12 99 28 0
-116 -89 -58 70 -12 0
37 2 -29 39 -34 0
-53 100 55 -62 108 0
102 106 -21 57 -87 0
50 86 99 -116 79 0
101 -84 -67 -71 51 0
-97 42 104 -6 32 0
-109 96 -13 70 92 0
37 -38 31 -18 -113 0
40 102 52 -22 6 0
29 -14 69 -79 34 0
46 2 71 -68 -14 0
-38 -29 -14 104 -16 0
-88 -104 48 -7 -70 0
56 111 78 -89 29 0
-84 -35 -85 72 83 0
58 11 32 -94 -65 0
79 38 -57 10 20 0
-8 105 96 -90 18 0
-14 -103 117 84 53 0
-13 28 80 46 -110 0
7 50 -40 -60 72 0
-62 33 110 58 -119 0
101 -1 62 -93 -48 0
-53 80 46 -6 -8 0
63 43 113 -5 -105 0
-41 -15 -94 120 63 0
29 -103 96 108 13 0
60 -65 51 -15 108 0
59 84 68 -30 -4 0
-116 -87 21 -5 -45 0
4 -94 86 -5 -80 0
99 -19 92 120 -34 0
92 -36 7 -1 -65 0
29 -16 27 -93 12 0
5 -13 -117 -96 -16 0
60 7 -107 -78 -52 0
120 109 -74 -35 2 0
-117 77 -102 22 105 0
-25 -88 111 38 -5 0
54 -49 19 -57 -100 0
-64 -55 -11 -1 -113 0
40 -56 -34 98 62 0
-43 -72 -113 -115 -66 0
-86 32 -54 97 38 0
80 -50 -107 108 -2 0
-114 -40 105 74 -75 0
29 59 28 16 -5 0
-21 -110 16 -91 -27 0
62 -30 -100 -26 -3 0
92 86 -113 -66 -58 0
104 3 -86 -71 37 0
20 -45 24 -33 77 0
29 66 79 107 -67 0
95 -2 24 117 -23 0
72 -10 -93 -21 -83 0
-40 -25 -105 -44 -9 0
-15 -40 -80 -104 -37 0
-109 50 105 32 -27 0
102 105 -51 -110 60 0
-85 101 91 67 17 0
81 -93 3 -31 -82 0
-28 -3 -69 101 -56 0
-114 116 -97 -38 -47 0
-117 -7 95 35 119 0
-75 31 5 -95 -50 0
97 -51 -108 -65 -86 0
53 62 10 -84 -38 0
-82 28 47 -49 -93 0
-109 23 -21 -8 -45 0
-28 -65 -4 -59 -49 0
94 -12 109 42 -39 0
-30 69 -72 -16 -49 0
92 12 68 -63 58 0
-26 67 52 -97 -16 0
3 76 95 29 -23 0
33 71 -90 120 25 0
-23 88 87 -24 -113 0
78 84 68 -61 -48 0
53 -77 -4 22 -79 0
60 97 70 48 6 0
-13 -37 -118 -33 -80 0
20 40 -16 -22 -47 0
84 81 -14 -2 5 0
102 92 112 1 -26 0
105 -93 21 -69 -25 0
23 -101 47 -14 -55 0
57 -34 -54 -117 -51 0
-15 -68 -60 94 11 0
-3 106 -17 97 -81 0
47 -68 -45 106 -55 0
64 72 55 101 20 0
-27 -25 5 45 -70 0
13 -23 77 -81 109 0
99 -83 -65 62 -46 0
36 103 84 101 89 0
-13 -46 -62 -103 -65 0
-37 24 93 16 -12 0
-115 13 -107 -84 104 0
-16 35 32 -64 118 0
105 -51 33 96 -56 0
-109 -34 27 -97 106 0
-43 -78 64 53 -4 0
-15 83 116 -88 43 0
78 74 -33 11 90 0
91 118 -89 37 69 0
70 -28 115 -19 -103 0
63 71 -25 -69 52 0
42 8 -40 119 -39 0
-22 -51 -62 -120 117 0
-51 -117 -12 42 -15 0
27 -113 -16 110 -22 0
41 95 -93 -16 116 0
-74 -71 -48 91 43 0
-62 42 -103 -86 -72 0
-1 -31 -83 -12 -95 0
-110 -53 119 -23 -69 0
-75 15 64 54 90 0
17 -117 -67 -50 56 0
85 73 105 -118 40 0
-72 76 111 84 50 0
-49 24 -114 -3 47 0
-67 -103 -28 90 94 0
91 3 12 -67 -37 0
-28 -62 -9 -20 98 0
-69 78 -63 -18 11 0
-41 -37 -29 23 -91 0
38 -100 88 -57 67 0
110 -56 -10 85 65 0
3 -49 28 5 -38 0
100 8 120 -79 41 0
-62 -50 83 -71 -81 0
53 -116 113 -66 74 0
94 -57 -12 76 114 0
116 26 53 -105 -36 0
-19 -27 -70 37 -18 0
-118 43 -91 112 -25 0
-42 -39 -65 56 -95 0
113 60 6 39 -24 0
33 -47 -76 -10 -64 0
-51 -53 -61 -45 -81 0
28 57 -29 -76 31 0
-74 64 95 96 -106 0
24 -117 36 66 -92 0
-118 45 -32 29 5 0
96 17 107 -112 -30 0
110 16 -10 43 11 0
101 14 62 -99 -32 0
-29 -61 -46 -37 -11 0
14 120 -105 80 -85 0
-42 -98 91 100 -9 0
-52 19 -84 -41 -101 0
-67 50 -23 76 61 0
73 -105 -37 90 -23 0
27 16 67 -109 100 0
-37 -83 112 120 -88 0
106 -42 -91 -44 94 0
38 21 46 34 -73 0
-4 58 75 73 116 0
-14 81 72 -111 -62 0
108 83 -49 68 -8 0
110 38 -115 -18 30 0
-92 -87 41 38 -60 0
61 107 -17 -110 -6 0
-90 44 33 -74 94 0
-52 88 -40 3 105 0
81 83 35 2 -4 0
-4 -50 57 -110 -24 0
-56 23 -47 28 69 0
-110 57 96 52 116 0
-104 -28 -47 -115 94 0
119 -93 -52 83 -68 0
-92 59 10 120 11 0
-116 -114 27 -106 75 0
-39 -109 -94 -31 -119 0
87 -35 -118 -60 106 0
-112 65 4 24 113 0
-69 52 43 97 82 0
50 -66 -74 10 60 0
-85 97 35 -1 -90 0
37 -24 96 -114 -18 0
-47 -3 33 -55 91 0
-37 45 84 -113 -19 0
-76 -120 -24 44 46 0
-92 9 85 -52 -83 0
14 76 -13 -19 3 0
86 -92 57 -60 12 0
42 79 -78 -92 -63 0
31 55 16 -26 -72 0
72 -106 -3 -39 22 0
-47 33 115 49 -120 0
21 -69 17 22 -120 0
-70 -10 -114 96 -74 0
82 -62 -6 105 -22 0
-46 -15 -118 79 -73 0
-112 -29 -77 -14 54 0
50 88 -10 -47 28 0
-99 -111 -68 -25 8 0
-105 119 -1 36 -7 0
102 -105 47 -42 -109 0
-41 -22 81 -19 116 0
-82 26 -114 36 42 0
-118 99 92 96 119 0
-81 52 70 -72 -117 0
116 48 -40 69 -119 0
-111 49 3 -95 109 0
-40 38 52 -79 57 0
-7 95 -24 -2 110 0
-39 97 -62 -111 -101 0
92 -19 10 118 42 0
-37 -51 38 32 -52 0
8 37 -106 -6 85 0
-95 106 16 97 -44 0
113 79 -109 -95 38 0
-65 38 32 7 69 0
-57 53 -15 -70 1 0
-18 75 17 105 -59 0
3 66 54 84 17 0
31 -74 114 -33 79 0
-57 -26 -72 -75 35 0
78 18 77 -1 -12 0
72 -89 7 -114 27 0
72 49 95 21 -55 0
63 92 36 -32 88 0
-53 -86 -64 104 -11 0
11 94 -61 58 117 0
17 -5 19 -35 -76 0
-94 -41 -30 -31 -42 0
-24 5 111 64 27 0
-41 120 -30 -86 -69 0
67 -50 102 91 -93 0
54 65 113 -3 103 0
-117 72 -69 -15 -46 0
75 6 -99 -84 -119 0
82 -51 -111 -80 100 0
23 -85 92 -76 67 0
-70 114 26 -61 42 0
44 112 29 -18 96 0
-51 -93 -49 -50 17 0
75 15 -31 60 -49 0
-49 76 -64 -23 22 0
102 43 66 33 -15 0
3 2 86 107 23 0
113 -102 -96 75 83 0
114 -47 -97 -9 73 0
-115 53 -108 73 44 0
-10 46 105 38 -20 0
36 65 49 -75 50 0
80 103 41 -31 -65 0
-88 -110 67 -34 105 0
65 33 90 50 -15 0
-64 21 88 97 -5 0
-108 -76 -89 -38 -42 0
73 -70 -99 92 58 0
-38 103 105 110 25 0
108 -23 -89 -79 -82 0
-117 17 71 4 95 0
-10 100 28 -75 -83 0
-100 79 -27 63 58 0
17 -56 -29 -21 -15 0
-74 -73 -18 -23 110 0
72 -55 -92 78 -67 0
59 -70 -116 -2 -12 0
-12 41 19 -64 31 0
-26 23 13 42 30 0
106 71 -83 -35 -82 0
-101 -11 57 -79 71 0
55 -92 -57 -72 -74 0
-85 -69 115 -101 -75 0
35 -116 -115 -93 64 0
41 -103 -20 75 -36 0
-33 -75 -15 56 -117 0
-105 -95 3 -55 -35 0
-1 34 53 -39 26 0
46 -58 -85 -55 83 0
31 82 48 -95 -59 0
101 -85 -43 -68 -24 0
35 -32 69 -44 -17 0
54 73 52 99 103 0
-36 96 -98 -16 -100 0
19 108 -105 45 60 0
-34 108 -8 -107 -65 0
23 53 100 18 75 0
34 -10 -23 77 22 0
-8 10 42 34 -3 0
-118 79 25 80 53 0
-38 8 107 42 97 0
80 -119 -100 -105 69 0
113 13 116 -10 78 0
-110 28 -43 26 77 0
-27 -107 4 -65 -101 0
96 -80 -45 -26 30 0
-116 99 15 37 105 0
44 29 -37 117 21 0
-115 71 -106 29 -48 0
-114 77 -67 12 96 0
-110 86 -37 7 60 0
54 76 5 50 41 0
-96 17 -88 -25 109 0
36 5 -4 -84 -98 0
-12 -33 -72 -71 -89 0
-45 108 107 71 56 0
12 37 -91 -57 -51 0
-77 67 -30 27 19 0
-91 -61 -4 34 59 0
-13 60 -87 -89 -84 0
-58 82 -31 22 -91 0
-53 103 20 -40 60 0
22 48 -1 111 37 0
109 116 99 -61 -84 0
39 93 -9 -8 -45 0
26 -20 -27 -87 110 0
-93 98 49 -115 76 0
-21 -94 -16 105 32 0
90 95 11 -10 20 0
-101 -98 80 34 16 0
32 103 -28 -108 21 0
-41 76 100 17 64 0
-109 -28 3 113 61 0
-26 44 -97 -7 -84 0
103 18 19 25 -107 0
-72 -12 -62 -87 -51 0
-63 118 84 -58 25 0
99 13 -80 92 95 0
-11 118 -91 4 3 0
20 -96 57 -99 74 0
-69 47 -57 -80 -38 0
11 90 -26 55 94 0
31 -25 -71 -40 -14 0
52 -47 43 -105 10 0
56 -70 -28 85 -4 0
20 -52 -40 -5 -51 0
-73 -101 -81 26 -86 0
-10 -106 11 119 8 0
-48 63 -61 -47 85 0
94 118 -88 119 89 0
73 -120 -16 -8 24 0
33 -75 -39 -42 -8 0
-84 71 35 -60 -31 0
-117 6 -42 -7 35 0
66 102 43 36 -105 0
91 24 30 -79 117 0
-92 -84 -24 -63 120 0
6 29 -1 13 -107 0
54 24 68 53 -91 0
-5 52 76 -58 -14 0
27 38 -68 -119 24 0
64 116 -41 -69 -102 0
23 102 -74 30 75 0
68 63 -36 -24 -91 0
20 5 -2 -78 -18 0
109 -45 -115 27 -9 0
68 -83 -60 21 -32 0
-10 -26 66 -59 97 0
-83 -117 56 5 16 0
-64 -88 -93 -24 -110 0
104 107 13 36 -76 0
-28 -98 -44 16 -115 0
-61 -115 -84 55 -80 0
43 44 -73 82 -8 0
-1 74 60 11 -45 0
-108 63 13 69 112 0
-91 86 -92 32 83 0
-16 9 -34 -31 24 0
63 -119 -111 -22 -95 0
-60 48 109 71 -119 0
52 70 89 -79 61 0
17 -67 -78 83 61 0
-112 -3 -25 59 -12 0
-9 -71 3 61 -38 0
63 -4 69 -67 61 0
88 7 -92 82 6 0
87 36 92 76 -118 0
-32 -47 69 116 26 0
22 109 -84 59 -111 0
18 78 -114 -90 81 0
-62 28 -104 112 -80 0
-3 -42 28 -11 -45 0
-95 -81 52 38 -18 0
5 -88 -22 55 81 0
26 82 -49 -47 7 0
-87 93 70 -97 -37 0
-86 -39 -73 4 -22 0
47 45 92 35 62 0
79 -48 59 15 -18 0
16 -33 -116 -95 -1 0
46 -99 -23 61 -48 0
58 37 35 -9 70 0
29 -82 52 -99 24 0
-23 27 -39 72 -107 0
-103 -6 30 114 -90 0
64 27 -61 101 -106 0
-18 -74 -10 93 -80 0
-4 -93 -7 71 -29 0
96 40 14 -74 25 0
8 -14 -91 -98 66 0
-17 24 -102 76 -7 0
67 40 17 6 53 0
61 9 78 62 -42 0
-114 -77 -48 110 108 0
-37 42 82 24 -78 0
75 40 -65 88 108 0
43 -99 -2 94 -81 0
48 109 -50 -18 -85 0
-38 -61 71 57 110 0
-119 -109 -3 -102 -58 0
80 120 -116 82 -111 0
119 76 -56 108 -58 0
77 83 36 56 49 0
-46 39 17 62 -115 0
98 104 62 -66 84 0
35 -49 120 -84 -101 0
48 20 72 -120 15 0
66 -107 -45 -88 98 0
-114 -92 -11 -6 27 0
106 13 39 42 -97 0
-33 49 91 69 84 0
109 59 -119 52 -43 0
-110 31 34 87 -109 0
-13 -105 42 -34 37 0
74 -82 -44 -77 92 0
-114 69 72 104 98 0
-82 -56 -37 114 -87 0
-51 5 113 27 -14 0
16 -120 35 -119 -11 0
-14 -58 97 39 24 0
120 46 87 -53 108 0
110 73 -87 -60 6 0
62 44 89 94 110 0
12 -71 114 -95 -30 0
-112 85 -9 52 17 0
19 77 79 82 51 0
49 62 -120 -37 -101 0
57 -86 -36 73 -42 0
25 -49 3 58 37 0
18 -106 32 112 -87 0
-104 -69 -27 107 111 0
-9 -112 -46 96 92 0
-90 -110 -7 96 -34 0
-47 115 37 17 -89 0
-35 -47 -109 42 -75 0
97 3 119 107 7 0
36 37 -48 52 -97 0
-72 -118 37 90 -71 0
-92 -89 13 -103 -60 0
-19 42 -6 9 -34 0
-77 -116 104 61 110 0
-118 58 55 -53 69 0
-26 88 -22 38 -31 0
-14 57 -63 42 114 0
-14 -113 -79 -21 84 0
-3 -56 -57 -65 106 0
-45 84 -9 22 -28 0
82 8 112 -1 97 0
-101 -73 70 112 103 0
-111 -97 9 -100 -36 0
-46 -49 -71 19 53 0
35 -94 -69 -117 -59 0
-38 7 -3 1 -45 0
-111 -34 -24 -79 56 0
38 -44 -78 55 53 0
54 42 -105 76 28 0
-22 91 -57 40 -37 0
-27 -66 86 -63 -98 0
-13 -86 -93 -100 56 0
48 25 -13 -97 -27 0
-4 -74 -116 -108 11 0
6 -55 -47 25 41 0
59 -91 27 3 -32 0
6 2 4 96 90 0
112 -83 72 81 111 0
-49 68 120 1 97 0
-31 68 62 -29 -24 0
-93 -101 115 22 -63 0
-35 89 104 -36 2 0
-63 -99 21 42 -5 0
16 -51 23 -57 -31 0
115 10 -98 -52 -73 0
80 4 20 65 -106 0
6 47 117 102 -114 0
54 -76 71 -56 67 0
-56 -23 -84 -83 104 0
-97 -69 46 94 -119 0
39 -75 -115 -48 -28 0
58 -21 23 -3 13 0
-52 -95 -13 65 48 0
-73 116 81 53 41 0
-4 43 58 -8 49 0
46 -9 100 -41 8 0
-109 -55 107 96 -24 0
119 -113 50 -106 110 0
78 15 55 109 40 0
63 -76 13 -12 -102 0
4 61 21 -46 49 0
41 70 93 -50 -98 0
77 -117 37 -94 -83 0
55 116 13 -81 76 0
-67 -56 28 -1 74 0
46 109 79 11 38 0
-76 -116 47 112 70 0
9 -92 56 50 -6 0
13 -73 -14 85 -106 0
-117 -94 12 1 -28 0
-70 -86 101 -41 78 0
-33 97 -92 15 58 0
62 -4 51 76 74 0
-114 -67 -60 4 34 0
107 -21 2 -15 -36 0
28 -102 -51 -36 -110 0
32 28 79 -87 -105 0
-118 10 -50 53 28 0
16 -67 87 -29 -3 0
-111 3 14 -106 43 0
99 61 59 120 55 0
80 -82 67 -23 51 0
-114 -60 77 52 -16 0
40 -20 -67 89 46 0
72 -75 55 -113 2 0
27 103 14 13 59 0
96 -104 77 -14 53 0
95 66 -21 -25 -106 0
-120 87 -100 -42 46 0
-20 79 17 -54 81 0
-89 110 -104 35 -24 0
-34 5 -101 6 -26 0
-47 28 -20 94 -67 0
-36 -97 -66 27 -32 0
-112 61 -79 42 67 0
-109 51 -57 -96 -92 0
98 -106 79 12 73 0
57 119 -55 -100 107 0
115 103 -108 -81 1 0
5 -120 22 3 -70 0
-37 90 -22 -75 26 0
-88 99 -72 -29 -4 0
-84 8 -119 -43 62 0
77 -119 14 71 -21 0
30 116 -60 94 -99 0
-117 107 26 33 -62 0
73 -110 80 55 36 0
-89 -93 -97 116 -44 0
-17 117 -15 112 -4 0
65 -113 -43 -114 -53 0
62 60 -50 -100 112 0
38 54 51 -64 -70 0
-96 -24 -69 -40 -43 0
91 -113 -18 -67 86 0
21 66 -38 -22 39 0
-48 -106 -101 17 -116 0
-111 44 -116 25 -59 0
119 -114 34 61 -13 0
-26 -112 12 65 -113 0
-88 25 87 -73 83 0
-102 92 -26 7 -60 0
65 -80 97 29 -120 0
100 -5 -99 25 -83 0
-64 69 39 -60 -114 0
80 -110 63 -86 111 0
75 -111 89 118 106 0
61 41 -88 -90 -28 0
-106 -74 47 15 87 0
-91 113 -107 -66 47 0
79 -99 -108 -35 113 0
35 -50 26 27 13 0
-10 71 42 112 118 0
38 25 -76 -83 -88 0
-52 -54 111 77 119 0
-11 -72 -18 100 -40 0
-91 33 -76 -37 -71 0
-46 69 82 -55 115 0
-89 26 58 -101 59 0
54 85 76 82 84 0
-80 36 -47 54 78 0
-46 -114 25 115 -89 0
27 -83 -109 -32 31 0
-102 -5 -19 -14 -32 0
1 17 -29 -46 47 0
-77 36 64 -94 -90 0
98 -91 25 69 -75 0
-14 63 12 -65 -2 0
11 -60 -49 -4 108 0
112 97 -62 73 -114 0
107 7 43 55 93 0
81 19 49 54 85 0
-34 119 -92 -55 77 0
10 103 60 88 70 0
60 93 51 -25 -74 0
25 65 117 85 -81 0
99 104 107 38 -15 0
-87 56 -8 -2 -69 0
69 50 116 55 -100 0
56 82 40 99 97 0
-42 -83 112 11 110 0
74 24 -53 14 -114 0
26 -80 91 -106 -54 0
15 114 -25 -61 -45 0
114 -89 2 -36 9 0
9 -78 21 -87 117 0
-89 -115 -108 67 -54 0
-99 -110 65 89 7 0
-9 10 102 -14 -37 0
88 21 -87 -102 57 0
-25 -83 -102 6 -7 0
-46 -27 -102 -86 -77 0
5 -7 -33 6 24 0
-4 45 13 -54 -62 0
35 -36 96 10 4 0
-96 40 104 92 -41 0
20 -101 29 -114 -13 0
-63 -24 100 -51 87 0
114 -10 78 -86 -96 0
43 50 70 -34 99 0
9 75 -1 -23 -37 0
-79 114 6 69 -70 0
-77 1 63 -50 -32 0
73 -30 -111 -81 -83 0
3 26 -9 68 4 0
2 -8 -87 72 48 0
44 24 -27 105 28 0
-104 107 26 41 74 0
109 4 -76 -67 106 0
-10 114 103 47 8 0
34 -104 -1 16 102 0
85 44 -87 59 -27 0
27 -74 -69 41 24 0
-70 40 -77 62 -81 0
-62 12 14 104 11 0
-116 -46 -58 6 -110 0
27 -85 -112 105 15 0
-95 -110 61 85 75 0
-55 13 20 95 -48 0
-54 -24 -20 -60 -68 0
70 -31 -29 -63 16 0
-89 88 -51 13 110 0
54 85 28 77 99 0
16 -85 -100 38 -45 0
-65 107 -120 21 17 0
79 22 23 -67 -24 0
5 -54 -84 117 27 0
7 54 -87 -32 66 0
116 -118 -68 -67 119 0
59 9 -93 25 -94 0
-11 -24 94 118 96 0
52 -88 -110 -69 49 0
-26 -70 -101 7 -13 0
57 -80 88 69 -29 0
-16 -38 32 -62 -53 0
68 -2 46 53 -109 0
81 69 -1 14 -63 0
-47 39 -84 -70 -30 0
112 6 26 -2 109 0
-68 58 -117 34 116 0
-52 54 -6 -40 42 0
-79 48 26 15 32 0
-16 -72 -116 12 79 0
6 -49 100 -77 10 0
89 31 -52 82 69 0
-100 -51 89 -5 69 0
-58 -69 -51 56 -23 0
29 40 -108 26 9 0
-48 115 83 -40 12 0
-96 -106 105 70 -97 0
-65 25 85 -113 82 0
85 -109 -108 43 37 0
-16 -3 57 -38 28 0
-98 -20 -76 14 -94 0
69 105 17 8 -119 0
-114 57 16 103 120 0
68 -102 99 70 -7 0
89 -101 12 44 -57 0
63 -57 -47 113 6 0
-40 -89 -80 -60 33 0
-41 101 11 -72 -67 0
118 14 -76 74 34 0
14 34 62 -59 -1 0
107 -31 6 65 -117 0
-76 106 17 112 52 0
100 -97 -38 107 13 0
75 -89 116 -88 -46 0
2 -95 -32 -47 5 0
-48 44 118 63 57 0
91 74 117 32 10 0
-48 78 120 -12 25 0
-120 83 29 -100 96 0
9 -4 55 118 -25 0
-4 -65 -70 -30 -15 0
41 -26 3 -34 77 0
37 101 -6 52 18 0
80 100 36 -23 -95 0
91 12 -7 76 -55 0
-48 -31 -72 -57 39 0
-110 -40 -67 -92 -13 0
32 -67 77 -89 -36 0
-24 -58 -16 17 98 0
89 -72 -113 27 -107 0
30 -23 -61 -50 10 0
-52 -48 -88 -118 -16 0
38 -62 113 8 19 0
-59 12 26 60 -102 0
40 -103 -21 30 53 0
113 30 -80 110 -42 0
82 58 -62 -46 37 0
-70 -60 42 1 -99 0
-117 24 -26 48 -71 0
-24 70 6 -43 12 0
-79 -35 -12 -98 28 0
66 -47 -50 72 -88 0
68 54 -72 -28 111 0
73 120 87 -65 -24 0
-21 117 -57 -20 24 0
30 98 -108 23 43 0
54 83 103 64 -114 0
19 56 -82 61 1 0
-89 -55 114 -115 57 0
-31 -33 -43 42 62 0
-74 49 -96 1 111 0
-120 31 25 97 42 0
57 24 65 -105 53 0
22 8 -15 81 19 0
-16 -31 -73 -72 -76 0
-83 65 102 -52 117 0
-14 -111 90 -3 21 0
-3 40 -83 89 42 0
27 56 109 102 -4 0
-25 117 -38 -21 17 0
62 77 52 -94 73 0
64 19 -71 37 -48 0
29 -58 -88 111 16 0
-30 26 -59 -96 48 0
-77 39 72 79 116 0
-72 -13 -29 28 10 0
-2 -44 -111 -93 -47 0
6 -85 -31 120 36 0
-96 50 26 111 3 0
110 -35 -64 -102 -113 0
-57 33 -43 -59 52 0
-38 82 16 -45 -41 0
-7 51 63 -68 -31 0
-73 58 109 -48 23 0
21 -7 27 -89 29 0
-119 -39 76 43 27 0
83 -41 84 -1 76 0
-111 83 78 20 61 0
-55 83 108 -75 61 0
-104 81 -43 -53 56 0
-66 -104 45 18 -107 0
-112 17 -15 113 35 0
71 -76 -42 -75 -102 0
-57 15 26 45 111 0
-54 -111 -12 -39 35 0
-63 -21 110 -78 -106 0
-18 -24 -65 62 -104 0
-62 65 -77 119 93 0
-103 -45 -88 3 -62 0
115 -53 16 86 52 0
-73 -44 66 -120 -111 0
5 -84 -65 52 4 0
-87 80 -17 52 61 0
21 -95 -70 -112 -59 0
-4 -6 70 49 7 0
-56 104 5 20 -40 0
-31 -86 -81 91 110 0
26 32 48 -40 -18 0
-105 -70 -26 -4 -11 0
-5 104 47 -6 -15 0
47 107 -71 60 11 0
-37 -31 -84 60 -100 0
-11 111 75 58 54 0
76 -112 -59 97 53 0
-75 -102 -41 -32 -84 0
5 37 111 40 46 0
-25 -58 -100 -82 -20 0
-2 -22 66 91 -83 0
-21 -9 48 30 45 0
82 112 -33 -53 -5 0
-30 73 83 114 -117 0
108 -44 -73 117 58 0
-57 -110 39 -20 -16 0
43 -30 97 -15 46 0
46 28 -30 60 83 0
67 -16 68 78 -25 0
-111 -20 -63 13 -87 0
-88 92 102 96 27 0
38 -77 29 -108 -112 0
-80 -79 -3 -96 -98 0
-74 75 -60 46 -97 0
-93 -44 -67 -74 -59 0
66 -47 118 -46 -65 0
-36 89 -63 46 60 0
-36 -85 56 35 -102 0
-12 -5 -78 103 -74 0
-41 -9 71 92 76 0
-48 -15 -93 -50 65 0
-108 -59 86 -43 39 0
87 39 63 29 -2 0
-65 96 -62 31 -75 0
22 51 -54 -97 -85 0
93 95 27 -119 72 0
-40 50 97 83 -101 0
101 98 82 -48 -8 0
74 64 111 -86 -26 0
-110 -54 -81 -29 36 0
-79 11 -48 89 -31 0
-107 -76 34 -20 56 0
-37 -110 83 -1 113 0
1 53 -8 -104 74 0
-72 120 -111 -94 -32 0
-55 74 39 115 29 0
75 -58 -40 106 41 0
38 -120 20 69 -22 0
49 99 -13 -5 80 0
69 -85 -83 -12 -10 0
116 86 120 8 15 0
53 5 30 -4 58 0
113 101 -115 -28 66 0
56 -47 75 57 -44 0
-111 15 -8 12 -78 0
95 -76 27 -18 -77 0
91 -24 -34 -63 61 0
42 -83 47 99 -102 0
-8 6 -31 34 87 0
-11 3 74 -13 -7 0
-2 -4 103 55 109 0
18 111 -79 -56 -69 0
-102 79 113 -21 -48 0
-78 75 14 -13 19 0
-104 -117 -60 116 68 0
16 -23 34 -6 20 0
82 -103 -60 94 -65 0
-72 -29 -23 -24 83 0
82 -20 72 119 -107 0
10 116 -104 108 -6 0
-69 -101 -26 65 -21 0
20 5 86 -92 -34 0
102 -26 35 31 -87 0
-76 -114 -13 59 -69 0
105 61 7 65 111 0
-57 21 -68 92 79 0
15 94 -89 -28 64 0
106 -65 -36 73 -49 0
79 35 -68 81 -98 0
-26 -104 57 -21 -108 0
47 -53 4 -63 -69 0
-37 -120 -85 24 -26 0
-21 -71 46 -16 -7 0
72 56 16 10 -111 0
-100 -61 12 13 71 0
-35 90 95 112 81 0
-114 52 37 108 -25 0
4 -5 -103 90 -51 0
34 -11 70 -18 95 0
60 -11 -17 58 93 0
-101 -87 41 2 -65 0
50 -18 -101 -45 -29 0
-97 -107 80 -35 7 0
-100 -105 -93 16 36 0
-27 58 26 -12 37 0
90 -10 -2 80 107 0
-44 -73 -33 -53 20 0
9 54 -91 -105 29 0
23 -35 76 -120 72 0
1 73 -23 -120 33 0
44 66 107 56 -18 0
-112 -84 72 62 -74 0
58 -8 28 -114 105 0
46 -69 6 -27 26 0
26 -85 -44 -28 -107 0
-118 55 -53 34 109 0
-74 -48 25 -77 114 0
-97 1 8 29 -15 0
-7 -30 31 -107 -83 0
-53 -83 62 -10 22 0
-75 -48 -67 117 107 0
1 -81 54 94 -11 0
-101 65 22 -103 -63 0
-17 28 -99 -88 -69 0
108 -69 -100 61 42 0
-9 15 87 81 -67 0
-74 -39 -28 -114 -70 0
-91 -50 19 -23 62 0
84 -105 -112 119 -87 0
-22 54 -24 45 30 0
118 -11 -71 38 91 0
4 55 -104 53 105 0
-55 26 56 -116 -66 0
-93 -25 112 13 -68 0
8 -36 60 108 2 0
12 -99 45 -86 13 0
65 -95 -89 -115 84 0
-83 -64 -19 14 -24 0
78 -63 -36 -43 59 0
-34 -77 118 103 33 0
114 -65 -18 -109 104 0
57 -14 63 -26 98 0
-93 117 14 -70 -107 0
63 -97 37 -91 -25 0
37 16 80 100 64 0
70 -90 -84 62 -100 0
15 28 49 -106 91 0
94 92 -58 -68 -38 0
-116 -46 -54 68 -43 0
43 -88 50 -16 37 0
46 -113 119 -70 89 0
77 94 49 12 -22 0
-43 -112 16 27 -76 0
17 73 19 -61 -18 0
-74 -113 96 -75 38 0
-40 -42 90 72 87 0
-58 -29 -113 82 15 0
82 73 -16 -117 34 0
67 -113 -105 -45 -78 0
84 115 26 -39 -41 0
87 -21 -77 -7 -107 0
75 62 -61 116 -117 0
-34 -72 99 47 43 0
22 53 100 -51 -21 0
60 -17 34 -107 96 0
108 -94 -69 49 92 0
-9 -34 91 -81 120 0
59 -75 60 -33 -18 0
29 18 64 76 80 0
84 -40 -29 11 31 0
-90 69 -45 -33 -54 0
-86 -55 -85 -68 112 0
86 -116 -73 15 14 0
-93 16 28 -49 -18 0
111 64 -86 44 68 0
61 -111 39 -81 -26 0
-99 -78 -40 54 46 0
-71 -54 81 -43 -53 0
-40 25 49 -93 117 0
-104 -117 -90 46 -5 0
-95 -7 -89 48 93 0
2 -93 -43 89 -31 0
-14 -61 76 47 53 0
-93 -6 -55 67 106 0
82 -51 -14 -75 -109 0
68 119 13 38 -75 0
111 118 -26 92 35 0
-11 -65 50 -34 -60 0
-109 24 -16 62 97 0
24 64 84 74 -62 0
-12 -104 -13 33 -37 0
68 -100 13 9 49 0
91 -72 -93 3 90 0
-34 -15 -57 -51 -74 0
62 -112 113 -36 79 0
-105 36 -83 91 55 0
-28 -41 106 -71 -67 0
4 -45 49 -120 38 0
49 7 78 -94 -54 0
-109 -117 -4 -7 -19 0
98 -81 17 -59 94 0
95 118 -107 70 4 0
108 -84 23 88 42 0
-102 9 40 -72 -42 0
74 -67 -117 -26 -13 0
70 -22 106 1 -73 0
60 117 -93 78 112 0
-31 -101 111 94 36 0
5 -76 101 -63 117 0
107 -69 -36 51 -55 0
24 -100 113 11 -94 0
-9 -103 88 39 -16 0
31 92 -105 20 1 0
77 -40 28 -27 -118 0
84 -99 -89 30 96 0
42 47 105 20 66 0
79 -44 31 -110 -106 0
-33 21 30 8 94 0
-12 62 -51 1 -101 0
-19 78 -96 -82 15 0
-40 -32 49 109 -67 0
106 -102 74 -9 29 0
33 -14 -25 -97 -75 0
54 -39 53 27 -24 0
-3 -51 -57 17 -79 0
54 93 101 57 -104 0
-69 -5 3 -75 99 0
-2 -108 -86 58 28 0
-6 -109 117 -63 -56 0
18 119 117 49 -52 0
-77 -103 -82 -24 -56 0
111 -51 48 25 -28 0
2 20 -65 73 112 0
43 42 -110 -66 73 0
-65 -63 -42 -44 -100 0
-26 116 -101 62 -52 0
-58 1 -103 -4 68 0
-118 64 119 106 58 0
80 -56 -113 114 -50 0
19 31 -40 85 -69 0
112 -42 -106 -19 101 0
-32 38 33 -68 -83 0
12 106 7 95 103 0
21 64 97 41 -60 0
113 97 -9 -109 11 0
-86 52 67 -48 -112 0
-72 74 98 7 68 0
-15 -26 -88 115 -14 0
95 -52 -92 -89 -47 0
95 56 -51 -43 70 0
58 -34 108 -97 -99 0
62 -56 114 -93 -110 0
-4 -20 13 92 -9 0
45 7 30 -79 96 0
-117 11 -31 79 -88 0
23 -33 30 -113 100 0
-44 -68 -102 -43 103 0
-118 56 -31 -13 90 0
-58 71 34 14 101 0
-29 -17 -74 -73 -59 0
15 34 -64 -37 53 0
57 119 -80 107 -60 0
87 -112 64 -102 -61 0
70 -96 25 -47 -116 0
-68 -90 59 98 23 0
13 -5 93 68 83 0
114 -83 16 -9 -49 0
-42 58 -62 -61 -77 0
-73 -57 28 -119 -12 0
-23 83 82 -101 96 0
-6 -33 -30 108 -56 0
-4 -24 53 -64 43 0
-45 -50 104 98 21 0
106 -107 -94 -111 86 0
25 55 29 100 -39 0
48 -88 90 107 35 0
-21 -34 -37 22 88 0
74 -77 -41 115 -42 0
-117 100 -80 34 94 0
13 -61 14 78 -70 0
-94 -39 -11 34 67 0
91 -85 30 -37 38 0
117 -17 -101 -19 -12 0
89 -114 -119 -40 -91 0
-108 -50 -11 -117 21 0
57 -85 -74 104 3 0
-61 101 -98 -59 12 0
4 -90 72 -11 -28 0
103 -48 37 -12 -93 0
-15 -105 87 94 -100 0
-54 105 -35 -5 -77 0
-115 54 5 -51 -79 0
-9 60 27 -1 -19 0
-109 -79 60 69 114 0
-51 -29 19 49 -10 0
14 72 114 106 104 0
-49 7 -115 -90 11 0
88 -71 46 29 -39 0
-103 56 -5 32 44 0
-114 -107 100 67 -44 0
32 19 8 -72 38 0
75 -42 74 -60 -36 0
-1 -76 29 -88 4 0
-52 23 18 13 -67 0
-81 71 31 48 -10 0
-73 112 118 -83 -115 0
97 -2 115 31 110 0
58 118 -72 -32 119 0
-83 52 -99 95 15 0
-27 15 111 47 17 0
-118 106 82 -25 -56 0
35 94 -15 -12 38 0
20 -66 -62 31 -28 0
33 25 -70 108 -72 0
24 108 -117 -65 32 0
-46 34 -61 -103 55 0
1 24 -81 75 -98 0
-91 71 118 80 75 0
-45 42 -111 54 -74 0
104 74 99 -80 -78 0
31 -97 18 102 52 0
-20 -6 -16 61 33 0
5 49 -65 60 -105 0
-54 93 7 82 -53 0
12 55 25 -95 -68 0
-99 -19 56 60 -107 0
13 -60 -71 96 -55 0
-45 100 82 -49 -89 0
-64 69 -95 -46 -120 0
78 -73 117 84 -55 0
120 84 78 -102 -101 0
-3 17 -7 76 25 0
-84 -88 -120 59 -57 0
101 -92 -34 109 55 0
-86 14 8 -94 73 0
39 101 -72 92 64 0
4 -84 108 -23 -14 0
66 13 -82 101 103 0
55 89 -29 15 -51 0
-28 -2 -109 87 -7 0
102 112 -40 119 25 0
44 87 33 -72 -60 0
17 -91 -52 -95 82 0
-50 2 -6 -14 63 0
-56 -31 60 5 27 0
110 -6 88 -40 76 0
44 -64 47 -86 73 0
99 -16 31 -74 85 0
100 -24 36 43 -53 0
-76 -4 21 -89 111 0
15 50 -99 104 116 0
32 23 80 -46 13 0
-1 75 -109 -54 82 0
-120 -13 6 -10 43 0
57 100 9 -18 63 0
32 120 67 -83 -66 0
-45 -21 -114 48 14 0
-8 44 30 -48 -105 0
-78 53 4 -65 120 0
10 74 -101 -56 -71 0
-118 -19 66 92 95 0
103 -94 -9 35 63 0
-82 -79 -103 -87 -107 0
-11 -6 -54 69 -81 0
86 -5 41 -35 -20 0
-38 52 41 73 -103 0
-34 39 -85 -116 38 0
-46 45 3 117 88 0
30 20 -25 100 -88 0
60 -71 88 85 55 0
40 5 31 49 45 0
-44 21 35 3 -22 0
98 91 -60 -85 -21 0
-27 -120 24 39 -57 0
-88 -37 -44 33 87 0
-16 -17 113 -44 101 0
-96 -5 -39 100 40 0
-42 56 -28 -11 -24 0
-59 -12 -116 -8 120 0
103 -78 -32 -99 23 0
-79 95 -29 -103 117 0
-65 45 -106 13 16 0
-96 17 -20 16 -60 0
-16 -102 -32 -112 -49 0
19 43 -71 104 21 0
95 118 -51 -39 15 0
105 115 21 97 -40 0
-1 19 -3 -72 51 0
105 89 16 -120 -85 0
-32 -46 35 53 -79 0
36 32 2 -24 -20 0
45 100 -107 -33 50 0
-1 -66 108 112 -13 0
29 -83 -78 -104 60 0
101 -42 34 -74 -71 0
44 120 -118 -71 62 0
17 7 1 85 62 0
12 63 9 -7 59 0
36 -94 -13 -28 81 0
46 -59 77 17 43 0
-66 120 -107 -105 91 0
-71 -26 -43 15 1 0
-39 73 99 -37 71 0
73 -13 -25 -80 113 0
-53 57 -106 116 -48 0
-97 43 64 78 -16 0
59 45 40 -71 78 0
-49 -5 87 84 -111 0
79 -98 16 -22 21 0
-2 -5 -31 115 42 0
43 81 -76 37 -11 0
-50 115 90 68 104 0
-28 -48 31 76 -58 0
-97 88 27 105 83 0
91 84 39 95 -45 0
75 63 -105 79 -119 0
57 116 33 -68 -85 0
-11 -42 -20 27 -67 0
-72 24 -23 109 -67 0
118 83 -28 16 -11 0
-5 36 -115 -8 50 0
-93 95 -16 -4 99 0
-111 -74 89 67 76 0
85 -99 7 56 -115 0
88 106 -84 -60 -5 0
-39 -14 68 -94 87 0
92 -10 52 -44 31 0
-92 7 -61 -78 -59 0
38 -77 -89 -34 39 0
-112 -52 82 -17 92 0
44 -45 21 -106 -60 0
-55 74 41 86 108 0
91 -78 -24 57 -22 0
59 -31 -52 57 -9 0
-60 13 -88 -2 14 0
10 -30 -36 -63 -48 0
-72 31 -65 -33 -120 0
-117 -105 74 -63 -5 0
65 60 103 -27 66 0
-9 -61 120 -3 -6 0
-73 -62 11 10 91 0
-30 8 63 -57 108 0
-26 -105 53 57 -109 0
60 -68 -67 -25 92 0
-71 -22 12 -113 -92 0
-13 29 23 -104 20 0
-89 23 30 -114 6 0
108 -86 -35 -93 46 0
-8 62 -55 118 -44 0
11 -97 49 -3 60 0
7 -84 56 69 27 0
-92 -52 71 -118 -25 0
86 -54 69 -68 -25 0
-79 54 -4 41 18 0
67 -102 23 -105 -120 0
-61 45 27 97 -65 0
-101 32 -66 24 -107 0
54 30 51 -87 73 0
-45 -52 8 -83 105 0
51 -67 52 -103 -12 0
-91 71 94 57 4 0
59 71 13 51 -61 0
