50-90
instance 0
 150.0 1000
83
80
78
86
69
53
61
62
71
58
50
86
56
73
69
71
66
61
61
88
60
73
89
62
65
53
77
59
71
66
90
76
86
83
61
63
88
56
79
87
64
80
88
70
66
57
80
73
64
89
55
56
64
52
50
50
63
73
50
68
74
57
53
87
90
72
71
81
89
52
90
88
81
50
73
67
52
85
51
72
65
51
76
89
89
84
90
82
68
81
55
64
57
61
60
56
54
72
67
54
74
57
50
88
81
55
64
87
84
65
58
64
85
54
74
81
62
57
55
73
55
54
72
87
68
70
74
65
64
73
63
80
74
65
77
81
59
61
53
50
77
70
54
81
73
63
62
82
61
59
74
64
82
84
78
53
61
51
88
56
79
56
69
62
89
80
82
75
87
57
89
73
76
90
83
83
68
65
58
64
68
59
62
90
68
64
57
80
60
64
86
52
69
50
88
75
50
58
74
80
52
50
52
87
77
54
59
81
63
85
90
51
67
81
55
75
68
88
61
88
74
68
70
76
62
76
74
60
89
71
60
51
50
77
68
88
60
63
70
90
63
61
56
79
56
77
65
73
78
79
90
71
78
68
62
65
86
88
60
64
78
61
84
57
82
69
69
51
61
84
75
73
59
76
67
73
51
74
55
86
89
61
81
70
67
88
89
53
57
50
54
89
78
58
71
52
56
83
66
79
73
59
86
75
65
74
84
82
67
66
85
87
53
51
88
83
71
68
77
69
58
84
52
78
59
85
89
90
51
75
85
67
80
73
65
61
63
89
68
64
64
84
85
62
78
72
64
56
75
75
73
52
66
60
73
71
90
54
62
51
57
81
63
76
72
61
50
76
78
61
72
73
67
73
73
67
54
67
81
87
83
76
65
55
90
87
61
65
65
53
56
65
67
89
52
55
82
52
79
69
57
70
90
66
83
63
81
53
57
69
58
65
78
52
81
58
56
58
60
83
83
61
84
76
50
89
77
89
84
69
74
67
75
67
73
63
87
85
61
69
68
61
65
74
75
68
65
77
80
60
82
62
64
82
54
59
67
51
88
55
51
90
59
55
55
76
71
79
79
51
51
75
81
76
75
61
87
88
89
75
81
64
54
75
75
50
59
78
72
78
53
90
73
60
88
60
69
60
79
83
84
89
82
60
63
59
52
81
88
83
67
50
55
81
74
83
80
86
87
50
56
53
69
50
75
59
57
52
64
81
90
52
61
61
63
73
87
65
82
52
67
86
68
51
66
69
70
77
80
54
59
53
83
55
68
76
58
61
82
76
83
88
81
67
90
52
73
86
76
64
76
56
65
52
59
82
77
55
80
55
50
57
51
85
51
74
63
53
68
90
72
66
90
54
90
83
61
54
55
65
77
54
90
64
63
66
60
56
80
82
90
76
51
66
59
56
86
89
86
65
54
71
72
78
78
82
83
55
66
68
69
89
57
85
76
52
63
87
62
51
52
57
71
64
64
75
57
71
89
54
86
83
50
50
77
73
62
64
87
57
78
52
73
87
61
76
63
84
88
65
57
75
87
66
88
60
86
77
64
52
65
80
83
57
65
88
52
65
61
81
75
85
84
78
85
82
82
69
75
89
69
78
73
65
87
74
57
52
58
68
61
71
79
77
52
53
63
72
88
72
80
66
64
74
88
89
73
58
60
70
88
72
73
55
60
77
57
69
76
52
55
73
82
51
84
54
63
78
63
78
85
50
51
86
58
68
71
68
50
63
82
51
64
66
82
58
87
51
52
63
66
53
88
52
71
56
58
71
89
74
57
79
77
75
59
51
78
57
55
73
82
56
58
90
78
67
88
89
56
85
70
77
80
80
90
68
86
77
71
66
86
67
78
80
85
76
57
83
84
51
75
78
64
87
78
81
50
73
70
80
79
83
55
61
81
64
73
71
50
76
85
82
87
53
83
73
80
51
57
73
87
89
63
67
89
51
57
70
63
82
53
58
73
86
77
60
58
87
85
54
64
62
89
84
77
73
87
90
75
62
57
52
52
84
77
63
86
55
90
59
61
52
83
60
85
81
53
84
65
79
65
54
53
50
88
51
60
84
50
64
59
72
75
76
61
70
88
71
75
70
89
85
68
75
76
80
68
57
76
80
54
61
68
79
66
55
65
52
70
67
53
90
54
67
86
78
68
81
61
72
57
57
80
62
84
65
78
61
83
78
85
67
63
72
78
86
78
59
82
82
58
79
54
68
75
88
67
84
78
58
86
79
68
80
76
76
58
62
78
89
72
81
83
90
60
72
65
80
90
82
