58 89 70 50 41 14 71 62 94 67 59 9 2 72 72 14 12 80 90 63 
55 89 71 47 41 13 68 70 90 65 61 3 1 70 76 19 9 81 97 63 
55 95 67 51 44 14 74 64 89 65 59 4 3 75 77 15 10 80 96 63 
55 95 68 49 41 12 71 65 92 65 61 10 1 79 77 19 9 80 90 61 
57 90 67 50 40 13 67 70 93 67 59 5 5 75 73 16 10 81 89 64 
57 91 67 47 40 14 68 64 93 66 60 5 3 76 77 21 7 82 92 63 
57 95 69 43 41 12 70 70 94 67 61 10 2 79 76 16 12 81 95 61 
55 94 68 45 41 12 71 67 93 65 60 7 4 71 80 15 12 80 94 61 
56 99 66 44 40 12 72 63 90 65 60 6 3 77 73 21 12 80 91 62 
59 98 67 46 43 13 69 62 95 65 60 9 5 75 76 13 13 82 93 64 
57 92 68 49 43 14 69 68 89 66 61 6 1 78 78 19 12 80 91 64 
55 98 68 44 42 13 71 68 93 67 59 10 1 70 77 21 7 80 89 64 
56 96 72 50 43 13 73 70 93 66 59 11 3 78 75 14 13 80 97 63 
56 93 68 47 41 14 72 66 90 67 59 3 4 76 74 20 9 82 91 61 
58 97 71 51 44 13 69 65 90 67 60 8 1 73 73 17 7 81 90 62 
59 99 69 51 43 14 66 67 92 67 61 7 3 73 72 18 8 82 94 63 
57 91 68 43 44 14 73 67 94 67 59 11 3 70 78 19 12 82 97 60 
58 90 67 51 44 14 69 64 91 65 59 3 4 69 72 13 9 82 96 61 
58 89 66 44 43 14 66 67 95 65 59 3 1 77 78 19 12 81 89 63 
58 92 70 50 44 14 68 70 95 67 61 6 5 71 75 19 8 81 89 63 
55 90 68 43 40 13 71 66 90 65 61 5 4 77 75 14 13 80 91 61 
57 92 70 43 41 14 70 68 91 66 59 5 4 77 78 20 13 82 95 63 
58 89 70 45 40 13 74 64 94 66 59 10 4 74 77 19 9 81 94 62 
57 99 66 50 40 13 69 63 94 65 61 5 3 77 76 14 9 80 96 63 
59 98 66 44 41 14 66 68 95 67 60 9 2 79 75 19 7 81 92 61 
59 93 66 44 42 14 74 66 92 65 60 11 3 71 76 19 10 80 92 63 
56 99 67 45 43 14 66 67 94 65 59 7 5 78 77 21 8 82 89 64 
56 91 67 43 42 14 71 65 90 65 60 6 4 71 74 19 7 80 97 63 
56 94 69 46 42 14 68 67 91 67 61 10 4 72 72 16 9 80 89 64 
58 91 69 47 44 13 68 68 92 66 61 8 3 72 79 20 10 80 91 64 
56 98 68 48 43 13 66 66 95 65 61 3 3 74 79 16 13 80 91 60 
56 89 67 45 40 12 74 70 95 67 59 8 5 74 74 14 13 80 96 63 
56 97 70 48 43 14 74 68 90 67 59 10 5 69 75 15 10 81 94 61 
58 90 70 49 41 14 72 63 90 67 60 5 4 70 73 21 12 81 95 62 
57 92 67 44 44 12 73 65 92 67 61 4 2 70 73 18 13 80 89 64 
58 93 69 44 41 12 69 63 95 66 60 5 1 73 79 18 9 82 95 60 
55 98 72 46 42 12 70 63 93 67 61 6 1 72 77 17 13 81 92 63 
58 96 66 46 40 12 69 69 91 65 59 11 2 76 80 16 12 80 89 62 
59 99 70 51 42 13 68 64 90 67 60 4 4 74 72 19 11 80 97 61 
59 95 71 48 44 13 71 68 90 65 60 4 1 74 78 17 11 81 96 60 
56 95 72 50 44 12 68 62 92 65 59 5 5 74 77 21 12 82 93 61 
56 95 69 47 43 13 71 69 91 66 61 5 5 74 78 20 12 81 89 64 
57 96 71 45 43 14 71 62 91 67 59 10 1 69 79 14 8 80 92 64 
58 99 68 51 40 14 68 67 94 66 61 3 1 73 75 20 13 81 94 63 
56 95 71 51 43 13 68 70 90 67 61 5 5 69 73 20 9 81 95 64 
56 97 67 50 41 12 73 66 95 67 59 9 3 73 80 19 11 80 92 64 
59 95 72 49 40 12 69 65 93 67 61 10 5 70 74 14 7 82 92 62 
57 94 69 46 40 13 74 63 90 67 61 11 1 70 78 18 9 81 97 60 
55 93 68 48 41 12 68 62 93 65 61 11 2 72 77 19 8 80 95 64 
57 95 66 46 42 14 68 66 90 67 60 9 5 73 77 18 11 81 89 63 