43 26 30 37 38 14 34 30 29 26 33 31 15 40 36 19 36 30 22 18 
41 26 30 37 40 18 33 29 29 27 31 27 14 39 38 16 36 31 28 17 
42 22 32 40 34 13 30 30 27 25 31 29 14 44 42 18 33 30 24 16 
40 18 30 38 37 13 31 20 28 26 35 28 14 39 43 15 28 26 28 20 
39 20 30 41 33 13 29 25 27 21 34 23 14 44 36 15 31 29 26 15 
41 22 30 37 34 18 34 24 27 23 33 24 13 43 42 18 33 29 28 19 
41 21 32 36 38 13 32 29 27 22 32 27 13 43 38 14 33 28 27 19 
39 21 32 41 37 18 34 25 28 25 32 29 14 45 41 13 36 27 22 19 
40 24 32 35 40 9 29 20 29 24 34 31 15 39 37 16 35 31 26 21 
40 21 30 41 39 13 32 29 28 27 32 25 14 39 40 12 34 30 21 20 
39 22 32 41 39 18 28 25 28 25 33 31 13 41 43 12 34 33 26 18 
42 26 31 36 40 14 34 25 28 27 31 23 15 44 37 11 34 30 24 15 
42 19 30 41 38 11 29 21 27 23 35 24 13 45 40 13 33 24 21 15 
40 21 32 35 33 15 29 22 27 26 34 23 13 45 38 13 34 33 27 17 
43 23 30 39 37 16 28 28 29 26 31 24 15 39 36 19 35 31 28 17 
43 18 31 35 34 10 28 22 29 26 32 25 15 40 40 14 32 29 28 16 
43 19 31 40 34 8 34 21 29 24 31 24 15 43 43 15 28 26 25 16 
42 23 31 39 40 11 30 30 29 27 36 25 13 44 44 14 36 28 21 15 
43 26 32 39 35 12 31 30 27 25 33 25 15 42 44 20 32 31 22 16 
42 19 32 41 37 17 28 20 29 27 35 24 13 45 34 11 36 34 27 18 
42 21 31 39 40 9 28 29 29 27 34 26 13 44 43 11 35 28 28 21 
43 18 32 36 33 8 29 26 27 24 33 27 15 41 35 11 32 24 25 16 
43 26 31 39 41 18 29 27 29 25 29 23 13 41 42 15 34 34 29 19 
41 25 31 35 34 12 33 29 29 21 28 27 14 42 37 15 35 25 28 17 
41 25 31 35 38 11 32 26 28 26 31 26 15 41 43 19 35 31 27 16 
43 19 32 36 35 11 30 24 28 22 36 21 13 45 44 10 30 33 25 18 
41 23 30 36 37 18 29 26 29 23 31 24 15 41 34 13 29 27 26 21 
42 22 32 37 39 18 33 29 28 25 36 24 15 41 34 12 32 25 28 20 
40 20 30 37 37 15 30 21 27 21 34 25 14 42 35 14 35 32 22 15 
42 23 31 41 33 14 29 30 27 27 33 23 14 44 39 11 33 26 26 16 
42 20 30 37 41 11 34 30 28 21 29 21 15 41 37 13 28 24 27 20 
43 22 31 39 38 8 31 29 28 21 35 21 14 44 38 17 28 29 24 16 
39 21 32 39 33 16 30 30 27 23 30 26 13 41 34 16 36 33 21 17 
42 24 30 38 39 10 28 27 28 23 34 23 13 40 44 12 32 24 25 20 
43 24 32 38 34 11 29 24 27 27 33 21 15 43 37 14 32 32 24 17 
39 23 31 38 33 15 33 26 27 23 30 25 13 44 39 19 34 29 24 15 
39 18 30 37 40 9 31 25 29 27 35 21 15 39 42 13 32 25 22 15 
41 19 32 37 41 18 30 20 29 26 28 22 13 40 36 20 29 31 29 15 
39 21 30 40 34 8 31 25 28 26 30 25 13 44 38 15 29 25 29 18 
42 23 32 40 37 8 30 28 29 26 32 30 13 45 44 14 32 32 29 15 
43 26 32 36 34 14 30 26 27 21 29 26 14 43 44 11 32 29 25 19 
41 22 32 38 39 17 32 29 27 27 36 26 15 41 44 13 28 30 29 18 
43 19 32 36 39 8 29 21 27 25 35 21 15 39 39 17 32 31 22 20 
42 23 30 41 39 18 34 21 28 27 28 27 14 42 43 20 32 29 22 17 
42 22 31 37 41 18 30 20 27 22 28 26 14 42 35 19 32 34 26 19 
43 20 32 39 41 17 31 27 29 25 29 29 13 41 39 15 31 31 25 21 
41 21 32 40 36 10 32 22 29 25 30 23 14 40 36 10 29 25 24 17 
40 24 32 36 39 13 28 29 29 26 34 23 13 42 39 14 36 30 24 18 
41 25 30 39 41 8 34 29 29 26 36 28 15 41 40 13 29 30 28 20 
40 22 31 39 37 16 32 23 29 21 31 22 14 43 39 20 32 26 26 15 