31 16 25 47 36 36 43 43 27 31 35 14 44 42 25 42 20 21 47 34 
31 11 22 50 36 37 44 44 27 24 38 14 43 40 28 46 23 22 47 35 
35 11 21 46 35 35 42 37 26 30 35 16 43 41 32 45 19 21 48 33 
32 17 24 52 37 36 43 41 26 29 37 13 42 41 29 42 22 17 47 39 
34 18 23 44 35 33 43 42 27 26 38 11 44 44 31 50 24 17 49 31 
33 13 22 52 37 29 42 44 27 24 38 19 44 42 32 44 24 19 49 34 
34 17 23 52 37 29 44 44 27 26 34 19 43 44 24 42 20 23 47 34 
35 15 22 48 37 31 43 37 27 24 34 14 43 48 32 48 20 25 46 34 
32 12 22 44 35 29 42 39 25 24 36 11 42 44 27 45 22 19 48 30 
31 10 25 51 35 28 42 40 26 26 36 12 44 45 24 46 24 18 47 33 
35 13 23 47 35 37 42 38 27 23 38 17 42 45 30 44 21 24 46 31 
31 10 25 51 35 35 43 39 27 30 37 12 43 42 28 48 16 25 49 33 
34 16 23 44 37 31 42 37 25 29 35 14 44 47 30 46 19 25 46 30 
34 14 21 47 35 28 43 41 26 28 37 12 43 44 28 49 24 19 48 35 
33 15 21 51 35 29 43 40 26 23 34 11 42 45 27 45 22 22 46 39 
31 17 25 51 37 30 43 43 25 25 35 18 43 40 32 49 22 20 46 30 
34 16 23 44 37 28 43 43 27 29 38 19 42 46 28 42 24 18 49 40 
31 18 23 48 37 34 42 39 27 30 37 11 42 48 24 44 18 25 49 35 
32 11 21 48 35 32 44 42 25 31 35 12 42 43 29 49 18 27 46 30 
35 16 22 47 36 35 43 42 27 28 36 16 43 47 25 41 23 25 48 35 
31 10 24 50 37 30 43 44 26 26 35 12 44 47 32 43 16 24 47 30 
35 14 23 44 36 28 44 37 27 27 37 19 44 42 30 43 17 25 48 39 
31 10 24 44 35 29 44 37 26 26 37 16 44 48 32 48 17 19 47 30 
34 14 24 48 37 37 44 41 26 31 37 17 44 45 31 43 16 17 49 34 
33 14 21 46 36 30 43 38 26 29 38 14 42 41 31 41 17 19 47 31 
33 13 25 45 36 29 42 43 27 24 36 18 42 41 24 42 19 27 48 36 
31 13 23 51 37 29 42 36 27 29 34 11 43 42 27 43 17 26 46 33 
33 12 22 50 36 34 43 37 25 31 37 13 42 41 32 47 18 23 48 34 
32 17 21 52 37 33 42 38 26 23 35 12 42 42 25 51 18 20 50 33 
35 12 23 49 35 37 43 39 25 28 34 16 42 42 27 47 24 24 48 36 
34 10 24 51 36 37 44 43 25 29 35 16 42 48 24 47 20 27 47 40 
35 10 24 46 35 28 43 39 26 28 35 12 43 43 24 41 16 23 47 37 
35 13 22 47 35 32 43 44 26 24 36 17 43 45 30 48 19 18 47 36 
33 11 24 49 35 30 44 43 26 29 36 12 44 45 28 42 22 22 50 40 
35 10 21 52 37 34 42 43 25 27 36 18 44 44 28 48 20 17 49 34 
33 13 23 50 35 34 42 37 26 25 35 15 42 42 28 44 22 19 48 34 
32 14 21 50 36 32 44 44 27 23 34 11 43 44 29 41 20 18 48 31 
34 10 21 48 37 28 44 38 25 28 37 13 43 40 30 45 20 19 49 39 
35 17 24 52 37 31 44 41 26 30 38 18 44 43 28 47 16 17 49 38 
32 17 23 48 37 28 42 42 27 30 34 14 42 40 27 43 19 20 47 33 
35 12 21 52 37 32 43 43 27 24 37 18 42 44 24 45 22 22 50 31 
33 18 24 49 35 29 44 42 25 31 36 17 43 42 32 43 21 26 47 36 
33 11 23 45 35 32 44 41 26 26 36 16 42 45 28 49 17 24 48 32 
33 12 22 52 35 37 44 40 26 25 37 12 43 45 32 51 24 19 48 35 
34 11 24 52 36 34 43 44 26 24 35 19 44 46 25 41 17 21 49 39 
33 10 25 52 36 28 42 40 26 31 37 18 44 42 25 44 23 18 47 35 
34 13 22 50 35 33 44 44 26 30 35 17 43 43 25 46 19 23 47 32 
31 14 23 50 36 28 44 39 25 23 37 17 43 40 28 46 18 24 47 31 
33 13 22 52 37 33 43 42 27 24 34 12 43 42 28 45 20 24 49 35 
33 16 21 45 36 28 44 41 27 31 35 19 42 46 26 42 23 26 48 37 