16 52 58 9 27 17 62 60 20 28 38 49 39 42 54 40 47 57 32 58 
18 51 58 7 28 16 61 56 20 29 39 44 38 42 58 40 54 57 33 61 
14 55 58 13 27 15 61 58 19 30 40 46 36 43 55 38 48 57 33 59 
16 52 56 9 28 9 55 57 18 29 40 48 39 43 56 44 51 62 33 56 
14 53 59 6 29 13 60 56 18 29 38 49 35 42 56 40 50 59 34 57 
17 50 57 11 28 11 57 59 19 30 36 47 39 42 54 45 48 63 33 56 
17 49 54 12 32 16 59 56 19 30 41 45 36 42 57 46 50 60 33 57 
18 55 61 6 30 15 61 61 18 29 45 43 36 44 54 38 48 56 35 57 
16 55 58 6 31 9 57 60 19 30 36 44 38 44 57 39 53 61 30 57 
18 55 62 13 29 14 61 57 19 30 41 49 36 42 57 44 47 61 32 62 
17 50 62 15 31 16 54 62 18 29 38 46 35 44 57 42 52 59 31 60 
16 50 55 10 28 16 57 57 19 30 36 44 39 44 59 39 50 63 33 60 
17 49 61 8 33 11 56 57 20 28 44 46 36 44 59 43 47 59 29 56 
18 54 57 13 30 12 59 56 20 29 44 44 38 42 57 40 49 59 28 60 
14 52 62 7 33 12 54 57 19 29 46 47 38 42 57 38 52 57 31 58 
15 54 59 12 29 10 61 58 18 30 37 44 39 42 56 39 47 57 31 62 
15 50 57 9 30 9 55 59 20 30 39 47 36 44 55 43 54 56 34 60 
16 49 58 10 33 17 55 61 18 30 38 48 35 42 54 39 51 56 30 62 
17 51 55 9 27 12 57 58 18 28 36 48 35 42 55 43 48 57 34 62 
18 50 61 15 28 13 60 59 18 29 38 48 35 44 55 45 52 60 29 59 
15 54 62 14 32 12 54 56 19 30 36 48 36 44 54 40 50 63 34 57 
14 56 61 16 33 10 58 60 20 29 45 44 35 42 56 40 54 59 31 58 
15 49 60 9 27 11 60 60 19 28 36 43 36 43 54 45 51 59 32 59 
14 49 61 15 28 12 54 58 19 30 40 49 36 44 56 46 49 63 30 58 
16 49 60 12 31 9 55 56 18 30 42 45 38 42 59 39 51 62 35 57 
14 53 62 7 33 17 54 58 18 28 38 46 39 43 55 39 52 55 31 60 
17 48 61 11 33 11 55 59 20 28 45 48 35 42 58 39 47 58 32 61 
15 47 54 6 27 11 58 59 20 28 40 44 36 44 60 46 55 63 27 56 
15 49 54 11 33 12 60 58 19 30 44 48 38 42 55 43 54 63 32 59 
15 57 56 10 27 9 54 61 18 28 40 49 37 44 56 38 50 56 29 62 
16 57 55 10 29 12 58 60 19 29 42 44 36 43 59 45 55 63 34 57 
14 52 62 14 33 9 61 62 19 28 42 45 36 42 58 42 47 62 30 56 
17 50 60 6 29 9 58 56 20 30 43 49 37 44 56 45 55 58 33 61 
16 54 57 14 31 10 57 62 19 30 37 43 39 44 60 46 55 63 29 56 
14 51 59 10 29 17 54 57 20 28 38 48 35 43 58 45 51 58 34 58 
18 49 58 16 27 14 58 61 20 28 37 47 35 44 57 44 53 55 31 61 
16 57 62 7 32 14 62 59 20 28 40 43 36 44 57 44 51 56 33 57 
14 56 55 13 27 10 55 59 19 29 40 45 38 44 54 45 53 62 30 59 
16 49 55 6 30 14 56 60 18 30 41 45 38 42 57 45 55 63 32 56 
18 48 61 7 28 17 61 60 20 30 43 49 36 42 59 39 50 63 34 59 
17 53 54 14 30 11 61 56 19 28 41 44 38 43 55 43 47 58 31 60 
16 51 61 13 29 13 56 60 20 30 45 49 36 42 60 38 49 57 33 60 
14 49 55 6 32 15 55 62 20 28 40 44 35 42 56 45 55 61 35 60 
15 57 57 6 32 16 60 61 20 29 39 49 37 44 60 45 50 63 34 61 
17 55 60 12 33 11 59 61 20 28 43 45 35 42 55 40 55 62 34 57 
14 57 55 7 33 11 55 58 19 28 38 48 36 42 59 38 48 60 28 56 
17 52 58 13 27 16 61 60 18 30 37 44 37 43 54 38 51 63 28 56 
18 49 54 8 27 15 61 62 20 28 41 43 39 43 56 43 52 62 35 60 
17 55 57 9 30 17 62 59 20 29 40 47 36 42 57 43 55 61 31 58 
16 47 60 13 28 11 61 61 20 30 40 48 37 44 54 39 47 59 29 58 