52 42 46 13 23 41 16 24 11 29 43 28 29 37 34 33 34 50 66 31 
52 46 47 14 24 46 19 22 11 32 46 27 27 35 37 30 35 50 64 33 
50 44 48 12 14 47 18 24 12 29 45 28 23 40 36 35 36 49 66 32 
51 42 48 15 19 42 15 25 8 31 44 29 28 38 34 31 31 53 64 31 
52 42 48 12 20 45 19 23 11 33 45 30 26 35 38 35 36 49 66 31 
52 41 47 12 23 43 18 22 8 32 44 28 27 39 34 33 33 53 66 33 
53 47 48 12 24 43 17 22 12 33 43 30 28 36 34 34 31 54 64 31 
52 40 47 14 24 41 16 24 10 33 45 30 24 40 35 32 35 53 66 33 
51 43 48 12 15 40 17 22 11 30 46 28 25 38 36 37 34 51 64 31 
52 45 48 14 20 40 17 26 10 31 45 30 26 40 38 37 31 50 66 32 
52 42 47 13 14 47 15 24 9 29 45 28 24 36 35 34 33 51 66 31 
53 45 47 16 19 48 15 22 12 31 44 27 27 37 34 35 34 50 66 33 
52 48 46 13 14 42 16 23 12 30 44 29 28 39 38 36 35 50 65 33 
50 49 48 12 22 46 19 24 12 30 46 27 29 40 36 35 33 55 66 33 
52 45 48 13 20 46 17 26 8 32 46 28 24 39 36 34 33 55 66 33 
51 45 46 13 14 41 16 22 8 30 47 30 24 41 38 33 32 49 66 33 
53 49 46 14 15 41 18 23 12 29 46 28 27 35 38 31 35 49 66 31 
53 45 47 13 24 42 15 23 10 32 47 29 29 36 34 29 35 52 66 32 
49 46 47 12 24 42 19 22 9 32 46 29 25 36 38 32 36 53 65 33 
49 50 46 14 15 42 19 22 8 29 47 27 26 39 35 35 33 51 64 32 
51 43 46 15 23 44 18 22 8 30 46 29 29 35 34 32 34 50 65 32 
50 43 46 16 19 41 15 23 10 32 43 29 23 36 38 32 33 50 65 33 
51 43 48 15 15 44 17 22 9 33 45 29 29 35 34 37 36 54 64 33 
50 49 46 13 22 47 16 23 9 32 43 27 27 40 38 35 33 55 64 32 
51 49 47 16 22 48 19 26 8 32 44 28 23 40 38 32 35 52 65 31 
52 48 46 12 17 46 19 25 9 29 46 28 28 39 35 30 35 49 65 32 
49 50 46 13 15 43 15 26 8 31 46 30 27 37 34 29 36 54 64 31 
49 48 47 13 22 47 16 26 9 31 43 27 27 40 38 31 34 52 65 33 
50 48 46 12 15 41 16 24 11 33 44 29 25 40 35 30 32 52 65 32 
52 46 46 13 24 43 17 22 9 33 46 28 28 36 35 34 35 53 64 31 
50 48 48 16 24 48 16 24 9 29 46 30 26 35 36 30 32 55 65 32 
49 40 46 14 21 40 15 23 11 32 47 29 23 39 35 36 30 55 64 32 
50 43 46 15 19 46 17 22 8 32 47 27 28 36 38 37 33 53 64 31 
51 42 46 16 15 40 15 22 9 30 46 27 29 37 35 35 31 51 66 31 
50 47 48 16 24 42 19 25 11 32 43 30 25 36 37 29 33 53 64 32 
50 40 47 12 14 45 18 23 9 33 43 30 29 38 36 29 35 54 65 31 
52 44 48 14 17 47 15 26 12 31 46 27 29 36 36 32 33 50 66 32 
50 46 46 16 15 41 17 25 8 30 43 29 29 40 36 31 30 51 64 31 
49 46 48 13 15 47 18 25 12 29 43 30 27 39 37 37 35 54 65 32 
50 44 46 16 20 47 18 25 8 29 44 28 25 37 34 37 31 53 64 33 
52 49 46 14 15 41 15 23 8 30 43 29 25 36 35 36 31 51 64 31 
51 49 48 15 21 46 18 24 12 33 44 27 29 36 38 37 35 52 64 33 
52 42 48 16 18 40 17 24 8 33 43 31 24 40 35 36 34 54 64 31 
50 47 47 12 16 46 18 22 11 29 43 29 26 40 38 36 35 53 64 33 
53 44 48 13 18 48 18 24 12 29 47 30 26 37 35 33 34 50 66 32 
51 49 46 13 19 44 19 22 9 31 46 30 27 37 36 36 34 49 66 32 
53 45 48 14 24 41 19 24 11 29 43 30 26 39 34 33 34 51 64 33 
51 40 47 15 23 42 18 24 9 31 45 29 25 36 35 34 36 55 66 31 
52 43 47 15 17 43 16 23 8 33 46 27 23 36 36 35 32 54 65 31 
51 42 46 13 14 44 19 22 12 32 45 29 28 41 38 31 32 49 64 33 