91 78 80 50 31 67 40 90 63 76 76 42 81 45 44 89 51 76 60 56 
90 76 76 44 31 70 41 91 57 75 74 43 79 44 44 88 54 78 61 56 
90 77 75 48 31 70 45 91 60 77 72 44 87 49 46 89 52 75 60 57 
91 75 78 45 34 68 39 91 63 77 76 41 86 47 45 90 51 77 61 60 
87 72 79 48 36 69 41 88 57 73 74 45 87 46 45 88 51 78 61 59 
87 77 79 48 34 68 43 90 62 73 77 42 87 50 44 88 52 77 60 59 
87 74 79 43 40 69 44 91 58 73 72 45 85 47 46 88 51 72 59 61 
89 80 79 48 39 71 42 91 61 78 74 43 79 48 44 88 57 76 62 55 
87 75 78 43 39 68 40 88 59 75 75 46 86 46 46 89 58 75 60 55 
90 78 77 49 39 71 44 88 63 75 76 42 79 51 44 89 54 74 61 56 
91 77 81 43 34 67 42 91 59 74 72 40 79 53 44 88 50 77 62 56 
91 75 79 46 40 68 42 89 63 74 73 46 80 47 46 89 51 76 60 55 
88 72 76 46 34 70 46 91 62 76 77 45 87 43 44 90 56 77 60 60 
88 79 79 46 37 71 38 89 61 76 73 40 79 51 44 89 53 78 58 61 
87 80 75 44 39 69 48 89 63 78 72 43 84 51 46 90 53 72 58 55 
88 76 79 47 40 71 48 91 58 74 74 41 80 50 46 89 51 73 61 57 
89 76 78 43 30 71 38 90 61 74 77 46 86 50 45 90 51 77 60 55 
89 74 81 43 38 71 43 92 60 76 73 46 80 50 46 89 55 76 62 56 
89 75 79 47 30 67 46 90 63 74 73 40 84 43 46 88 52 74 60 55 
88 76 77 44 32 68 42 92 60 77 76 44 83 48 44 88 55 73 61 60 
88 74 80 51 30 67 39 88 63 79 78 42 87 49 44 90 50 75 61 61 
87 73 77 44 39 70 43 89 57 74 76 42 82 52 46 89 57 76 61 55 
88 77 79 44 30 67 45 92 59 73 76 44 87 50 44 88 51 76 60 57 
90 80 77 49 36 67 47 91 59 76 76 44 79 49 46 88 55 75 60 60 
91 78 75 44 31 67 45 90 60 78 76 45 80 48 45 88 50 77 60 56 
87 79 80 43 35 68 42 88 60 76 76 45 87 48 44 89 50 78 60 59 
90 77 77 43 31 69 39 89 60 74 78 41 87 51 45 88 53 75 60 60 
91 79 77 51 34 67 48 90 61 74 73 44 86 53 45 90 50 77 59 60 
88 72 79 47 39 67 40 89 62 78 72 45 86 53 46 89 57 75 62 57 
89 73 81 42 30 71 39 90 59 74 78 44 81 51 44 89 53 78 62 61 
90 74 78 51 37 71 45 92 58 73 73 42 84 52 45 89 55 74 60 58 
91 76 77 46 40 68 42 90 62 75 72 41 83 50 45 90 58 77 62 58 
87 79 77 46 33 67 45 90 58 76 76 41 82 44 45 90 57 76 61 58 
91 78 79 44 39 71 44 91 60 73 74 42 86 43 46 89 51 72 60 55 
91 75 75 49 32 67 39 88 57 74 74 43 84 47 46 90 58 74 60 60 
90 80 77 47 32 68 42 90 61 74 76 40 80 50 46 89 52 76 61 61 
90 77 78 43 30 69 47 91 59 75 72 42 87 44 46 89 58 74 60 57 
91 74 79 49 38 70 41 88 57 78 73 44 83 44 45 88 58 74 62 56 
91 78 81 45 35 70 40 88 63 76 77 46 81 49 46 88 51 75 60 57 
87 79 78 48 38 69 42 92 63 79 76 44 86 43 45 90 57 77 59 58 
89 77 80 46 39 70 44 89 61 73 73 42 79 52 44 88 58 72 62 59 
88 73 76 43 38 70 45 89 61 76 74 45 85 49 46 88 50 74 62 60 
90 77 79 47 30 71 40 92 59 77 77 40 86 44 44 88 51 72 59 59 
88 80 81 48 35 67 43 91 59 75 76 41 79 44 45 90 55 75 60 55 
88 78 79 51 31 68 48 89 60 79 72 40 87 44 46 88 52 74 60 55 
89 73 80 44 39 69 41 88 59 78 75 45 80 47 44 89 53 78 62 56 
88 75 76 41 34 68 48 88 63 74 72 42 87 50 45 89 54 75 61 55 
88 73 81 50 40 69 42 90 60 74 73 44 87 47 46 89 53 78 61 57 
91 80 80 46 39 70 47 91 59 73 73 43 81 48 46 88 58 77 58 57 
88 79 77 50 30 67 39 91 59 74 74 42 85 45 44 88 57 75 60 60 