32 35 28 26 71 6 31 10 24 55 51 67 40 7 57 53 76 30 76 64 
34 36 28 25 71 8 28 11 18 55 55 64 37 7 57 45 74 31 71 65 
36 33 28 22 67 8 29 11 22 57 46 65 45 9 57 45 70 29 75 65 
36 32 25 26 70 7 33 9 23 53 50 66 43 8 57 50 77 31 72 66 
34 38 33 25 70 7 31 10 22 52 53 66 40 7 59 51 75 30 77 66 
33 35 33 23 71 7 32 9 20 56 56 67 46 8 57 53 75 30 74 64 
33 37 27 26 67 5 31 11 22 51 52 63 40 7 58 55 70 29 76 66 
33 32 26 22 68 6 32 9 24 51 46 63 47 8 58 51 74 28 77 66 
32 39 31 23 68 6 29 10 22 57 48 63 41 9 59 49 78 28 74 64 
34 35 27 25 67 7 28 11 24 57 52 63 40 8 59 51 75 32 78 66 
35 35 28 25 71 5 29 10 22 54 50 67 37 7 57 49 78 31 73 66 
33 35 33 22 67 7 27 9 21 49 52 67 45 9 57 55 74 32 75 64 
33 36 28 24 69 8 32 11 23 55 49 67 41 9 57 54 74 30 76 66 
35 31 33 26 71 6 29 11 23 51 48 63 40 8 57 54 76 29 77 64 
35 38 34 24 70 8 30 9 22 49 55 64 37 7 59 48 72 32 74 65 
34 33 27 24 69 9 29 10 20 55 47 66 43 8 57 54 74 28 78 64 
33 31 29 24 70 9 31 9 22 52 48 65 37 9 57 51 70 31 76 66 
36 36 24 22 71 5 30 10 23 53 54 66 37 9 59 48 77 28 74 65 
36 36 33 24 71 5 28 9 24 54 55 66 45 9 58 45 71 31 73 66 
34 32 32 26 67 5 31 10 22 52 49 67 37 8 57 45 74 32 74 66 
35 38 34 26 67 5 31 9 22 52 51 63 42 8 57 55 72 32 72 64 
32 35 32 23 68 8 28 11 23 51 54 66 42 9 58 53 74 29 76 66 
34 37 30 25 67 6 30 10 19 56 47 63 42 7 58 49 74 32 78 66 
36 36 30 22 67 7 27 10 19 52 50 67 43 8 58 53 77 29 72 66 
36 35 32 25 67 5 30 9 20 55 49 66 43 7 58 50 73 29 71 64 
35 31 33 23 71 6 28 10 23 52 48 65 45 9 57 51 71 32 73 65 
32 34 30 26 68 8 27 11 21 53 53 67 43 9 59 46 72 32 70 64 
35 36 34 23 67 8 32 11 18 54 46 65 37 9 58 45 76 29 77 65 
33 35 30 23 67 5 33 10 24 56 52 65 42 9 57 47 73 28 75 65 
36 39 32 26 67 5 30 11 20 57 48 67 44 7 59 54 76 30 75 64 
34 32 25 24 68 7 30 11 23 55 51 67 46 8 58 54 70 29 70 66 
32 31 31 22 70 6 30 11 23 57 50 64 40 7 57 48 78 32 78 66 
36 38 33 22 69 8 32 10 22 51 54 65 43 8 57 45 73 32 78 66 
35 32 27 24 68 8 29 11 21 52 46 64 45 8 57 48 73 30 78 64 
32 37 28 23 71 7 27 10 24 55 47 64 45 8 59 46 78 31 76 66 
32 38 28 25 68 6 32 9 18 57 52 63 38 7 59 53 73 29 75 64 
36 31 26 25 69 8 27 9 21 53 50 64 43 8 59 46 78 30 77 65 
32 31 33 26 71 9 31 10 21 54 55 66 46 9 57 50 72 28 76 66 
35 31 28 24 67 5 31 9 22 54 49 64 38 7 59 49 70 29 72 66 
35 31 33 23 67 7 27 11 18 57 48 63 46 7 59 53 76 29 77 65 
34 39 32 23 69 7 32 10 19 49 55 66 43 9 58 50 71 32 74 64 
33 36 27 23 67 9 33 9 21 53 54 67 41 8 59 45 75 31 72 66 
33 36 28 24 70 6 31 9 22 52 52 66 47 9 59 45 77 28 76 64 
32 36 24 25 67 5 29 9 21 55 50 66 37 7 58 54 70 28 78 64 
33 34 31 25 70 9 27 9 23 56 50 65 39 8 57 49 78 31 75 65 
32 31 34 24 68 8 28 11 19 50 56 66 44 8 59 47 77 30 76 66 
34 35 28 26 68 8 27 11 21 52 56 67 47 9 58 46 75 32 75 66 
32 39 28 23 70 5 28 9 18 52 47 63 40 9 59 49 76 28 73 66 
36 34 34 26 70 5 29 10 21 52 50 67 47 8 58 49 73 32 78 64 
34 32 34 23 71 6 28 11 20 49 50 63 38 7 57 49 71 28 73 65 