1 14 1 37 60 54 47 32 11 62 55 37 25 80 17 40 44 9 40 23 
1 21 4 32 59 54 47 39 7 64 55 36 24 78 20 39 45 9 39 19 
1 22 5 35 53 55 47 30 12 55 53 37 25 79 20 37 49 8 40 20 
1 21 4 34 53 55 49 39 10 58 54 37 25 83 26 31 47 9 40 15 
1 17 1 37 63 54 49 37 6 60 59 39 25 83 23 30 42 8 40 22 
1 15 1 38 58 54 47 37 12 60 54 41 26 78 21 34 49 8 39 15 
1 13 5 35 54 54 48 39 7 60 53 39 26 78 26 37 50 8 38 19 
1 15 5 37 62 54 47 40 8 61 58 43 26 80 25 40 43 9 40 20 
1 17 5 33 60 53 48 39 12 60 58 36 26 80 17 31 50 9 39 17 
1 13 2 35 58 55 49 34 12 59 56 44 26 84 18 39 49 9 38 18 
1 16 5 33 56 53 48 30 11 55 57 40 24 81 27 36 50 9 40 17 
2 19 1 36 57 54 49 40 6 63 59 43 25 81 21 35 49 10 40 19 
1 13 4 36 60 54 49 39 10 54 58 44 26 84 20 40 43 8 40 21 
1 14 1 33 54 54 48 31 6 54 54 35 25 78 20 33 42 9 39 17 
1 21 5 37 56 53 49 37 9 58 57 44 25 83 27 39 43 9 40 15 
2 13 5 33 54 55 49 40 8 56 59 34 24 81 23 32 49 10 38 23 
3 19 3 37 56 55 47 40 10 59 57 36 24 84 17 31 50 10 40 18 
1 21 1 32 62 54 48 39 6 58 56 37 26 84 27 32 43 9 38 23 
1 20 5 33 61 53 48 39 12 63 57 38 26 84 18 39 50 8 38 22 
2 20 2 34 53 55 49 32 11 55 53 35 25 80 20 39 45 10 38 21 
3 17 1 32 53 53 47 34 9 63 53 41 24 83 19 30 47 8 40 16 
1 22 2 32 61 55 49 32 10 57 59 44 25 83 17 38 43 8 40 17 
1 21 4 38 54 54 47 39 12 60 57 38 24 84 22 36 50 8 38 16 
1 15 5 35 59 55 47 33 6 56 53 35 26 82 27 35 42 8 38 21 
3 13 2 38 55 55 47 30 6 62 59 42 26 78 21 36 48 10 40 17 
1 14 5 33 54 53 47 30 6 57 58 36 25 78 21 36 45 8 39 21 
2 13 5 35 58 55 47 31 10 64 56 41 24 83 19 30 44 9 39 20 
1 16 4 36 61 53 49 31 10 63 58 38 25 81 20 34 45 9 39 23 
1 12 3 37 56 55 48 35 7 62 54 35 24 81 17 39 49 9 39 21 
1 18 4 36 63 53 49 33 9 61 57 37 24 83 26 33 43 10 39 20 
1 12 4 32 53 55 47 36 8 58 57 39 24 84 18 31 46 8 39 23 
1 17 5 36 57 53 49 34 12 58 58 39 24 84 23 38 50 8 40 17 
2 20 2 38 60 53 49 37 12 55 59 40 26 83 24 31 50 8 38 15 
2 19 5 36 62 55 47 30 8 60 57 37 26 83 24 31 47 10 39 18 
1 12 5 36 57 55 49 40 11 57 59 36 24 79 17 34 50 10 40 23 
1 18 3 38 55 53 47 36 9 62 56 36 24 83 26 32 45 8 40 20 
1 16 1 38 53 55 47 37 9 61 57 37 24 84 24 39 50 9 38 20 
1 21 5 33 63 55 47 36 12 58 56 43 24 83 22 40 46 9 39 21 
1 17 1 37 61 53 49 32 9 62 59 42 26 84 17 36 49 8 38 15 
1 15 2 38 58 54 49 38 6 54 58 41 26 80 20 37 47 10 38 22 
1 14 5 32 55 53 47 38 12 55 56 44 24 82 22 37 46 10 40 21 
1 13 3 34 56 53 47 40 8 60 54 35 24 81 25 40 43 8 40 23 
3 19 1 34 55 54 47 37 12 55 55 36 24 80 27 31 46 8 38 19 
3 15 1 38 59 55 47 33 10 55 53 38 24 80 20 39 46 10 38 19 
1 22 4 33 54 55 47 30 12 63 57 43 25 83 18 37 47 8 39 20 
2 22 1 36 62 55 49 37 6 58 56 42 24 80 21 40 44 10 39 17 
2 18 4 37 54 55 47 36 6 59 58 37 26 84 20 36 49 8 39 21 
2 20 1 38 56 55 47 37 10 60 53 39 26 81 25 35 42 8 38 19 
1 21 1 33 58 54 49 32 9 62 57 39 25 80 23 36 48 10 40 15 
1 15 3 38 60 54 47 32 8 64 56 44 25 80 26 36 45 10 38 15 