10-50
instance 0
 150.0 2000
22
26
24
47
13
30
37
46
23
47
45
12
42
26
44
50
36
38
13
12
30
38
36
41
39
13
21
29
29
43
31
12
27
28
28
36
19
14
25
40
17
44
30
42
43
50
18
36
19
18
30
41
33
35
49
25
50
36
20
23
30
22
24
30
39
13
12
14
44
19
28
24
32
39
38
30
48
33
40
16
25
27
10
16
50
45
26
28
41
38
44
11
15
17
18
36
26
33
25
34
40
28
30
13
17
44
20
24
30
33
36
35
35
17
14
41
14
17
32
38
43
48
50
29
38
44
14
17
15
19
24
29
46
26
40
26
11
30
48
13
25
15
11
48
42
11
49
33
27
10
15
16
13
41
19
50
22
46
45
37
27
48
38
38
20
48
49
49
17
27
24
23
44
23
49
21
29
29
25
22
21
14
50
12
43
23
34
42
25
32
12
11
15
34
42
48
11
29
28
27
26
35
32
13
29
47
23
46
10
49
19
36
12
36
25
25
35
19
15
29
49
25
15
15
11
46
23
14
32
43
32
15
12
41
48
34
32
19
14
11
18
27
31
44
39
17
20
14
38
29
24
14
41
32
43
28
18
12
42
14
10
47
36
35
39
32
22
48
23
15
47
25
48
44
17
20
36
18
24
40
42
14
17
42
20
32
15
37
49
40
38
42
20
10
16
29
14
47
27
37
26
40
46
16
21
30
11
14
47
33
25
11
31
40
26
23
23
24
49
32
36
12
49
38
27
49
19
45
32
49
40
48
23
15
46
42
44
45
40
36
45
31
40
50
27
36
49
35
35
15
37
34
23
29
25
28
18
49
39
50
12
13
32
28
26
34
31
13
20
24
18
14
21
30
27
17
49
22
13
25
21
25
45
44
43
21
14
50
29
17
28
44
50
29
31
15
25
38
28
45
50
50
23
10
35
36
31
24
12
18
26
25
37
31
32
38
11
33
17
20
13
41
36
22
40
41
18
43
34
35
38
16
28
33
37
41
13
25
37
23
45
42
31
41
25
12
50
44
36
50
24
31
36
20
33
44
38
30
22
10
14
29
18
12
20
37
23
17
29
41
24
15
15
15
47
11
21
14
43
14
39
41
32
32
41
48
18
43
48
34
16
16
35
26
28
48
50
36
43
22
11
48
28
37
27
41
49
33
33
30
35
29
10
37
10
26
33
34
23
38
11
13
17
32
23
36
45
27
39
23
49
22
16
49
39
20
16
46
41
19
23
19
12
12
20
39
40
42
11
26
44
26
10
31
13
10
14
45
15
39
29
44
10
35
11
23
12
40
48
40
33
36
42
32
19
15
36
33
50
11
45
12
47
43
50
33
23
48
24
20
42
26
22
29
39
24
45
41
21
43
39
40
18
42
48
25
41
15
44
42
32
13
46
23
33
27
13
49
33
35
32
25
17
12
14
10
24
33
32
43
46
46
49
34
30
14
27
23
15
44
50
47
28
35
36
26
45
45
22
37
40
26
26
37
12
22
20
37
24
48
35
23
48
35
46
11
48
34
15
15
31
34
21
16
44
19
26
12
24
12
25
38
32
32
36
12
21
20
15
30
46
34
31
22
21
29
46
32
43
16
27
30
49
19
21
43
24
26
33
24
31
12
29
12
41
17
34
21
32
30
10
39
20
47
34
47
16
46
24
45
48
24
12
32
23
37
15
42
47
23
37
20
16
13
24
16
39
20
50
39
46
49
19
19
18
41
44
48
31
29
21
33
44
32
34
39
18
45
32
33
45
34
25
43
45
42
46
26
43
13
43
35
15
42
33
11
31
44
45
47
13
33
26
17
24
38
35
10
41
20
17
13
38
32
11
22
40
43
22
23
48
30
37
36
32
24
46
19
38
40
17
27
44
16
26
18
33
44
31
43
36
14
29
14
15
38
45
46
33
42
41
50
44
39
33
18
49
17
19
23
21
50
18
28
49
14
22
29
10
18
45
25
34
43
26
10
14
47
10
46
38
24
25
46
34
29
38
16
29
12
37
42
14
31
23
50
26
21
30
29
16
25
21
26
18
31
39
37
48
49
29
22
27
41
20
39
13
48
35
41
24
50
16
21
33
40
17
18
11
43
26
20
23
17
28
21
35
20
27
18
30
18
16
23
44
33
15
20
50
35
47
29
40
19
38
22
12
28
14
25
13
30
27
13
41
35
13
46
12
39
28
17
39
15
19
21
12
36
28
42
42
47
50
46
22
48
49
14
13
22
46
22
21
36
22
27
17
44
12
46
23
39
31
30
35
33
21
45
36
36
28
39
29
49
10
27
46
31
44
13
23
11
47
47
42
24
38
35
30
31
47
17
29
40
34
44
46
41
21
13
22
26
38
33
28
50
40
20
17
36
27
17
35
20
45
15
43
31
14
34
18
10
12
22
50
34
13
47
27
29
26
21
32
49
23
23
25
12
43
50
15
48
22
20
21
48
26
39
11
50
28
49
29
29
29
43
19
48
42
36
42
42
49
34
10
45
50
28
10
22
47
31
28
41
10
43
11
30
50
42
19
15
23
42
16
29
31
34
47
20
37
15
46
18
44
18
18
27
41
26
40
18
21
29
50
11
43
36
33
42
11
22
24
20
21
16
44
33
35
24
17
22
26
45
35
15
21
20
30
39
46
34
49
47
14
22
20
15
29
37
41
30
29
29
35
18
26
37
15
26
18
39
45
10
30
35
41
10
10
34
14
31
20
47
18
24
25
35
30
43
11
42
17
19
46
16
41
11
21
44
37
11
16
42
37
21
25
23
41
14
43
26
27
37
44
50
22
23
33
13
14
17
34
40
31
22
37
37
40
23
39
16
42
48
34
10
20
48
20
10
28
27
37
10
30
39
14
24
13
24
32
46
41
38
46
34
19
32
11
26
19
30
45
19
19
21
33
46
23
26
27
32
29
20
33
16
44
46
37
42
50
38
42
29
34
10
34
30
17
49
45
24
36
26
42
38
33
34
34
42
31
41
46
17
46
34
41
23
15
22
34
50
45
10
29
46
18
30
14
25
15
44
28
10
18
30
35
40
31
48
47
29
22
41
45
29
30
20
32
16
25
28
23
37
41
18
37
36
44
44
45
49
12
20
25
29
23
14
22
47
47
31
41
47
17
40
19
42
14
29
41
37
22
10
30
43
30
12
19
16
19
33
21
40
25
47
31
39
10
45
33
31
42
30
50
44
13
38
33
35
33
18
37
46
31
46
17
26
26
31
46
13
32
50
36
14
19
22
17
16
32
35
35
44
44
27
17
32
27
28
43
17
25
14
15
26
31
41
12
38
10
27
25
50
21
35
32
27
27
44
42
23
25
38
32
24
16
12
38
16
38
35
13
13
43
28
27
38
20
27
50
30
42
45
15
39
15
26
28
35
29
23
22
10
28
11
33
36
33
32
23
31
17
45
39
50
38
12
48
11
27
16
34
17
30
18
20
48
34
45
33
18
41
25
22
24
45
29
38
22
45
49
21
36
33
14
35
31
37
37
40
19
36
35
48
30
20
34
39
33
48
35
44
22
35
16
50
21
19
12
48
37
32
29
13
21
26
46
49
15
50
22
24
11
38
30
40
19
46
45
33
47
27
43
24
40
44
24
41
24
26
47
48
20
13
38
17
19
43
19
44
20
13
49
42
21
30
29
31
20
24
31
30
22
25
24
50
14
41
10
19
29
16
26
25
23
10
28
42
12
33
31
38
22
28
13
17
44
39
13
30
27
50
49
14
29
27
30
19
29
46
10
36
48
35
30
22
47
10
20
41
29
10
30
17
12
26
40
33
20
46
23
48
19
24
11
40
34
13
23
19
23
21
10
24
17
47
30
43
17
37
44
48
45
39
36
27
49
45
32
23
44
33
18
49
43
15
44
17
46
15
23
26
33
15
31
20
42
29
35
26
18
45
19
13
25
27
46
24
30
36
49
42
11
46
45
42
11
47
37
40
37
13
45
43
36
22
50
49
44
38
46
28
41
38
31
32
41
43
45
22
44
50
33
23
15
47
34
12
20
25
18
18
41
26
11
22
42
20
20
50
30
35
12
41
17
12
22
27
27
45
26
47
32
19
44
37
32
46
42
29
20
43
25
47
36
47
48
22
24
32
49
40
37
27
49
12
32
21
34
31
46
10
22
25
13
35
36
49
27
38
24
28
25
11
31
27
35
40
45
44
19
44
23
26
11
10
12
27
29
38
13
12
50
50
38
40
50
33
20
39
24
32
15
44
26
29
44
31
17
45
32
28
25
46
49
37
18
13
25
10
44
31
33
23
29
13
38
38
32
18
28
33
20
13
21
26
32
42
41
22
50
40
23
42
28
14
43
28
22
16
48
19
23
17
32
11
46
46
23
27
14
32
28
21
31
12
46
38
38
32
42
26
50
47
40
28
34
15
29
28
24
48
39
39
49
49
12
20
14
26
47
38
11
12
41
46
29
17
11
25
16
27
47
23
35
28
30
30
16
35
25
28
34
44
50
23
11
43
19
45
27
39
12
41
10
12
19
36
12
50
13
23
43
37
26
50
10
24
18
