falkenauer 
ins 1
 100.0 501
41.4
25.5
33.1
42.6
25.4
32.0
45.9
26.9
27.2
40.6
29.6
29.8
48.8
25.4
25.8
49.1
25.1
25.8
37.0
27.1
35.9
46.5
25.6
27.9
36.0
31.8
32.2
46.2
26.7
27.1
43.7
27.6
28.7
44.5
25.2
30.3
48.8
25.5
25.7
40.4
28.4
31.2
35.7
28.3
36.0
40.5
26.0
33.5
44.3
26.6
29.1
48.5
25.4
26.1
35.7
30.2
34.1
40.7
27.0
32.3
46.9
26.4
26.7
44.9
27.1
28.0
43.2
26.6
30.2
48.8
25.2
26.0
46.6
25.7
27.7
49.6
25.1
25.3
40.4
27.7
31.9
37.4
29.9
32.7
44.0
26.4
29.6
38.5
28.6
32.9
47.4
25.1
27.5
36.7
27.1
36.2
35.9
25.1
39.0
38.7
27.9
33.4
35.0
32.4
32.6
36.0
26.7
37.3
35.8
29.0
35.2
49.5
25.1
25.4
42.2
26.4
31.4
44.0
26.4
29.6
46.8
26.1
27.1
41.1
25.8
33.1
44.9
25.5
29.6
44.3
26.2
29.5
48.8
25.2
26.0
43.1
28.1
28.8
42.4
25.5
32.1
41.6
26.1
32.3
36.5
26.6
36.9
35.5
30.0
34.5
40.7
28.6
30.7
42.2
25.7
32.1
40.1
27.2
32.7
39.8
29.9
30.3
45.3
26.9
27.8
44.3
27.4
28.3
37.4
30.5
32.1
45.2
25.4
29.4
42.3
27.1
30.6
47.5
25.5
27.0
46.9
25.2
27.9
38.9
25.2
35.9
46.1
26.4
27.5
42.4
26.2
31.4
43.5
25.3
31.2
41.1
28.4
30.5
42.4
27.8
29.8
46.7
26.2
27.1
39.2
26.8
34.0
48.7
25.1
26.2
39.6
28.5
31.9
48.6
25.0
26.4
46.2
26.7
27.1
38.4
29.3
32.3
49.4
25.1
25.5
47.2
25.8
27.0
43.5
25.3
31.2
48.2
25.4
26.4
45.1
25.1
29.8
40.4
28.4
31.2
39.7
28.4
31.9
47.5
26.1
26.4
43.4
28.1
28.5
36.0
25.7
38.3
47.5
25.2
27.3
39.2
30.1
30.7
45.3
26.1
28.6
43.5
27.9
28.6
44.8
25.1
30.1
45.7
26.5
27.8
45.5
26.7
27.8
47.6
25.2
27.2
39.6
25.3
35.1
40.7
26.4
32.9
42.8
25.2
32.0
38.5
27.6
33.9
37.8
27.2
35.0
48.5
25.4
26.1
45.1
26.1
28.8
35.6
29.1
35.3
42.6
27.8
29.6
41.9
25.0
33.1
43.3
28.1
28.6
36.1
31.0
32.9
41.7
28.5
29.8
35.3
28.1
36.6
38.6
28.9
32.5
44.0
27.7
28.3
47.4
25.2
27.4
42.4
26.3
31.3
49.4
25.2
25.4
47.6
25.4
27.0
41.3
25.0
33.7
45.5
26.3
28.2
42.8
28.2
29.0
35.3
26.1
38.6
41.7
27.4
30.9
46.4
26.4
27.2
48.2
25.7
26.1
39.1
30.2
30.7
48.3
25.0
26.7
44.7
25.6
29.7
36.0
28.1
35.9
39.3
29.1
31.6
36.0
26.9
37.1
35.3
29.6
35.1
44.7
26.4
28.9
49.0
25.2
25.8
42.6
28.2
29.2
46.0
25.8
28.2
48.6
25.5
25.9
46.3
25.7
28.0
41.1
27.3
31.6
41.9
28.4
29.7
48.5
25.3
26.2
38.6
26.2
35.2
40.7
27.8
31.5
45.5
26.9
27.6
45.8
25.7
28.5
49.8
25.0
25.2
36.4
28.9
34.7
49.3
25.1
25.6
44.2
25.5
30.3
47.7
26.0
26.3
47.6
25.7
26.7
37.0
30.0
33.0
41.5
25.3
33.2
45.1
26.2
28.7
39.8
27.6
32.6
49.0
25.2
25.8
44.4
27.0
28.6
46.1
26.0
27.9
48.1
25.8
26.1
41.3
28.0
30.7
45.6
25.8
28.6
42.4
27.7
29.9
47.5
25.2
27.3
46.1
26.5
27.4
39.5
25.1
35.4
40.7
27.2
32.1
44.2
27.6
28.2
46.7
25.4
27.9
37.1
29.3
33.6
43.4
28.0
28.6
48.2
25.7
26.1
43.2
26.6
30.2
42.4
28.0
29.6
