falkenauer 
ins 0
 100.0 501
36.6
26.8
36.6
43.0
26.3
30.7
41.4
28.7
29.9
49.5
25.1
25.4
47.4
25.2
27.4
37.0
26.9
36.1
47.3
25.2
27.5
47.2
25.9
26.9
44.4
25.8
29.8
43.9
27.3
28.8
44.5
27.2
28.3
41.9
26.1
32.0
36.3
27.1
36.6
35.5
27.3
37.2
46.6
26.2
27.2
35.7
29.2
35.1
39.5
25.5
35.0
35.0
30.3
34.7
45.0
25.2
29.8
41.0
27.5
31.5
40.7
26.0
33.3
36.6
27.1
36.3
35.0
29.4
35.6
48.0
25.3
26.7
44.6
25.9
29.5
37.6
26.7
35.7
36.6
28.2
35.2
47.8
25.6
26.6
42.0
25.1
32.9
43.4
25.2
31.4
47.0
25.4
27.6
49.7
25.0
25.3
49.7
25.0
25.3
44.5
25.4
30.1
41.2
26.3
32.5
40.0
29.8
30.2
36.2
28.2
35.6
40.5
25.9
33.6
39.7
29.0
31.3
48.5
25.3
26.2
36.7
27.4
35.9
35.5
26.3
38.2
47.1
25.8
27.1
46.4
25.9
27.7
42.6
28.1
29.3
49.8
25.0
25.2
39.2
25.7
35.1
48.5
25.1
26.4
44.1
27.2
28.7
39.2
27.5
33.3
35.0
26.4
38.6
49.1
25.1
25.8
43.7
25.5
30.8
47.3
25.1
27.6
41.5
25.5
33.0
49.5
25.0
25.5
48.8
25.3
25.9
48.5
25.5
26.0
41.9
28.7
29.4
46.9
25.0
28.1
38.5
26.9
34.6
49.0
25.2
25.8
46.2
26.4
27.4
49.7
25.0
25.3
42.6
26.2
31.2
44.6
27.4
28.0
39.2
29.4
31.4
49.2
25.0
25.8
49.1
25.0
25.9
36.7
27.6
35.7
49.6
25.1
25.3
40.6
25.2
34.2
44.1
25.4
30.5
48.5
25.4
26.1
37.0
29.3
33.7
42.1
27.1
30.8
39.3
29.7
31.0
47.9
25.0
27.1
48.1
25.0
26.9
48.0
25.5
26.5
36.5
29.1
34.4
42.2
26.0
31.8
40.4
27.8
31.8
39.3
26.3
34.4
43.4
27.5
29.1
48.8
25.3
25.9
46.5
25.3
28.2
46.0
25.9
28.1
44.7
26.9
28.4
45.6
27.1
27.3
44.5
27.5
28.0
47.8
25.5
26.7
41.7
26.5
31.8
45.9
26.7
27.4
39.2
25.4
35.4
49.5
25.1
25.4
41.8
26.1
32.1
36.9
28.2
34.9
37.7
27.6
34.7
35.4
26.5
38.1
40.2
25.6
34.2
49.3
25.3
25.4
47.5
25.9
26.6
43.3
28.0
28.7
49.3
25.2
25.5
42.5
27.4
30.1
40.1
25.9
34.0
41.8
25.8
32.4
44.6
27.0
28.4
48.7
25.4
25.9
39.0
26.7
34.3
49.6
25.0
25.4
48.7
25.4
25.9
36.9
25.4
37.7
42.3
27.0
30.7
36.3
29.7
34.0
37.9
28.2
33.9
39.4
25.4
35.2
38.1
27.2
34.7
48.4
25.6
26.0
36.9
29.1
34.0
43.3
26.8
29.9
46.7
26.2
27.1
37.5
30.1
32.4
44.3
27.4
28.3
42.1
27.3
30.6
35.9
30.7
33.4
42.5
25.8
31.7
41.8
25.1
33.1
37.5
28.7
33.8
35.0
27.4
37.6
46.3
25.2
28.5
45.7
25.8
28.5
49.0
25.3
25.7
35.6
25.0
39.4
47.9
25.8
26.3
45.6
25.9
28.5
48.3
25.5
26.2
37.5
29.2
33.3
49.8
25.0
25.2
35.6
29.8
34.6
39.5
26.2
34.3
39.8
26.9
33.3
37.3
28.0
34.7
38.1
29.6
32.3
45.1
25.1
29.8
36.4
25.3
38.3
43.7
25.0
31.3
47.8
25.8
26.4
41.9
25.5
32.6
36.2
25.7
38.1
41.8
28.7
29.5
45.5
27.0
27.5
42.5
28.5
29.0
46.7
25.8
27.5
40.6
27.4
32.0
37.2
28.8
34.0
48.0
25.3
26.7
41.0
29.4
29.6
44.5
25.6
29.9
39.9
27.2
32.9
41.7
27.1
31.2
49.8
25.0
25.2
41.3
25.6
33.1
47.5
25.2
27.3
44.2
26.9
28.9
45.6
25.3
29.1
