28 9 86 10 77 38 73 11 59 14 22 22 69 45 17 3 66 14 77 17 
22 6 83 12 76 36 68 9 57 10 22 21 68 41 18 1 65 7 76 14 
28 9 86 13 78 38 71 11 58 14 25 22 67 45 17 5 66 14 77 18 
28 10 86 10 76 38 73 10 60 14 24 22 68 47 17 6 63 14 76 18 
23 6 84 10 76 38 71 9 58 11 23 19 69 44 17 2 62 9 77 17 
21 7 80 12 76 37 68 8 54 8 19 18 67 41 17 1 65 8 76 14 
24 9 83 13 76 36 73 9 60 13 24 20 69 44 18 6 63 11 75 18 
22 9 82 9 77 38 70 8 56 9 21 18 68 41 17 2 63 7 75 14 
21 9 84 9 76 38 67 10 57 12 17 20 68 41 16 2 62 6 76 14 
21 8 83 10 76 38 69 10 54 8 18 20 69 42 17 1 62 7 75 14 
22 6 85 9 76 36 72 11 57 13 23 20 67 43 18 1 63 8 75 16 
18 6 80 12 78 36 67 10 54 9 17 21 67 42 15 1 62 9 75 12 
27 10 86 13 78 36 73 11 57 14 23 20 68 47 19 4 65 13 77 19 
22 8 84 9 76 37 69 11 58 8 18 21 69 45 17 2 65 11 75 16 
26 9 86 12 77 38 73 11 60 13 24 19 69 47 16 4 66 11 77 19 
27 10 85 13 78 38 70 12 59 11 25 21 69 47 17 3 66 14 76 19 
19 7 81 10 77 37 68 9 58 10 21 18 68 41 17 1 62 10 77 13 
19 8 82 11 76 36 68 11 55 9 19 20 67 41 15 1 62 6 75 12 
21 9 84 9 78 36 72 10 55 12 23 18 69 46 18 4 62 8 75 16 
20 7 81 9 76 36 69 10 56 10 21 21 67 41 15 1 62 8 77 12 