61 70 65 63 59 67 59 63 59 65 63 58 60 66 60 62 60 60 63 66 
61 69 65 62 59 65 62 64 60 67 65 60 61 68 61 64 61 61 61 66 
63 67 65 62 59 65 62 62 60 67 65 58 62 68 61 61 58 60 61 67 
56 62 63 62 57 61 52 57 60 61 61 55 60 64 55 58 54 55 54 62 
64 69 65 63 59 65 62 64 60 67 63 57 62 68 58 64 62 61 62 66 
57 65 63 61 57 64 55 57 58 61 63 54 60 66 55 59 55 55 54 61 
62 70 65 63 59 65 61 65 60 68 64 60 62 68 61 61 62 61 64 69 
58 66 65 63 57 64 57 63 60 67 63 59 60 65 58 63 58 57 58 67 
59 68 65 63 59 64 57 62 59 69 64 57 62 67 58 60 58 58 59 69 
60 68 65 61 59 67 59 60 59 66 64 58 60 66 58 61 57 58 59 66 
54 65 64 62 59 64 56 60 58 65 64 55 60 67 55 58 55 57 55 63 
59 66 63 61 57 64 55 62 58 62 61 55 62 64 58 59 58 56 59 64 
55 66 64 63 59 61 54 62 60 62 62 57 61 67 55 60 57 56 55 64 
57 68 64 61 57 63 55 63 58 64 63 55 61 68 60 59 59 57 59 66 
54 65 65 63 57 61 53 60 60 62 63 56 60 66 55 61 56 54 54 63 
61 70 65 63 59 67 62 65 59 67 64 59 61 66 58 64 60 61 61 67 
63 70 65 63 59 67 59 62 60 67 65 59 62 66 61 64 60 61 64 69 
58 66 63 63 59 64 59 61 58 67 61 59 61 64 60 61 59 60 60 66 
59 66 63 61 59 63 57 61 60 65 64 59 62 66 60 61 60 60 62 68 
56 67 65 63 57 62 54 62 58 63 61 58 60 66 55 59 56 56 57 62 