79 83 92 85 87 89 80 80 85 83 80 84 79 91 82 87 81 88 90 86 
76 77 93 84 86 83 77 76 81 78 80 79 81 87 77 81 77 84 85 85 
77 82 92 87 87 88 80 78 83 81 80 86 81 91 80 85 79 84 93 83 
77 82 91 83 86 87 80 80 85 84 81 83 80 88 82 86 80 88 91 85 
75 77 90 85 86 88 79 76 82 81 82 80 81 88 78 82 77 83 90 85 
80 80 93 86 87 89 80 80 83 85 81 86 80 89 80 86 81 88 93 86 
81 83 93 86 88 89 80 80 83 85 82 86 80 92 82 87 81 86 90 85 
80 79 93 87 88 89 77 80 82 84 81 86 80 92 79 87 80 85 93 85 
72 75 90 81 87 85 74 77 81 79 80 77 80 85 79 80 78 80 86 84 
71 73 89 79 86 86 76 76 78 77 81 76 80 86 77 78 77 83 83 82 
75 79 89 84 87 85 77 79 81 80 81 83 81 86 77 83 81 82 90 86 
79 81 92 88 88 89 79 78 86 83 81 85 81 92 82 86 79 87 93 86 
78 81 91 84 86 88 78 80 85 79 82 80 79 90 82 83 80 86 89 83 
73 74 92 79 87 86 74 76 81 79 81 78 79 84 76 81 80 80 84 82 
81 81 93 88 88 87 80 80 86 85 82 86 81 92 82 87 80 86 93 84 
76 76 93 81 88 84 77 78 83 80 80 83 79 90 78 84 81 82 90 83 
77 75 90 84 87 87 77 77 79 80 80 81 81 88 79 82 80 81 88 85 
79 83 93 88 87 88 80 80 84 82 82 86 81 90 81 84 81 88 91 86 
73 73 92 80 87 83 74 78 80 78 80 78 79 87 78 78 77 83 83 82 
76 75 91 82 88 83 77 77 81 81 82 78 80 87 77 79 78 81 86 82 