83 65 78 83 76 69 78 80 70 75 72 66 67 83 87 69 91 71 70 92 
85 63 78 81 77 69 77 81 70 75 74 64 67 81 87 67 90 72 72 91 
89 69 82 83 82 73 78 82 78 75 77 68 69 82 89 75 92 74 74 96 
89 70 83 83 82 73 76 82 78 75 76 69 69 81 91 73 92 74 74 96 
89 69 83 82 82 73 77 81 78 77 80 69 69 83 91 75 91 74 73 96 
89 71 84 81 82 73 79 81 77 75 80 69 68 81 90 76 92 76 74 97 
81 62 78 82 76 67 77 82 70 77 72 65 67 81 88 69 90 70 71 90 
88 69 80 82 79 71 79 82 74 75 79 68 69 83 90 75 90 75 71 97 
83 64 82 81 80 70 75 80 73 75 73 63 69 82 87 69 92 74 72 89 
91 68 84 83 80 73 78 82 78 75 80 67 69 83 89 77 90 76 74 95 
82 64 81 81 80 71 76 82 71 77 73 63 69 83 87 70 92 71 70 89 
83 65 81 81 80 68 77 80 71 75 77 64 68 81 89 71 90 73 71 90 
87 67 83 82 80 69 79 80 76 75 75 65 68 81 91 74 92 73 74 93 
86 64 81 83 81 71 78 81 76 75 74 68 69 81 88 73 90 71 73 92 
88 68 79 82 79 70 79 82 73 75 74 68 69 82 89 71 91 74 73 95 
91 67 81 83 80 70 79 81 78 75 77 66 67 81 91 73 92 75 74 96 
89 71 83 83 81 73 78 80 76 76 80 68 67 83 90 77 90 76 74 98 
85 63 80 83 78 68 75 82 74 75 75 63 67 83 87 71 90 70 73 91 
85 67 80 83 81 71 75 80 73 77 75 66 67 82 87 74 91 71 74 92 
85 68 80 83 77 70 78 80 72 77 78 66 69 83 89 74 90 73 72 91 