70 88 62 85 67 85 77 89 62 73 71 85 90 72 71 59 76 55 88 73 
71 91 68 86 72 85 85 92 66 74 71 86 92 76 70 62 76 60 89 73 
65 86 61 83 62 82 75 85 60 70 71 84 90 73 70 54 74 54 86 69 
74 91 69 83 69 84 81 91 63 73 73 85 92 73 71 60 76 60 91 71 
67 86 63 85 67 82 77 88 61 70 73 83 91 71 71 55 74 58 87 72 
66 83 61 82 64 82 78 84 59 71 71 84 90 70 70 54 74 54 83 71 
67 86 62 82 62 82 75 84 61 73 71 84 90 70 70 57 74 56 83 69 
69 89 65 83 70 82 80 90 62 74 73 83 90 71 71 58 74 55 86 70 
67 88 62 83 64 84 78 86 63 72 72 85 92 74 69 55 75 56 87 69 
69 88 67 83 67 86 84 89 63 72 72 86 92 74 71 59 74 57 91 70 
67 83 60 83 62 82 76 86 60 70 73 82 90 73 69 54 74 54 84 69 
70 91 65 86 67 85 80 93 62 73 73 83 94 73 69 61 74 57 88 73 
68 87 68 84 69 85 80 91 64 71 71 83 92 73 71 60 74 59 87 69 
72 93 67 86 69 85 82 94 63 73 73 84 93 73 71 60 76 60 91 73 
64 84 63 82 62 84 78 84 61 73 72 85 92 70 71 54 75 55 84 70 
64 85 60 83 64 81 75 84 58 71 71 82 92 70 69 54 76 56 83 69 
68 91 65 86 67 85 83 91 65 74 71 86 91 73 71 57 74 56 86 69 
73 90 67 85 70 86 85 90 62 71 73 85 94 74 69 62 76 59 89 72 
74 91 70 86 72 86 83 94 65 74 73 86 94 76 71 60 76 58 91 71 
72 90 64 83 68 83 81 88 63 74 71 83 94 72 71 60 76 60 89 71 