92 78 92 88 50 59 85 52 96 70 66 63 80 60 91 89 51 87 63 89 
94 77 93 87 52 61 89 56 98 70 69 63 81 63 92 90 52 85 63 89 
91 74 92 84 48 59 86 52 95 70 63 64 80 60 89 88 50 83 59 85 
95 80 94 90 50 61 87 57 99 72 68 65 83 65 95 90 55 85 61 88 
96 79 93 90 52 62 87 57 99 71 71 65 84 64 93 92 56 87 62 89 
89 75 92 85 51 61 83 52 95 66 64 63 78 57 90 84 47 85 61 83 
91 72 92 84 50 60 85 50 94 66 65 64 79 59 90 88 49 84 61 86 
91 74 94 84 50 61 88 53 98 68 66 63 80 59 90 88 50 85 61 86 
92 77 92 88 50 61 86 55 95 67 68 65 81 59 90 89 54 84 62 87 
93 75 92 85 52 60 85 54 95 70 67 65 79 61 90 89 50 83 63 85 
98 79 94 90 52 60 89 57 99 72 71 65 83 65 94 92 56 87 63 91 
88 74 92 82 48 59 83 52 92 67 63 63 79 59 86 87 48 85 59 81 
96 79 92 87 48 62 89 56 98 69 67 63 83 63 94 90 52 84 62 85 
89 73 94 83 48 61 84 49 92 68 63 63 81 61 89 88 49 85 59 84 
94 77 93 90 50 60 89 55 99 70 68 65 83 64 93 88 52 85 61 87 
91 74 92 85 49 58 83 50 93 66 64 63 80 59 88 88 49 84 59 83 
89 72 92 82 48 58 84 51 96 67 66 63 79 59 88 85 48 84 62 81 
88 73 92 83 49 60 83 51 95 66 66 65 79 61 86 85 49 85 62 84 
92 76 92 87 48 60 83 52 97 67 65 64 81 59 92 86 49 83 60 83 
96 78 94 87 52 61 87 57 98 71 70 65 82 62 92 89 55 85 60 89 