69 11 18 57 51 29 12 10 24 19 28 50 52 15 18 65 27 22 53 44 
63 9 19 56 48 23 12 9 20 14 22 51 46 15 14 63 26 23 53 40 
59 10 18 56 50 26 10 10 20 14 22 49 46 15 10 63 26 21 53 40 
65 9 17 53 50 27 10 11 22 16 25 52 52 15 18 63 28 21 55 41 
65 11 19 57 49 25 10 9 25 16 26 50 49 15 14 64 28 22 55 44 
67 9 20 56 49 27 12 9 25 19 28 50 51 16 20 63 29 21 55 42 
60 11 19 53 50 23 12 9 21 12 26 52 49 15 13 65 26 22 55 41 
67 11 19 54 49 26 12 10 26 16 24 51 49 17 14 64 26 22 54 42 
69 11 18 57 49 27 12 10 24 18 27 53 52 17 20 64 29 22 54 45 
59 9 17 53 47 23 10 10 20 13 22 49 47 16 10 64 24 22 53 41 
64 9 16 55 47 26 12 11 21 11 22 51 50 17 14 63 28 23 53 43 
67 9 19 57 51 25 11 9 25 17 26 50 49 15 15 65 30 23 53 42 
68 9 18 56 51 28 10 9 25 17 28 53 51 17 19 65 29 23 53 45 
69 11 18 56 51 29 12 11 26 17 27 53 52 16 20 65 30 23 55 44 
66 11 16 57 50 24 11 10 22 16 24 49 48 17 13 65 29 21 53 44 
67 9 20 57 50 29 12 9 26 19 28 53 52 17 20 65 28 23 53 45 
67 11 17 55 51 27 12 11 24 19 28 53 52 17 18 65 30 21 55 43 
62 11 18 56 48 26 10 10 23 15 24 49 50 17 15 63 27 23 55 41 
69 11 20 55 48 29 12 9 25 16 26 51 51 15 20 65 30 23 55 45 
69 11 19 54 51 27 12 11 25 16 26 53 50 15 17 63 29 23 55 44 