36 61 62 65 34 63 19 25 11 10 26 30 36 73 50 51 66 73 25 72 
44 61 66 69 43 65 25 32 15 18 26 31 38 75 55 58 72 73 26 74 
39 60 64 69 36 65 18 28 14 14 24 31 35 73 51 52 68 71 25 74 
44 60 65 69 39 65 21 27 11 17 26 29 37 77 54 56 69 72 28 74 
46 60 68 69 43 65 25 32 14 19 26 31 40 77 55 59 72 71 27 73 
46 62 68 70 43 65 23 32 15 19 25 31 39 76 55 60 71 73 28 74 
41 60 64 67 36 63 22 25 12 12 24 31 37 73 50 56 69 71 24 72 
42 62 66 69 40 65 20 27 10 16 26 29 38 75 51 54 71 71 26 74 
36 61 62 66 33 61 18 22 9 10 24 29 34 71 47 52 67 71 22 74 
45 62 66 70 40 63 21 29 13 16 26 30 39 77 55 56 69 73 27 74 
39 62 64 64 35 61 20 24 9 11 26 31 36 72 49 50 67 73 22 72 
38 60 64 64 33 61 19 22 11 11 24 29 34 72 49 52 66 71 24 74 
44 62 66 68 43 65 24 30 14 17 26 31 40 77 54 60 72 73 27 74 
40 61 65 68 35 62 17 27 12 11 26 29 34 72 47 53 67 72 23 73 
36 60 63 64 35 61 17 24 11 9 26 29 34 71 48 52 66 73 22 72 
38 62 65 67 37 62 17 22 12 10 26 31 35 71 50 50 68 71 25 73 
41 60 66 65 38 61 20 26 9 13 25 30 38 71 48 52 66 73 24 72 
45 60 67 70 42 65 25 32 15 19 25 31 39 77 55 60 70 71 28 74 
38 60 62 66 33 61 21 25 12 13 26 29 34 72 48 54 66 72 24 73 
45 61 66 69 40 65 25 30 15 19 26 30 40 77 55 60 70 71 26 74 