8 49 40 77 21 29 33 48 74 13 20 76 19 63 14 41 41 55 66 31 
12 48 46 84 25 30 32 50 78 13 23 81 20 68 19 45 43 60 66 34 
10 49 46 82 24 33 34 52 78 14 23 79 18 70 17 44 44 57 66 35 
10 49 46 79 25 30 33 51 76 13 25 82 22 71 18 42 42 61 66 35 
11 47 45 80 25 31 33 50 77 13 24 78 17 69 18 39 44 59 66 34 
5 47 39 74 22 29 31 46 75 15 20 74 15 62 13 38 39 52 64 28 
9 47 42 77 25 32 32 50 74 14 22 79 20 69 16 43 43 59 66 33 
8 47 41 79 23 32 34 47 75 14 22 79 20 68 18 39 43 56 66 29 
6 48 40 74 22 29 33 48 74 13 21 74 16 63 13 38 39 54 64 28 
13 49 47 78 22 30 33 51 79 14 24 78 19 68 17 42 41 56 64 35 
15 49 49 83 23 33 35 53 79 13 26 81 20 71 19 46 44 62 66 34 
11 49 42 80 22 32 32 50 77 13 24 80 18 68 16 38 39 58 66 30 
15 48 47 82 23 32 35 53 77 15 24 84 23 69 19 43 45 61 66 36 
13 47 46 82 24 30 34 48 78 15 22 80 21 67 16 42 44 58 65 33 
9 47 45 78 24 33 34 52 77 13 23 78 18 67 15 42 42 58 66 32 
10 49 41 79 23 31 35 46 73 15 24 76 17 65 14 40 40 58 66 32 
6 47 40 74 22 31 31 45 73 13 21 74 15 62 14 36 39 52 64 28 
10 47 41 76 22 33 33 47 75 14 21 80 20 64 14 38 42 56 66 32 
9 49 46 79 23 33 35 49 76 15 24 78 18 66 19 41 43 60 65 34 
8 47 42 75 21 29 32 45 74 15 19 77 17 64 15 38 41 53 64 30 