63 30 17 4 5 77 52 78 69 15 21 52 88 58 63 25 8 36 28 69 
61 29 18 5 1 79 48 78 65 14 22 54 85 55 63 23 7 35 25 69 
64 32 18 6 3 80 53 76 68 14 22 57 87 58 61 27 6 37 30 68 
63 32 19 6 5 78 53 79 69 13 23 55 91 59 62 26 7 37 27 71 
66 30 19 6 5 79 55 79 68 14 23 57 91 58 61 28 7 40 28 70 
56 30 17 4 2 77 45 74 64 11 21 52 81 55 59 22 7 35 24 69 
63 31 19 5 4 77 51 79 68 15 22 55 89 56 62 27 9 38 28 68 
57 28 17 5 1 76 47 74 66 14 21 53 83 58 59 21 7 37 24 67 
58 31 18 5 3 76 49 75 65 12 23 54 83 57 59 21 7 34 25 68 
59 30 18 4 1 76 47 74 67 14 22 55 83 56 59 25 5 37 25 70 
63 31 17 6 6 79 54 78 69 14 21 54 87 58 63 26 8 36 26 70 
62 29 19 5 6 80 54 79 70 13 23 57 89 57 61 25 7 38 30 71 
66 32 19 5 5 80 53 76 67 15 22 54 88 59 63 25 7 40 28 71 
56 28 17 4 1 77 47 73 66 13 22 52 81 55 59 22 5 32 26 68 
57 31 17 5 1 76 47 73 64 13 23 51 81 58 61 22 7 33 26 67 
60 32 17 5 2 79 51 79 67 14 23 53 85 58 63 27 9 36 28 71 
64 32 18 5 4 80 52 79 70 15 22 56 86 59 60 25 7 37 30 69 
66 31 19 6 4 77 51 78 70 14 23 55 89 59 61 26 8 40 29 68 
57 28 17 5 1 76 47 75 65 12 21 51 83 55 59 20 6 34 24 68 
58 30 17 5 3 78 47 76 64 13 21 51 81 58 59 21 6 36 25 70 