13 42 79 99 63 52 78 15 8 50 79 82 99 39 35 45 69 8 78 53 
11 48 79 98 61 52 78 17 7 49 80 82 99 36 34 45 69 4 79 51 
16 48 78 98 62 50 77 15 10 50 78 82 96 40 36 44 71 8 80 53 
8 41 79 99 58 51 83 17 8 50 77 81 98 37 32 45 71 6 77 55 
10 42 77 98 57 51 78 15 9 49 78 83 99 41 32 43 69 9 77 55 
12 46 78 99 61 50 79 15 8 51 77 83 97 42 35 45 68 2 78 51 
11 42 79 98 59 50 82 16 8 51 78 82 97 43 33 45 70 3 80 51 
10 41 79 98 58 52 77 15 8 49 80 83 96 42 33 45 70 7 79 52 
18 47 79 99 65 51 77 15 7 49 77 82 97 41 34 44 70 9 79 53 
8 42 77 99 63 51 83 16 7 49 80 81 99 43 34 45 72 5 80 54 
9 44 77 99 61 50 82 17 8 49 79 82 99 38 35 44 72 8 80 54 
15 49 79 99 65 51 82 16 8 50 78 82 95 44 33 45 72 10 80 51 
10 41 78 98 62 52 81 17 9 51 77 82 96 37 35 44 70 10 78 53 
9 45 78 99 58 51 82 16 9 49 76 83 97 43 35 43 70 9 79 55 
12 49 78 98 65 51 77 17 8 51 79 83 96 40 33 45 70 5 78 54 
15 41 77 99 64 51 83 16 7 51 76 83 95 36 35 44 68 10 78 53 
11 43 78 99 62 51 80 17 10 51 77 83 98 40 36 45 71 5 77 55 
16 47 79 99 60 50 77 16 10 49 77 83 95 40 33 45 70 3 78 51 
17 48 78 98 59 50 82 15 6 51 76 82 95 38 32 43 70 6 79 53 
12 41 78 98 64 52 80 15 10 51 79 81 99 37 34 43 71 6 81 51 