50 53 46 46 45 53 54 50 52 51 54 51 52 49 52 54 59 52 50 53 
50 49 47 49 51 55 55 50 47 53 53 51 51 50 53 59 58 54 50 50 
49 53 50 42 47 56 54 52 50 46 53 50 53 46 53 57 54 56 52 49 
49 49 48 52 50 59 55 50 54 47 52 49 52 47 52 53 56 56 49 51 
49 50 48 51 51 55 53 51 51 45 54 52 51 47 52 55 55 54 52 51 
50 47 47 47 50 60 53 51 50 45 53 49 50 45 54 54 58 54 47 50 
55 53 48 42 45 53 55 51 47 47 52 48 48 50 53 60 57 52 52 53 
50 55 46 48 48 58 53 48 49 50 54 52 48 49 54 54 60 53 48 49 
48 55 50 44 48 57 55 47 47 50 52 49 53 48 53 51 59 51 49 51 
49 56 48 45 51 61 55 48 44 52 52 46 51 49 52 54 53 58 49 54 
54 50 47 42 43 58 53 55 51 50 54 47 52 47 53 52 59 50 47 53 
52 47 48 45 46 59 55 50 46 47 53 51 50 49 52 60 58 57 46 51 
51 47 48 46 51 53 54 50 51 49 52 46 49 45 53 58 60 51 46 52 
52 48 46 52 48 57 53 52 54 47 53 49 52 50 53 51 60 48 48 51 
57 50 50 44 49 61 55 49 46 54 52 49 49 46 54 60 56 48 50 49 
54 51 50 43 51 58 55 55 54 55 52 46 51 47 52 57 53 49 48 52 
51 48 50 43 49 60 54 51 49 51 52 48 50 49 54 60 59 55 50 50 
54 48 47 45 50 53 55 49 51 55 54 52 48 50 52 56 57 58 47 54 
52 47 48 45 45 54 54 49 53 52 53 51 50 46 54 54 55 50 50 49 
56 48 46 47 43 54 55 55 46 54 54 50 52 45 52 59 60 49 49 50 