29 25 33 42 33 23 21 36 29 33 32 23 39 25 30 36 29 36 35 38 
27 23 31 41 29 21 23 37 30 33 29 26 39 25 31 32 28 36 36 39 
31 27 35 37 31 22 22 31 29 25 30 29 39 23 29 34 34 34 35 41 
26 25 39 41 28 22 20 34 30 30 27 23 38 25 30 32 29 31 36 38 
34 27 33 40 28 24 23 32 30 35 29 29 39 24 29 33 33 36 36 39 
27 25 30 42 29 23 24 35 30 27 33 25 39 25 31 30 29 37 35 41 
30 25 37 41 29 22 24 34 28 32 31 22 38 25 30 35 30 36 37 41 
35 25 38 40 33 25 24 34 30 27 25 30 40 23 30 35 30 37 37 40 
29 23 35 43 33 21 20 36 29 29 26 29 38 25 29 34 34 34 35 39 
27 26 31 42 32 22 29 32 28 35 28 30 40 25 31 34 31 33 35 42 
34 24 29 43 28 25 21 34 28 35 24 28 39 25 30 31 33 32 36 38 
30 23 36 39 27 22 22 34 29 34 24 27 39 24 30 35 29 32 35 40 
26 25 35 38 25 25 22 32 28 33 28 20 38 25 29 34 34 34 37 38 
34 26 36 40 28 24 29 32 30 32 29 20 40 23 31 32 34 33 37 39 
35 27 30 40 29 24 24 35 29 30 33 20 40 23 30 36 30 37 36 38 
27 26 39 43 28 23 24 33 28 34 33 23 39 24 29 30 31 38 35 38 
31 25 38 41 26 24 28 31 28 33 32 23 40 23 29 33 29 33 36 39 
33 27 31 38 28 25 23 31 28 29 28 22 40 25 31 30 32 36 37 40 
25 23 31 38 27 24 24 36 29 31 32 22 40 24 29 32 34 32 37 40 
32 24 34 40 25 22 21 37 30 25 30 27 39 25 30 34 31 38 37 39 