23 10 21 3 11 4 12 9 25 26 11 5 11 28 8 35 18 19 9 30 
18 12 21 5 15 6 9 7 26 26 18 6 13 29 4 37 14 24 11 29 
26 12 23 5 9 5 6 13 27 26 19 6 10 29 7 35 10 18 10 29 
21 13 26 6 14 6 8 14 25 26 14 4 11 28 7 32 18 25 10 33 
18 10 25 7 7 5 7 14 27 26 16 4 11 28 4 37 16 24 12 33 
23 13 26 6 10 5 6 7 25 26 15 5 13 30 10 37 18 18 8 26 
24 13 21 4 13 5 10 13 28 25 17 4 13 30 6 36 14 24 8 30 
22 10 24 4 12 4 7 13 26 24 11 5 14 31 14 37 10 21 11 26 
16 9 25 6 7 6 11 7 27 25 11 5 14 31 4 31 18 17 10 33 
18 12 20 5 8 6 10 8 24 26 19 6 14 31 9 35 12 22 12 27 
18 13 23 7 7 5 12 14 26 26 16 5 12 30 4 34 11 20 10 36 
22 13 23 3 12 5 9 9 28 25 16 6 11 32 9 29 16 25 9 30 
25 10 25 5 10 4 10 13 28 25 19 6 10 30 6 28 10 23 10 31 
25 9 25 5 13 6 9 14 25 24 15 6 14 29 5 34 15 20 9 27 
19 12 26 4 13 4 9 8 24 24 12 4 13 29 13 31 16 22 9 35 
26 9 23 7 13 4 7 6 26 26 19 5 11 29 14 37 11 20 10 36 
19 12 23 4 7 4 9 6 25 24 18 6 14 29 8 36 20 25 12 36 
18 10 21 4 12 5 11 8 28 25 13 6 12 32 6 33 14 17 9 33 
20 13 22 5 15 4 9 14 24 25 20 5 10 30 8 31 15 20 10 34 
25 9 24 3 13 5 8 6 27 25 19 6 11 29 14 29 13 19 9 36 