83 60 76 56 53 53 59 85 51 51 67 85 83 74 85 66 62 71 77 88 
76 60 76 55 56 49 59 81 59 52 66 83 83 79 85 65 64 71 79 86 
77 61 77 58 58 52 60 82 59 48 68 85 81 78 87 67 62 71 80 89 
83 60 78 56 55 50 59 80 58 48 66 86 81 75 83 66 63 71 77 86 
80 62 76 53 57 48 60 84 56 51 67 85 76 79 88 65 63 66 77 89 
74 60 78 58 54 51 60 82 55 47 66 86 76 73 84 67 63 69 80 86 
83 61 77 59 59 49 60 79 56 46 67 83 77 74 89 67 63 71 78 85 
75 60 76 60 54 50 60 78 54 47 66 82 84 74 86 68 63 67 77 87 
80 62 78 54 53 51 58 80 52 52 68 84 79 76 89 64 63 69 80 85 
75 61 78 50 57 48 59 80 52 50 66 82 84 79 84 67 64 72 79 87 
79 60 76 58 57 46 60 80 56 51 66 83 80 73 86 68 63 69 78 89 
80 62 77 50 59 52 60 78 54 52 66 83 78 75 85 66 64 70 77 85 
79 60 78 57 58 46 60 81 54 47 66 86 83 73 83 66 62 71 77 89 
81 61 78 56 53 51 58 82 59 52 67 85 83 77 87 67 62 68 80 89 
81 61 78 52 53 48 59 84 56 51 67 85 80 77 83 67 64 68 80 88 
81 61 78 60 53 51 58 82 56 51 68 85 78 80 89 66 64 72 80 89 
73 62 76 58 53 48 58 77 53 51 68 85 84 74 87 64 64 69 77 88 
81 62 76 54 58 53 58 80 55 51 66 84 77 72 86 68 62 67 80 89 
80 62 77 59 57 49 60 78 57 47 68 86 77 76 87 65 62 69 77 85 
74 62 78 57 55 52 59 79 55 47 66 86 76 78 86 66 62 69 79 88 