71 49 71 41 35 30 43 52 62 48 55 68 42 51 64 70 45 52 40 74 
73 49 64 44 37 28 46 54 58 42 53 67 43 48 65 75 42 55 44 77 
78 47 66 42 33 32 48 50 53 41 52 68 41 47 67 74 43 53 39 76 
72 48 72 46 36 28 47 55 56 48 53 67 43 53 67 73 42 53 39 73 
70 47 69 47 32 28 46 53 59 48 54 63 43 51 66 72 43 51 43 76 
75 48 69 47 31 31 45 46 60 47 55 69 42 55 67 72 46 55 42 79 
71 49 64 44 31 30 49 52 56 47 54 64 42 56 65 75 44 55 43 81 
78 49 64 47 36 32 46 50 55 42 56 68 41 56 63 68 43 55 38 73 
72 49 64 42 32 30 48 53 60 42 55 64 41 49 66 74 44 51 40 79 
71 48 70 47 37 31 41 51 53 44 54 63 43 55 67 75 45 51 40 80 
79 49 68 46 33 30 44 56 61 46 54 69 42 54 67 70 46 53 42 81 
78 48 66 48 32 32 48 56 62 45 54 67 41 55 64 75 43 52 39 83 
72 47 64 49 31 28 42 46 53 49 55 67 43 53 67 75 42 51 44 76 
77 49 65 46 33 30 47 49 57 45 53 65 43 53 63 68 44 52 41 79 
71 47 69 41 32 30 46 50 55 45 55 69 42 54 65 76 46 51 42 79 
74 47 67 49 34 28 48 49 61 47 55 69 41 52 67 70 43 52 39 82 
77 49 70 44 37 30 49 46 55 42 55 65 43 49 67 70 44 51 41 77 
72 48 64 44 37 29 45 50 53 49 52 64 43 48 66 70 42 53 41 73 
69 49 68 43 32 31 48 49 55 41 52 65 42 51 67 69 45 54 38 77 
72 48 64 43 31 32 46 50 57 49 53 64 43 47 63 68 46 54 38 76 