51 32 54 49 75 54 53 67 47 40 53 48 25 41 39 64 76 36 63 45 
48 32 46 48 76 55 51 69 44 44 57 44 25 40 37 64 79 35 72 49 
47 33 55 49 74 55 55 63 45 45 49 47 27 39 37 62 75 37 66 46 
51 34 54 49 74 57 55 62 51 47 54 44 26 39 39 62 76 36 69 46 
53 32 53 49 77 55 52 68 53 39 55 44 25 43 39 64 75 35 68 48 
53 32 48 48 81 58 53 64 49 47 50 45 27 43 39 64 79 37 65 45 
50 33 48 49 76 58 52 70 50 38 55 46 26 43 38 64 77 35 67 46 
55 34 54 47 78 56 52 62 45 41 52 46 27 40 35 62 75 37 68 46 
51 34 47 48 77 57 55 69 49 40 49 46 27 40 35 64 75 36 63 48 
47 34 54 47 73 57 55 62 50 37 55 44 27 42 39 62 75 35 63 48 
55 33 48 47 78 58 55 70 53 41 57 47 27 43 39 60 78 36 70 45 
49 33 51 47 78 54 51 65 52 42 55 45 25 43 38 62 77 35 71 49 
50 34 54 47 72 56 53 66 48 46 56 48 27 43 36 65 76 35 68 48 
48 34 55 47 81 58 53 68 52 43 54 48 25 40 39 60 76 37 65 49 
55 32 49 49 80 56 55 66 48 38 53 46 26 42 35 62 79 36 67 46 
54 33 48 47 74 57 55 69 52 47 51 48 26 41 35 63 78 37 70 48 
51 34 47 47 81 56 54 68 54 37 52 48 26 41 35 65 78 35 73 45 
54 33 48 47 78 55 54 70 48 41 49 45 25 43 36 60 76 35 72 47 
52 32 46 49 78 58 52 64 53 41 57 48 26 40 36 63 75 37 65 45 
52 32 54 49 74 55 51 64 46 41 49 46 26 40 36 61 77 36 68 47 