57 31 49 47 63 49 48 31 67 52 53 24 50 17 15 17 72 22 28 40 
52 31 46 48 73 49 46 29 70 55 47 27 46 17 14 15 68 22 28 46 
55 25 51 44 72 48 53 36 68 53 46 29 46 14 16 17 68 23 30 45 
59 23 51 53 71 48 48 33 67 52 50 30 48 13 13 17 72 22 29 45 
60 30 46 45 65 47 46 34 70 52 52 27 50 15 14 13 73 23 30 36 
50 27 46 50 72 49 48 35 70 53 52 27 46 16 12 18 69 22 30 39 
56 31 50 49 70 47 50 31 68 55 52 26 50 17 10 20 70 22 30 46 
54 28 49 52 66 49 56 31 71 52 47 24 49 18 13 18 71 23 28 44 
50 31 48 45 70 48 50 30 71 53 54 25 47 11 15 17 73 22 29 37 
50 28 50 54 69 47 53 30 69 55 45 24 49 17 11 17 72 23 30 46 
50 22 51 45 67 48 53 32 67 52 48 26 49 15 9 18 73 23 30 46 
53 27 48 45 63 47 49 30 68 51 46 28 45 15 11 21 73 24 30 42 
50 28 52 48 68 48 54 29 71 53 46 29 48 15 7 15 69 23 28 37 
51 25 46 48 66 49 46 32 68 52 50 28 45 14 9 17 72 24 30 42 
52 31 46 50 64 49 46 29 71 55 53 29 46 18 10 21 67 22 28 38 
54 30 50 46 70 47 53 33 71 55 47 25 46 11 16 16 69 23 28 42 
51 22 51 52 72 49 50 35 71 53 48 28 48 15 10 13 69 24 28 44 
52 23 47 47 72 49 46 29 67 53 54 30 50 11 12 19 68 23 29 43 
58 24 47 44 66 47 51 33 68 52 55 26 47 13 12 18 71 22 28 41 
57 30 52 49 73 48 47 33 67 51 47 29 45 18 15 20 69 24 30 38 