71 28 52 60 63 45 56 80 26 73 52 7 4 74 68 44 63 15 62 40 
63 27 53 57 62 45 52 75 19 77 53 14 2 66 69 47 66 10 62 41 
70 23 53 57 62 47 54 78 22 71 52 12 1 72 63 45 64 11 62 38 
63 26 53 60 60 41 54 81 23 76 53 12 7 70 65 46 64 18 62 39 
65 24 52 58 65 48 55 75 24 72 53 14 3 66 66 45 67 14 62 38 
66 31 53 58 64 49 56 73 18 77 52 11 4 67 63 44 69 12 64 40 
69 25 51 55 66 41 54 78 18 74 53 9 3 68 61 46 65 8 62 40 
61 26 51 58 66 41 55 78 24 73 52 11 7 69 63 46 63 10 64 38 
68 31 52 61 65 42 56 75 21 76 54 6 1 74 67 44 67 15 64 39 
61 26 52 59 58 46 54 74 21 75 52 6 5 72 62 46 65 16 63 37 
65 27 51 55 58 41 54 80 19 72 54 6 6 64 68 47 63 14 64 41 
66 25 51 61 61 44 54 81 24 74 53 14 1 74 64 43 63 14 64 39 
69 26 51 59 65 46 52 78 23 73 53 11 3 64 61 46 64 14 64 39 
62 30 51 57 63 47 55 71 24 76 53 9 1 69 67 46 64 17 63 38 
67 28 53 58 61 49 52 78 22 74 52 6 1 64 67 43 62 18 64 37 
63 24 51 56 58 46 54 72 18 77 52 9 1 72 69 43 69 18 63 39 
70 23 51 57 65 41 52 78 25 71 52 9 4 69 66 44 62 10 63 39 
69 29 51 57 58 43 53 73 23 76 54 11 4 65 68 43 69 15 62 41 
62 22 51 57 66 46 54 78 26 71 54 12 5 67 67 45 63 10 64 41 
71 27 51 55 63 46 53 78 18 75 53 14 7 66 64 43 61 18 62 41 