92 42 69 84 67 52 75 57 72 27 73 94 52 63 61 94 78 15 33 50 
93 40 76 84 74 52 70 60 72 24 73 92 53 66 57 95 81 16 34 59 
93 47 73 86 66 58 72 57 71 30 73 96 53 63 59 98 76 22 34 58 
97 45 74 87 72 56 76 57 65 25 73 95 52 67 57 99 71 20 33 52 
99 45 75 87 70 56 74 55 71 25 73 94 52 67 58 99 77 20 35 56 
99 40 74 85 71 58 75 60 66 28 74 97 52 63 62 94 76 20 34 58 
90 45 72 86 66 52 76 53 72 26 73 94 54 63 60 99 76 15 34 52 
97 41 76 84 70 54 72 63 70 26 72 93 52 63 61 99 81 22 35 58 
93 46 74 86 73 58 74 61 72 32 73 99 54 66 60 99 77 16 33 49 
90 41 70 84 69 52 70 57 68 28 73 91 54 67 62 99 72 14 33 53 
98 47 73 87 72 55 70 57 67 25 72 98 54 66 58 95 77 19 35 57 
96 39 68 87 71 55 76 60 65 24 72 92 52 65 58 97 77 16 35 51 
95 41 69 87 67 56 72 55 65 24 74 95 52 66 62 94 75 20 34 49 
91 40 70 85 73 56 71 61 66 28 72 91 52 66 57 99 80 21 35 49 
90 41 75 84 71 53 69 55 64 25 72 94 52 64 56 97 75 20 34 58 
99 44 73 84 70 52 71 61 66 32 72 96 52 65 61 99 77 17 35 54 
96 41 76 87 72 54 77 60 73 28 72 90 53 65 61 98 81 21 35 51 
92 40 68 85 68 56 76 56 66 32 73 92 53 64 56 96 79 22 35 49 
95 47 71 86 71 58 76 62 69 32 72 90 54 64 62 96 80 17 34 50 
92 41 71 86 67 57 73 62 74 26 73 90 54 66 56 98 80 16 34 54 