92 88 86 85 85 95 89 95 86 87 93 85 93 92 91 95 95 94 95 95 
33 30 35 30 32 36 33 32 31 36 35 31 32 36 34 36 30 31 30 36 
80 84 83 83 82 78 78 81 80 78 82 83 78 79 79 84 81 78 84 78 
27 23 24 25 30 28 22 27 24 28 26 30 25 26 28 23 28 28 28 30 
77 83 85 85 78 85 85 82 78 83 85 79 83 86 79 78 86 84 78 79 
94 94 91 94 89 90 94 95 87 92 87 89 96 89 93 91 89 93 89 88 
84 76 81 81 81 80 84 82 80 84 82 81 79 81 83 77 76 84 84 83 
38 40 36 38 38 36 39 38 37 39 38 37 38 37 36 40 37 38 39 39 
29 36 37 28 34 36 34 34 28 32 37 28 30 31 29 35 34 38 30 38 
52 51 50 50 52 52 52 51 51 52 50 50 51 52 50 51 51 50 50 50 
18 23 20 24 22 26 22 26 18 25 18 24 25 24 24 22 26 26 20 22 
11 9 8 13 7 11 10 12 11 10 11 10 13 10 13 9 9 7 8 12 
63 61 65 62 60 66 60 62 65 65 65 66 63 63 62 63 65 63 63 60 
97 97 97 97 96 94 93 94 97 95 94 95 97 94 94 94 93 95 94 96 
3 3 1 5 1 6 1 2 3 4 6 6 3 7 1 4 6 5 7 1 
93 88 89 90 92 88 92 90 89 92 89 93 97 93 87 94 96 97 88 96 
52 50 52 56 54 56 54 56 55 56 55 49 50 51 51 49 52 56 57 56 
19 20 24 20 24 18 23 24 22 20 21 24 18 24 20 18 20 23 21 20 
91 89 90 89 89 89 90 89 90 90 90 90 91 91 89 91 90 89 91 90 
62 58 62 60 61 61 59 62 58 58 60 59 58 58 62 58 60 59 60 61 