85 78 81 87 85 77 78 84 83 85 87 80 80 80 79 85 86 83 79 78 
92 91 92 92 90 91 90 90 92 90 90 90 91 92 90 92 90 90 90 90 
78 76 79 77 76 82 78 76 79 76 79 78 78 76 79 78 76 76 82 81 
92 92 90 91 93 92 85 87 93 86 88 86 91 91 93 85 87 93 88 93 
91 93 91 93 91 91 93 92 92 93 93 92 93 91 92 91 93 92 93 91 
89 87 87 88 89 88 89 87 88 89 88 89 88 87 87 88 89 89 89 87 
75 78 82 81 79 80 76 80 78 78 79 79 80 80 81 78 76 81 79 74 
95 95 90 89 93 88 93 92 94 96 89 93 93 91 92 95 96 89 95 94 
91 90 91 87 92 93 93 91 90 89 89 92 90 90 93 91 90 90 93 89 
73 77 73 76 78 74 77 72 73 77 77 73 73 77 73 76 78 72 76 74 
84 81 83 80 85 82 88 88 88 86 84 84 80 87 81 81 86 86 82 87 
83 82 88 85 88 83 83 85 86 88 84 82 84 87 87 87 84 85 88 87 
78 74 73 73 73 72 73 73 76 74 73 72 71 78 77 78 70 70 78 76 
76 77 79 76 77 78 77 75 74 80 80 76 75 78 74 77 75 79 77 76 
81 80 86 81 81 81 79 78 77 81 82 83 78 81 85 80 80 81 86 82 
76 73 74 73 74 71 76 76 77 74 77 71 73 76 77 72 77 73 73 75 
87 90 82 80 88 81 87 85 89 88 81 84 89 86 89 87 80 90 90 90 
88 93 94 93 93 91 89 94 91 94 94 92 92 96 94 92 89 96 91 91 
93 91 92 95 93 91 90 91 94 92 93 94 91 92 95 91 90 89 91 95 
81 91 91 90 87 90 91 86 91 82 81 91 88 84 89 84 87 85 82 89 