61 65 65 70 67 68 64 68 62 64 68 64 61 64 69 64 65 70 70 71 
86 86 86 84 86 85 85 84 85 86 86 86 86 86 84 86 86 85 86 85 
96 92 92 97 91 93 94 98 96 98 94 94 99 92 92 92 98 95 91 97 
92 90 91 92 91 91 90 91 90 90 91 92 90 90 92 92 91 92 92 90 
86 88 85 88 85 86 86 87 89 86 83 87 86 86 89 85 87 88 87 87 
74 74 74 73 73 74 72 72 73 74 72 72 72 72 72 73 74 74 73 74 
78 77 77 78 77 78 79 81 80 81 80 81 79 80 77 79 78 81 78 79 
73 72 69 71 72 73 70 69 73 69 73 71 71 74 72 71 74 69 70 75 
88 86 87 85 84 84 89 88 85 86 88 89 85 85 84 88 84 89 87 86 
74 65 66 66 66 66 71 71 72 68 64 66 64 70 65 67 68 65 67 67 
80 79 80 82 83 82 81 83 83 81 83 79 80 83 83 79 81 81 80 79 
72 71 71 73 72 72 72 73 72 71 72 73 71 73 71 72 72 72 72 73 
96 88 87 91 90 92 94 94 86 90 91 90 89 87 88 86 87 88 90 87 
70 67 68 64 66 71 65 69 68 64 65 71 68 65 72 70 72 67 67 69 
90 94 95 91 90 92 95 91 92 90 91 91 91 92 94 96 92 96 95 92 
89 92 90 91 90 92 92 90 93 92 91 89 91 92 89 91 89 93 93 91 
67 66 72 74 74 65 70 66 71 72 74 75 70 73 66 67 67 65 69 72 
86 89 89 86 85 85 84 85 88 84 88 87 89 87 84 85 86 86 87 89 
79 77 77 78 77 78 79 78 77 79 78 78 78 77 78 79 78 78 78 79 
67 68 69 68 70 67 68 67 69 69 70 67 66 68 70 68 67 66 68 70 