79 84 80 85 81 80 82 85 84 86 81 80 84 80 80 85 86 78 83 86 
74 75 75 74 73 75 73 73 75 74 74 73 73 75 73 75 74 75 75 73 
84 83 84 82 82 83 83 83 84 83 83 83 83 82 84 84 83 84 82 84 
97 95 94 93 97 93 95 95 95 95 97 94 97 94 97 96 96 96 93 94 
76 78 77 78 78 78 76 78 76 78 76 77 78 78 76 77 77 78 77 76 
91 87 86 84 86 91 84 87 84 83 89 89 88 82 82 91 89 88 92 84 
81 83 79 87 82 86 86 79 77 79 85 77 81 85 79 82 79 77 77 77 
77 75 77 77 75 75 78 76 76 75 74 74 74 74 77 77 77 78 77 74 
80 78 79 79 78 77 81 81 75 79 76 76 75 77 78 81 81 77 77 78 
64 63 62 64 63 62 63 62 62 62 63 62 64 63 62 64 64 62 62 62 
75 81 82 77 76 75 75 82 74 76 77 81 77 74 81 75 76 77 78 76 
96 88 89 89 96 94 93 88 90 87 95 90 88 96 89 87 93 92 86 91 
86 86 84 83 80 85 78 78 80 79 82 81 80 79 81 76 78 80 86 82 
93 93 93 95 95 93 95 93 95 93 94 93 95 94 95 95 94 95 93 95 
77 77 74 78 78 74 73 74 77 77 78 78 74 74 74 74 73 73 75 74 
82 81 82 84 82 82 84 85 85 85 81 81 84 83 82 85 83 83 82 82 
91 84 83 89 91 92 85 90 84 87 87 86 83 92 86 91 86 84 91 86 
75 71 71 72 71 73 73 75 71 74 74 74 72 72 75 72 75 71 71 73 
93 95 95 97 95 95 92 93 97 92 94 91 93 92 97 92 97 96 95 94 
74 72 75 73 72 78 80 73 76 72 80 78 78 80 73 80 71 78 81 73 