0  58   1  63   2  55   3  60   4  56   5  63   6  60   7  61   8  54   9  57  10  54  11  56  12  57  13  56  14  62  15  55  16  57  17  56  18  55  19  60 
  0  56   1  56   2  58   3  57   4  58   5  58   6  57   7  56   8  57   9  56  10  57  11  57  12  57  13  56  14  56  15  58  16  56  17  56  18  57  19  57 
  0  65   1  63   2  62   3  64   4  65   5  65   6  63   7  61   8  64   9  62  10  62  11  63  12  61  13  61  14  63  15  64  16  62  17  62  18  61  19  65 
  0  99   1  99   2  96   3  96   4  97   5  99   6  99   7  99   8  99   9  99  10  96  11  99  12  97  13  99  14  99  15  98  16  99  17  99  18  99  19  97 
  0  61   1  63   2  60   3  63   4  58   5  64   6  63   7  63   8  60   9  60  10  61  11  62  12  61  13  58  14  61  15  64  16  59  17  58  18  58  19  62 
  0  67   1  58   2  57   3  57   4  59   5  57   6  60   7  64   8  57   9  60  10  59  11  67  12  58  13  57  14  57  15  58  16  62  17  61  18  63  19  65 
  0  87   1  85   2  86   3  87   4  90   5  87   6  84   7  87   8  85   9  88  10  90  11  85  12  85  13  89  14  87  15  86  16  85  17  85  18  89  19  88 
  0  86   1  85   2  86   3  85   4  85   5  87   6  86   7  85   8  86   9  86  10  86  11  87  12  87  13  86  14  87  15  85  16  86  17  87  18  85  19  85 
  0  68   1  65   2  67   3  67   4  68   5  66   6  68   7  63   8  68   9  67  10  66  11  64  12  68  13  64  14  67  15  62  16  65  17  68  18  62  19  65 
  0  55   1  57   2  54   3  55   4  56   5  53   6  54   7  57   8  56   9  56  10  56  11  53  12  56  13  53  14  57  15  55  16  53  17  54  18  56  19  54 
  0  75   1  74   2  74   3  71   4  73   5  74   6  74   7  75   8  71   9  71  10  75  11  73  12  73  13  71  14  74  15  71  16  71  17  72  18  73  19  73 
  0  69   1  69   2  71   3  73   4  70   5  75   6  75   7  72   8  69   9  68  10  67  11  68  12  68  13  67  14  72  15  75  16  74  17  73  18  71  19  70 
  0  67   1  67   2  66   3  67   4  66   5  65   6  66   7  66   8  67   9  65  10  67  11  66  12  66  13  66  14  67  15  65  16  65  17  66  18  66  19  67 
  0  84   1  83   2  82   3  84   4  86   5  84   6  85   7  85   8  83   9  83  10  86  11  87  12  82  13  82  14  87  15  82  16  84  17  85  18  88  19  83 
  0  97   1  99   2  99   3  98   4  97   5  96   6  98   7  97   8  99   9  97  10  98  11  97  12  97  13  96  14  99  15  99  16  96  17  97  18  96  19  99 
  0  68   1  68   2  67   3  69   4  67   5  69   6  69   7  68   8  69   9  67  10  69  11  67  12  69  13  67  14  68  15  68  16  69  17  67  18  69  19  67 
  0  65   1  64   2  65   3  65   4  69   5  68   6  62   7  64   8  69   9  65  10  61  11  69  12  67  13  61  14  67  15  64  16  66  17  63  18  63  19  62 
  0  53   1  54   2  53   3  52   4  56   5  54   6  54   7  54   8  54   9  52  10  56  11  55  12  55  13  56  14  54  15  53  16  53  17  56  18  53  19  52 
  0  70   1  68   2  68   3  69   4  68   5  70   6  70   7  69   8  69   9  69  10  68  11  70  12  69  13  70  14  69  15  70  16  68  17  68  18  70  19  69 
  0  92   1  93   2  89   3  95   4  91   5  90   6  91   7  89   8  91   9  93  10  93  11  89  12  90  13  89  14  92  15  89  16  94  17  91  18  91  19  92 