21 22 17 14 18 19 17 17 18 19 17 15 14 14 24 18 24 16 20 14 
46 46 47 43 44 46 44 43 43 43 45 44 47 47 47 45 43 46 43 45 
45 45 43 42 41 42 43 44 45 39 39 42 44 43 41 40 44 42 45 41 
10 11 11 9 11 8 7 9 7 9 11 7 7 7 11 7 9 10 9 11 
58 59 58 59 58 61 60 58 64 59 63 60 63 58 60 58 64 59 58 59 
28 28 26 27 28 27 28 27 27 26 28 27 28 26 27 28 27 28 28 27 
11 12 10 9 11 12 11 12 9 12 9 12 11 9 10 10 9 10 12 13 
49 50 46 50 45 49 45 51 48 50 50 48 45 47 47 51 49 50 46 46 
44 44 45 44 45 44 43 43 43 45 44 45 45 44 44 44 43 43 43 43 
56 59 59 60 60 58 57 60 60 57 60 56 57 59 56 59 57 56 58 60 
30 32 32 31 31 30 30 31 32 32 30 30 32 32 32 32 30 32 32 30 
63 60 53 60 53 57 56 59 59 61 53 55 54 60 56 53 62 55 59 56 
29 30 30 31 29 30 29 31 31 29 30 29 31 29 30 31 30 31 31 30 
41 48 43 47 47 50 42 47 45 48 41 49 45 50 41 43 41 47 50 40 
25 23 23 21 22 23 22 24 24 25 24 22 22 24 25 23 24 21 25 25 
36 41 38 38 39 40 36 35 39 39 35 42 36 37 43 38 42 40 37 41 
40 42 44 42 40 42 40 43 41 43 42 41 44 42 40 41 41 44 44 44 
44 43 44 43 42 42 43 43 43 44 42 42 44 44 43 44 42 44 43 44 
60 66 58 68 63 65 67 60 58 63 58 65 59 65 58 65 62 65 59 65 
47 46 47 48 46 48 46 48 48 46 46 47 47 46 47 46 47 47 48 46 