65 55 57 65 57 56 60 59 64 55 55 56 63 65 60 64 59 60 57 64 
33 35 35 31 35 35 34 32 33 34 32 34 32 35 35 33 35 31 35 31 
19 20 21 27 22 26 25 23 27 25 27 24 21 25 19 27 24 27 19 22 
16 12 16 15 13 17 13 15 14 15 12 15 15 13 16 17 15 16 17 11 
54 49 49 50 52 56 58 49 49 55 48 52 51 51 56 52 55 51 56 55 
69 67 70 65 69 67 71 67 62 64 64 71 63 62 64 62 65 67 67 63 
24 20 21 25 17 19 26 27 19 18 20 25 21 18 23 20 18 22 22 21 
72 73 74 70 74 70 73 72 72 74 71 71 74 73 71 71 72 73 73 72 
37 38 38 38 36 37 36 36 36 36 36 36 37 36 38 38 38 38 38 36 
68 61 67 66 62 65 63 64 64 69 63 61 62 66 62 63 67 62 61 68 
29 35 34 29 36 34 36 32 29 34 35 36 29 37 35 36 29 34 36 32 
38 43 38 36 40 41 41 36 40 43 38 44 36 42 41 42 36 38 36 37 
15 14 15 14 15 18 17 15 14 14 17 15 18 16 18 17 16 18 14 17 
38 39 36 37 37 37 40 36 40 40 37 37 39 38 36 38 40 37 39 37 
60 60 59 61 59 60 60 61 59 60 60 61 60 60 60 61 60 60 61 60 
26 24 25 27 26 25 25 28 27 29 28 29 26 24 25 29 25 25 28 27 
19 19 17 17 17 17 20 17 16 19 16 19 19 18 17 20 18 16 17 19 
24 31 23 26 33 25 29 33 32 28 24 26 25 29 24 30 30 28 31 27 
37 35 37 36 38 38 36 35 37 38 38 35 34 36 36 34 37 38 35 36 
11 11 7 9 9 8 11 10 12 11 7 14 14 9 11 10 8 6 7 10 