28 29 27 34 27 34 32 30 30 32 35 28 30 36 36 29 36 33 36 34 
15 14 18 15 15 14 15 15 14 15 18 14 16 14 18 16 16 15 17 16 
75 75 77 76 75 75 77 75 75 76 77 76 77 76 77 77 76 76 75 76 
22 20 21 22 23 19 19 21 21 21 20 16 15 21 21 21 22 20 18 17 
38 38 38 39 41 42 40 38 39 38 38 40 41 41 38 41 40 40 40 38 
38 31 34 31 35 37 29 37 39 34 38 31 37 30 32 33 32 33 31 37 
37 38 36 34 35 37 33 33 35 35 34 32 34 33 37 33 33 36 33 38 
21 21 22 21 22 22 21 20 21 20 22 22 21 20 21 22 21 21 20 21 
26 27 27 25 26 27 25 26 27 25 26 25 26 25 25 27 26 25 26 25 
72 69 73 66 69 69 65 75 74 72 70 66 65 69 65 74 65 67 73 73 
35 33 32 34 32 31 33 33 31 32 31 33 32 31 34 34 35 33 35 34 
13 15 12 12 15 15 15 11 11 15 12 13 9 14 15 12 10 11 13 9 
73 76 76 72 73 72 72 75 74 76 76 73 72 75 73 75 74 72 75 73 
28 27 28 23 23 26 27 27 24 29 27 28 23 29 29 28 26 28 26 27 
22 28 30 26 28 25 21 30 24 24 21 25 25 26 24 25 25 27 25 26 
10 9 6 11 7 11 7 7 9 12 7 11 9 11 8 7 9 11 7 8 
62 64 64 62 62 62 64 64 64 63 64 62 62 64 63 63 63 62 64 63 
7 2 4 2 10 5 10 7 3 12 3 6 8 4 9 9 2 3 2 12 
72 72 73 82 76 82 82 74 74 73 80 82 72 75 72 78 73 75 75 75 
41 38 42 38 41 41 38 40 40 38 38 39 40 41 42 41 38 41 40 41 