33 29 31 30 31 32 32 39 35 36 29 29 30 36 29 34 33 36 31 30 
59 59 59 59 60 59 54 55 58 56 54 58 54 59 58 60 57 60 55 57 
18 20 18 18 20 20 20 20 18 18 19 20 19 18 19 18 20 19 20 18 
21 23 21 19 21 19 23 21 23 21 20 21 23 19 23 20 21 22 20 23 
12 12 12 12 12 11 9 11 13 9 11 9 9 11 13 13 9 11 11 12 
42 36 44 45 40 37 41 42 38 39 41 45 40 39 43 37 40 43 42 42 
63 62 62 61 61 63 62 62 61 62 62 62 62 62 62 61 61 63 61 61 
17 13 15 14 17 16 19 19 15 16 19 17 18 13 13 16 16 17 14 16 
46 53 53 53 47 51 51 50 46 47 50 54 49 48 53 50 55 50 50 54 
48 48 46 53 52 55 46 46 56 48 55 46 53 56 48 56 47 46 51 50 
26 28 27 26 26 27 28 28 28 26 27 26 27 27 28 27 26 26 26 26 
45 45 43 47 48 45 45 46 49 47 47 49 51 46 48 48 45 51 48 51 
84 84 82 83 86 85 85 86 84 86 85 85 83 83 82 84 85 83 86 85 
17 12 13 15 12 13 15 20 16 16 13 22 18 20 15 22 16 22 17 16 
55 49 50 46 53 55 54 49 48 56 47 48 51 47 50 46 56 50 48 49 
18 22 18 15 20 20 19 21 16 17 20 20 23 22 23 16 20 18 21 14 
92 85 93 85 89 93 91 87 85 93 85 89 89 85 85 89 87 91 88 86 
52 45 51 50 46 45 51 49 47 52 48 53 51 48 51 46 53 46 46 52 
41 40 37 41 43 45 37 37 44 37 41 45 44 37 43 41 38 45 43 42 
27 24 19 26 22 21 27 28 20 23 25 28 25 26 25 27 26 26 18 24 