c SAT09-Contest Parameters: unif k=3 r=4.25 v=560 c=2380 seed=1879859331
c Uniform UNKNOWN KSAT Instance k=3, nbc=2380, nbv=560, seed=1879859331
p cnf 560 2380
479 -149 89 0
-191 -348 -369 0
-265 -431 558 0
321 450 -306 0
129 390 125 0
522 462 43 0
169 -258 -185 0
142 492 -92 0
156 -506 -60 0
-17 505 -541 0
397 -112 -51 0
-288 -387 -175 0
51 459 -328 0
-473 404 -529 0
109 91 391 0
-122 -12 -525 0
388 -282 -236 0
-225 212 270 0
115 463 -40 0
-420 -417 200 0
22 474 -555 0
-96 129 35 0
-273 -91 383 0
464 543 454 0
-238 169 264 0
-341 -130 318 0
-131 506 -230 0
64 240 426 0
515 -558 -135 0
-518 -205 -467 0
495 -194 501 0
-189 -365 331 0
114 -536 548 0
415 -169 -439 0
-304 -117 524 0
-417 -270 -523 0
-2 282 -284 0
-400 446 -190 0
-216 -376 456 0
-128 92 -147 0
-267 513 54 0
-187 -65 422 0
-520 185 77 0
279 418 -116 0
-349 -511 -488 0
494 101 172 0
-362 -211 266 0
-215 334 70 0
-214 142 -442 0
384 502 110 0
-432 -64 -490 0
-128 33 -157 0
-410 -523 -210 0
-34 381 495 0
-434 492 92 0
245 84 -496 0
544 305 -401 0
314 -272 -433 0
-309 -345 -82 0
391 -37 331 0
363 -92 323 0
461 90 -322 0
-105 180 -351 0
-298 -519 -228 0
-362 556 381 0
526 -341 -70 0
-84 -409 175 0
-103 244 96 0
334 -133 -477 0
-333 -419 -116 0
95 422 138 0
537 -462 395 0
555 356 219 0
-272 285 -286 0
205 479 -387 0
-302 116 355 0
95 -475 157 0
73 -247 389 0
320 -458 -505 0
246 241 213 0
-199 -548 117 0
-9 114 -208 0
-233 422 -148 0
384 -350 511 0
464 -444 361 0
-211 -49 314 0
541 -377 -245 0
-365 -305 -395 0
476 -359 498 0
559 -506 -546 0
537 305 -395 0
-192 -379 469 0
33 -539 500 0
-229 31 120 0
338 -370 -560 0
-28 -551 2 0
390 -200 202 0
271 382 12 0
62 176 -268 0
-61 413 -328 0
225 389 -128 0
-41 24 -165 0
-348 460 -124 0
-490 151 278 0
400 -464 -208 0
-105 -26 -88 0
324 110 -368 0
-13 -148 -325 0
383 457 359 0
392 -512 -452 0
-525 32 490 0
-144 -248 40 0
-526 -211 -524 0
-385 -229 318 0
455 226 -444 0
6 -113 -399 0
-157 -295 235 0
460 386 315 0
84 -134 -420 0
-339 -41 162 0
121 333 -205 0
-275 -154 -206 0
-343 -29 -214 0
517 482 -50 0
543 97 392 0
-508 425 -185 0
451 431 -469 0
433 -181 -419 0
245 -133 -466 0
-508 10 -471 0
-302 -353 -138 0
-236 -438 74 0
182 -36 407 0
-198 269 -258 0
512 62 -249 0
362 391 157 0
132 558 498 0
355 -17 482 0
-284 -514 449 0
167 -416 360 0
-202 -95 -315 0
-2 83 -456 0
70 -139 80 0
509 179 -356 0
-114 -467 -192 0
-74 -427 -425 0
421 -69 425 0
-523 -214 20 0
-161 -96 -430 0
-406 415 513 0
18 439 -196 0
-66 170 559 0
-98 -528 61 0
44 -515 1 0
31 368 -158 0
-491 346 -60 0
-112 -37 260 0
315 -555 109 0
-269 277 291 0
47 -123 207 0
-173 456 505 0
-500 -81 -338 0
-11 138 374 0
-61 398 304 0
-54 -450 -204 0
458 -233 336 0
-308 -234 -251 0
-168 -102 -266 0
551 -557 -104 0
-516 -91 334 0
-502 -112 24 0
351 162 -159 0
-36 -113 -71 0
53 -145 449 0
-349 -406 -250 0
-175 -411 365 0
-172 205 181 0
185 -130 353 0
117 262 -454 0
-510 555 -122 0
535 -435 22 0
258 -395 527 0
-267 -230 450 0
-37 -428 268 0
449 -4 13 0
-127 -422 371 0
-239 -76 -531 0
88 194 -73 0
340 -89 -409 0
-528 -14 -180 0
96 -12 306 0
-399 450 -58 0
-517 -98 462 0
234 281 -448 0
119 425 386 0
157 -349 -438 0
-550 79 191 0
300 -281 299 0
9 424 -294 0
-417 167 -544 0
325 473 308 0
208 -67 -176 0
-423 406 -314 0
326 -116 -50 0
-500 262 -188 0
99 384 66 0
-362 -428 1 0
-126 520 6 0
-115 -36 519 0
-79 552 -5 0
-25 131 -114 0
-539 471 344 0
-451 333 439 0
-124 109 223 0
-244 -525 81 0
-414 -73 -513 0
182 102 339 0
-2 -353 -80 0
-113 225 362 0
-288 -188 -282 0
-222 373 -120 0
481 257 393 0
467 264 169 0
492 -546 503 0
-42 -394 -482 0
-497 250 -438 0
75 -111 381 0
-366 337 547 0
412 -227 74 0
-186 399 345 0
134 464 31 0
-193 140 436 0
-245 -248 -310 0
-527 -153 -558 0
-362 342 202 0
-520 407 158 0
-205 542 93 0
306 -98 -359 0
-228 7 -518 0
-47 -188 519 0
-514 -164 342 0
237 112 -331 0
75 542 -69 0
18 -105 -118 0
-29 -381 552 0
-45 258 -305 0
-531 25 200 0
287 -431 446 0
-49 -237 -488 0
-216 518 -173 0
-376 455 -427 0
111 -181 -479 0
490 -94 473 0
301 -443 115 0
-330 -327 367 0
-236 157 -255 0
-330 420 501 0
-331 -542 232 0
404 417 508 0
96 -302 4 0
361 -291 370 0
541 351 -89 0
177 -162 -283 0
54 365 -412 0
-441 -29 369 0
292 271 -127 0
8 219 507 0
-90 166 -283 0
85 14 -246 0
-200 372 -309 0
-260 349 -63 0
51 -22 428 0
-15 -91 210 0
68 -149 -183 0
506 -521 -51 0
496 310 281 0
-199 -441 39 0
-188 -266 -234 0
92 209 382 0
75 213 84 0
304 -13 425 0
-64 162 -55 0
-156 67 235 0
-130 398 275 0
-279 -507 -191 0
-383 -304 497 0
68 -474 -102 0
18 288 85 0
242 407 166 0
552 -48 248 0
189 -442 195 0
101 378 -492 0
-543 175 -33 0
-233 474 355 0
-200 -525 284 0
-486 281 -405 0
186 -179 -520 0
482 -59 -212 0
356 -366 -524 0
-350 506 -412 0
526 -143 145 0
-162 492 -334 0
450 -393 -351 0
-38 490 -416 0
4 -58 -519 0
-180 246 -170 0
309 162 -112 0
-131 -189 -508 0
9 125 -389 0
-391 185 342 0
-357 -67 -283 0
433 -8 -271 0
528 -119 365 0
-136 -51 311 0
-240 272 -29 0
-8 14 427 0
-310 327 -334 0
435 -439 458 0
59 -57 -293 0
-549 508 397 0
-313 361 478 0
-64 527 -544 0
428 41 411 0
550 532 -18 0
414 237 -266 0
338 477 -345 0
367 -62 238 0
73 -462 412 0
-53 222 449 0
288 -245 -104 0
37 529 -21 0
-348 161 160 0
-453 504 347 0
108 -197 422 0
-8 -387 112 0
203 371 102 0
-484 -218 299 0
-483 -49 -546 0
-222 -234 -423 0
-503 243 123 0
258 503 496 0
459 494 -504 0
493 -423 -293 0
377 -502 372 0
-144 235 -82 0
181 123 408 0
-168 -478 -422 0
332 -288 336 0
-43 535 201 0
349 -100 171 0
380 -521 -475 0
1 -115 182 0
340 -331 -147 0
-87 258 173 0
-407 -243 544 0
128 205 306 0
-457 -200 -225 0
-547 -335 71 0
423 110 218 0
18 245 -11 0
114 32 227 0
-436 84 134 0
-456 -313 -437 0
151 540 -419 0
544 -262 137 0
456 -410 -7 0
265 -199 518 0
-97 452 -84 0
232 -68 -495 0
-408 364 -147 0
-380 191 -530 0
-305 80 -22 0
276 -450 -528 0
496 -207 -409 0
-491 -60 -365 0
235 -248 414 0
62 -451 -102 0
-178 -31 544 0
-40 197 484 0
-387 301 -149 0
-93 289 247 0
-558 -301 449 0
-361 219 133 0
389 -122 -418 0
71 -459 -131 0
476 -430 4 0
-347 -425 449 0
-489 -380 -80 0
349 124 494 0
-516 226 -375 0
461 -20 496 0
-446 -24 -369 0
64 161 -444 0
-396 -148 -143 0
501 85 512 0
523 -190 -183 0
-6 408 -379 0
502 -514 -325 0
342 -70 -119 0
-12 311 -226 0
-556 115 -172 0
311 366 -208 0
-374 -66 -252 0
165 -551 -523 0
447 -169 -70 0
-460 23 251 0
-312 372 -159 0
-301 -168 300 0
-196 453 138 0
-296 -389 221 0
-299 -524 -135 0
-517 215 3 0
-347 346 108 0
-374 -549 491 0
121 -150 -131 0
-408 -490 -191 0
26 509 475 0
54 -254 -216 0
484 -105 -294 0
38 261 363 0
-556 260 -22 0
549 38 288 0
-448 -213 180 0
502 -456 15 0
82 43 238 0
-173 56 -159 0
-323 -124 -84 0
-312 -193 -112 0
-392 -476 101 0
477 542 524 0
-365 -453 9 0
-496 -197 -131 0
-472 -251 -406 0
-476 417 525 0
321 -139 -401 0
521 238 -64 0
-464 -17 60 0
380 -29 -74 0
-433 112 -381 0
246 518 -443 0
486 -3 257 0
409 -66 -260 0
12 -95 -150 0
-474 -158 313 0
-101 -119 382 0
-416 -406 471 0
-485 262 184 0
-115 -41 -235 0
-378 -214 -173 0
-514 -524 -331 0
-75 93 -44 0
21 -323 -518 0
244 -141 -282 0
476 523 -76 0
96 -408 102 0
-405 -363 96 0
-501 -375 399 0
210 -404 367 0
166 225 -412 0
263 -329 6 0
288 47 348 0
498 258 -552 0
84 178 -551 0
-53 266 -285 0
-17 64 -98 0
-216 -481 -476 0
-403 557 -165 0
-195 -190 175 0
356 -337 -505 0
179 48 -307 0
-313 531 224 0
-501 300 166 0
-487 -152 -173 0
297 -554 -30 0
-135 459 452 0
327 167 437 0
-183 456 -315 0
386 421 356 0
-304 2 -166 0
236 -240 483 0
339 335 -547 0
335 28 -92 0
-291 -23 -455 0
185 -471 496 0
-218 377 -305 0
-28 -548 -29 0
14 -144 33 0
-384 152 474 0
-224 244 284 0
211 -350 398 0
-327 -179 -228 0
-289 10 284 0
107 -365 513 0
-304 -376 311 0
167 41 549 0
52 304 70 0
436 -214 -230 0
487 44 35 0
9 172 -326 0
485 443 -449 0
-404 -186 170 0
-120 53 -490 0
270 -59 -148 0
-308 -432 -541 0
401 -130 430 0
154 -519 -421 0
-34 -173 -313 0
-369 518 335 0
520 261 1 0
-28 -146 -124 0
-176 -288 56 0
-262 -127 -175 0
-536 461 -411 0
38 -318 202 0
540 159 387 0
-139 559 137 0
-14 -143 273 0
-20 301 -181 0
-156 -522 -517 0
231 -393 -60 0
113 222 65 0
165 197 -220 0
-65 156 160 0
517 555 229 0
-81 446 290 0
-132 -144 -513 0
152 288 425 0
257 -186 294 0
-189 -101 168 0
133 -228 -162 0
524 359 -86 0
-315 428 -26 0
549 -220 -135 0
-519 -204 -507 0
-388 61 -98 0
12 -514 -168 0
121 277 525 0
279 24 127 0
453 -482 144 0
-468 -507 26 0
-190 105 -408 0
184 -195 515 0
202 112 172 0
-384 323 160 0
173 -437 36 0
164 500 369 0
-541 314 -452 0
335 -502 319 0
124 -176 447 0
352 402 178 0
130 -103 49 0
-416 463 -205 0
438 -448 -424 0
491 349 -434 0
442 -293 452 0
160 -251 -90 0
-173 329 114 0
-430 -511 370 0
-524 362 -407 0
546 460 -10 0
189 -373 432 0
178 408 120 0
479 513 306 0
-244 -62 -21 0
-281 -195 -284 0
532 -375 -351 0
-247 292 476 0
-56 -400 -263 0
-330 -415 -553 0
-300 441 454 0
-139 77 209 0
-200 -396 550 0
-342 145 55 0
327 -354 216 0
-57 59 -449 0
101 377 -541 0
-44 481 -111 0
-191 -516 -74 0
-183 -395 23 0
322 -5 -15 0
332 -480 -292 0
174 -80 215 0
-4 -84 180 0
530 -558 338 0
-414 98 480 0
-311 -227 400 0
131 293 -107 0
401 -352 71 0
-82 -333 405 0
-99 -210 -116 0
-309 -381 97 0
494 -234 437 0
173 451 -202 0
496 3 361 0
379 -106 -96 0
157 -87 -380 0
198 -410 -539 0
211 3 116 0
64 487 -319 0
-473 187 166 0
239 -126 -300 0
-509 258 368 0
84 -388 -121 0
-291 -555 -250 0
505 -451 -180 0
-413 -378 -184 0
-484 -54 -491 0
417 439 -100 0
-188 183 48 0
496 -34 123 0
443 72 -513 0
-377 388 -57 0
291 332 157 0
168 -262 527 0
-222 -301 289 0
469 398 431 0
236 -227 117 0
-382 -196 -16 0
24 -137 534 0
-35 -6 452 0
198 465 -341 0
385 -22 -81 0
-334 545 -54 0
322 184 363 0
-2 354 172 0
301 -45 403 0
-540 -403 278 0
140 384 20 0
-125 515 240 0
465 155 249 0
503 134 194 0
-373 -204 175 0
138 533 438 0
-399 -334 -310 0
111 255 -473 0
31 492 -403 0
142 -299 -431 0
266 228 530 0
230 108 -162 0
16 72 -538 0
-214 399 -173 0
-270 457 -98 0
-482 335 -41 0
255 112 -274 0
-218 546 -560 0
273 530 357 0
353 456 -75 0
-16 -357 146 0
95 -108 201 0
-479 110 148 0
427 322 -531 0
-539 185 -12 0
-428 257 -377 0
62 -242 -117 0
-549 -301 -500 0
-208 308 -202 0
87 41 54 0
-531 -79 145 0
-69 366 -375 0
192 518 -462 0
380 -262 78 0
406 -83 436 0
498 -58 -74 0
472 409 -453 0
-199 27 -17 0
-52 38 524 0
216 279 255 0
-436 -1 209 0
-136 -216 -397 0
-207 192 190 0
-162 -45 555 0
-313 -377 509 0
-186 264 -318 0
-259 32 438 0
-23 463 318 0
-422 334 118 0
-474 -538 462 0
-362 311 273 0
-537 -522 446 0
437 484 -122 0
-432 160 450 0
-533 148 -94 0
-437 137 520 0
256 380 506 0
-57 174 162 0
-221 279 239 0
98 532 162 0
294 -521 -226 0
-279 -417 139 0
-365 -184 -176 0
273 -379 217 0
-160 269 -559 0
197 469 163 0
77 56 540 0
-295 -390 -322 0
-263 -401 26 0
138 371 -317 0
-277 -101 111 0
-319 145 -121 0
-10 -469 -333 0
405 265 -116 0
-302 476 100 0
481 -185 1 0
285 483 -134 0
554 457 543 0
-132 264 -72 0
126 72 -486 0
-272 -547 -428 0
192 307 22 0
156 23 -477 0
-281 392 -443 0
362 276 -48 0
-45 47 -216 0
-18 -67 521 0
204 -104 168 0
-232 68 -432 0
525 -518 107 0
441 -325 -182 0
402 387 -523 0
-557 462 393 0
120 518 126 0
137 63 331 0
-99 -321 -139 0
403 142 -448 0
-16 270 -544 0
547 -166 291 0
-333 -382 -521 0
4 364 -482 0
-267 -482 553 0
512 -253 485 0
324 -341 415 0
220 -498 -21 0
194 -518 -349 0
-500 204 463 0
-231 -204 -76 0
160 39 327 0
-11 80 -28 0
-407 125 -219 0
244 528 20 0
84 284 -174 0
-416 -198 -274 0
-348 511 232 0
527 199 -443 0
5 -16 14 0
403 -285 385 0
-485 232 134 0
87 -228 -348 0
-14 -539 -405 0
70 548 381 0
120 99 -349 0
303 162 -397 0
-479 216 519 0
-47 317 185 0
-446 11 -340 0
434 -55 -304 0
-454 -118 -21 0
-350 -436 87 0
8 -367 157 0
-486 245 -474 0
327 483 320 0
-225 -274 269 0
296 -234 -64 0
5 -452 -395 0
-362 -91 256 0
70 352 -405 0
-220 -324 -411 0
-227 90 -316 0
-220 -224 -131 0
-160 -379 539 0
-255 -97 41 0
-157 -10 193 0
-512 -6 -319 0
-195 82 89 0
477 145 -499 0
-370 -171 -239 0
-408 -472 316 0
277 -523 -309 0
44 259 -362 0
338 -36 -14 0
-45 -168 289 0
-427 -242 -553 0
-442 -265 -552 0
-125 517 160 0
-170 -37 -420 0
-180 432 119 0
194 297 -324 0
-433 -559 50 0
151 25 -557 0
425 -122 -372 0
511 -445 340 0
544 549 409 0
9 -518 -418 0
557 -181 115 0
-206 344 441 0
-308 147 214 0
-195 -460 477 0
495 -29 -492 0
459 455 511 0
-256 -550 -483 0
195 261 422 0
-268 111 239 0
475 512 -66 0
-391 373 -43 0
295 -479 -338 0
154 72 314 0
-329 -550 188 0
-467 -402 45 0
303 -432 -161 0
-439 -213 180 0
-199 -523 -187 0
-204 -297 -395 0
-421 -26 -161 0
170 -506 -18 0
-516 -1 -253 0
-160 513 162 0
398 95 559 0
59 -231 122 0
-154 -294 333 0
-205 -208 457 0
386 -352 177 0
477 320 -150 0
501 176 292 0
3 28 -545 0
48 88 -395 0
156 40 558 0
462 231 -486 0
-538 29 39 0
-451 205 338 0
-279 378 82 0
351 -432 184 0
46 344 305 0
-97 136 -436 0
-445 -216 245 0
-278 379 -329 0
-308 -137 -508 0
48 -405 -270 0
100 433 -492 0
409 74 465 0
-57 281 -278 0
-335 168 -204 0
-232 110 82 0
-226 -185 415 0
-407 492 -327 0
-239 -20 -258 0
8 -323 504 0
-292 -217 -251 0
220 -479 -15 0
-521 -36 -341 0
-290 -185 538 0
46 -474 -162 0
-335 31 295 0
-289 -198 359 0
-540 -73 212 0
378 433 -250 0
443 -396 -104 0
-213 451 -429 0
-524 -139 365 0
-374 257 -361 0
299 -409 -180 0
22 -394 -419 0
-415 -376 -313 0
-490 -402 -438 0
-6 -551 -137 0
-170 530 -47 0
117 -211 484 0
448 140 83 0
-508 169 81 0
555 297 348 0
-338 -308 -536 0
455 422 -43 0
175 -124 194 0
206 -219 490 0
421 -386 -470 0
30 -131 553 0
-132 199 554 0
338 172 483 0
-108 -506 503 0
66 -359 -519 0
65 -516 326 0
302 397 -450 0
-181 559 130 0
-157 -49 3 0
537 354 -520 0
44 301 -220 0
507 -524 -460 0
173 -81 -431 0
-91 447 129 0
131 518 440 0
-236 -502 -482 0
-42 -121 211 0
-418 99 -554 0
-149 -557 224 0
484 231 277 0
359 34 488 0
-460 383 533 0
40 -416 329 0
-108 494 -512 0
230 -511 -317 0
10 -179 -415 0
-557 -75 -335 0
413 438 512 0
-118 123 163 0
-207 -509 291 0
384 381 343 0
109 -551 159 0
230 138 -280 0
-313 -148 -447 0
-509 -142 -251 0
-163 -172 78 0
219 294 368 0
533 -463 145 0
200 -18 -333 0
-98 559 179 0
111 -324 -237 0
27 191 422 0
432 274 -505 0
-475 -261 -428 0
529 -37 -115 0
488 430 -280 0
-233 -77 -140 0
-26 -261 -28 0
-213 -169 -189 0
-271 462 304 0
-454 -455 482 0
-430 480 -17 0
443 71 342 0
350 40 467 0
-553 385 484 0
470 359 141 0
539 -434 516 0
518 -493 -543 0
126 269 289 0
-394 -353 -175 0
346 -94 -450 0
424 -244 327 0
188 -39 313 0
396 353 44 0
280 363 -94 0
348 63 23 0
-115 -380 184 0
-559 -430 492 0
-59 60 431 0
-493 539 -222 0
273 512 -451 0
-287 -421 -364 0
-252 415 -400 0
302 113 -309 0
464 133 -537 0
-516 363 -25 0
442 -259 -417 0
-346 -425 -229 0
547 -162 -332 0
81 152 118 0
-7 378 -540 0
63 -154 -164 0
-384 -119 150 0
513 -317 -235 0
26 -324 529 0
-305 -515 -345 0
525 356 169 0
129 469 -242 0
-33 -195 309 0
439 -185 -511 0
-84 -129 378 0
-533 321 -460 0
-288 482 -274 0
255 358 -97 0
-319 440 -176 0
96 85 -298 0
137 244 38 0
386 171 -522 0
470 192 -105 0
373 262 366 0
-82 -138 125 0
-69 -144 158 0
457 507 -290 0
512 124 -466 0
-431 92 -531 0
-11 -359 220 0
-22 -185 41 0
-347 -325 -5 0
-201 -253 -100 0
-552 -438 -103 0
540 461 -261 0
261 408 448 0
226 -386 -527 0
44 -346 491 0
-456 415 5 0
181 -70 -321 0
200 -52 466 0
-496 -173 122 0
-150 307 462 0
-380 -159 130 0
190 146 -391 0
-29 -488 77 0
19 525 333 0
-332 -252 -417 0
315 511 470 0
-76 -391 -358 0
128 251 -466 0
-449 -340 116 0
499 35 -524 0
343 -128 191 0
-374 136 488 0
-425 -319 -111 0
-444 148 -412 0
336 149 -540 0
-262 391 56 0
-427 288 73 0
-494 270 54 0
-476 -380 161 0
-325 -22 -307 0
26 323 -399 0
-438 247 266 0
380 257 452 0
470 247 430 0
-520 -344 -107 0
-542 100 549 0
123 202 32 0
-128 107 -500 0
-135 -365 -139 0
229 428 -79 0
-103 -107 364 0
-139 522 -295 0
247 -404 248 0
352 -193 -203 0
390 -428 443 0
231 -6 186 0
432 296 105 0
-386 454 -145 0
13 522 -91 0
535 35 177 0
-349 -461 184 0
-165 -411 -449 0
-491 307 504 0
-525 386 161 0
90 -397 -538 0
41 420 -122 0
-28 99 187 0
394 263 502 0
-31 -163 -392 0
-333 -458 46 0
-183 202 27 0
-87 50 -492 0
174 -354 -465 0
-82 -201 351 0
-6 -514 -293 0
338 85 519 0
302 -165 231 0
-27 421 -279 0
115 260 44 0
-348 -174 -513 0
300 382 270 0
494 386 -363 0
195 459 209 0
-381 538 79 0
-131 71 167 0
211 -315 -290 0
373 -36 -322 0
-254 227 -11 0
-329 199 472 0
-327 142 347 0
-421 -214 30 0
-199 -166 41 0
-72 443 -446 0
-174 284 -520 0
89 -237 123 0
-539 19 -159 0
-136 450 -31 0
-228 -224 401 0
3 -322 -387 0
480 -7 147 0
179 -114 318 0
-245 -69 195 0
-65 -202 533 0
397 57 -261 0
439 360 337 0
-16 72 152 0
400 -283 -531 0
7 339 323 0
251 -286 317 0
191 167 82 0
-495 -458 225 0
-396 -446 532 0
34 -452 -187 0
-123 373 -184 0
394 -326 363 0
-503 -504 304 0
450 232 257 0
-190 182 103 0
295 245 -74 0
-238 -242 467 0
411 -341 250 0
-523 -223 -473 0
-398 -210 -184 0
388 -538 -27 0
-500 -518 269 0
-225 -274 474 0
90 -103 69 0
-232 118 486 0
-194 221 384 0
-221 -512 505 0
42 -339 175 0
280 128 17 0
-397 -103 -131 0
-256 -340 494 0
-164 -487 332 0
-335 -40 -130 0
366 -478 230 0
-129 184 -20 0
259 -77 -192 0
-201 -165 -470 0
558 311 358 0
251 -289 -97 0
-104 -24 457 0
41 320 193 0
-127 -306 520 0
228 -459 -555 0
-418 420 -415 0
104 182 245 0
172 -233 401 0
-442 -258 -259 0
401 176 -464 0
-556 -416 467 0
-372 -227 -139 0
72 -196 241 0
170 4 -309 0
85 189 448 0
431 -414 -298 0
555 332 -103 0
133 -220 478 0
-364 -22 -515 0
70 478 -300 0
-352 249 455 0
-526 -96 111 0
-207 372 11 0
325 -377 182 0
-115 -370 510 0
399 -279 -506 0
-74 -63 209 0
-368 417 280 0
-468 241 -391 0
-55 113 -538 0
533 -363 464 0
424 -220 146 0
-99 -282 132 0
-383 46 324 0
486 -381 -243 0
-101 -175 467 0
-211 -55 -256 0
297 154 -310 0
-19 -326 -196 0
500 467 159 0
-119 365 -161 0
371 41 -242 0
67 92 556 0
506 534 79 0
-360 -289 -338 0
416 -146 189 0
492 -118 -425 0
269 -337 -152 0
-203 -347 -368 0
-345 -444 434 0
521 117 -510 0
413 -305 -330 0
101 483 -439 0
-350 -301 91 0
-325 -159 195 0
-488 -227 58 0
318 50 532 0
293 -486 -325 0
-340 -29 -272 0
166 93 -234 0
-444 -39 -38 0
-189 -458 -526 0
57 503 -473 0
-346 382 -333 0
-493 -128 -262 0
-312 522 255 0
446 353 121 0
-213 17 -160 0
-423 182 -319 0
336 -451 -276 0
-265 297 378 0
-225 -435 48 0
-336 -173 416 0
-282 276 521 0
417 285 -201 0
-459 -28 132 0
-187 -110 373 0
-56 418 -500 0
559 550 -123 0
-308 -247 -286 0
-33 -353 380 0
-466 279 68 0
173 239 351 0
303 -399 -63 0
-242 501 403 0
375 -411 495 0
-91 -237 416 0
460 427 59 0
316 -6 92 0
115 -438 -262 0
-281 155 244 0
361 489 -143 0
342 -374 179 0
-425 -232 -88 0
-498 98 257 0
-96 435 108 0
339 452 507 0
53 75 497 0
-298 188 232 0
-293 477 -545 0
189 151 -331 0
182 -167 -378 0
-107 -402 297 0
-435 139 3 0
338 -540 126 0
-428 45 378 0
-277 -485 -72 0
-556 -173 -360 0
-175 503 -297 0
124 241 -328 0
67 -121 -214 0
486 -498 373 0
-153 -188 -206 0
-234 220 -134 0
122 30 -361 0
169 552 -538 0
-228 -135 313 0
-174 315 -231 0
-348 -340 -80 0
-524 171 -4 0
-349 398 462 0
546 -278 294 0
66 496 269 0
-340 -70 63 0
33 -351 -19 0
-175 -526 148 0
-388 -555 -253 0
136 -197 -139 0
238 521 38 0
457 50 -274 0
-41 435 460 0
432 -156 392 0
-155 167 39 0
256 223 23 0
241 -330 166 0
357 491 211 0
254 117 -508 0
258 475 454 0
-169 -228 -367 0
92 -169 336 0
464 -539 365 0
-224 -271 467 0
-287 -322 28 0
-153 366 -28 0
-70 -218 541 0
12 -127 -279 0
179 -549 -282 0
108 -60 -209 0
-85 -284 -183 0
61 -432 490 0
273 297 491 0
330 517 558 0
-214 246 -535 0
361 -256 -508 0
-397 -130 -288 0
119 1 -399 0
430 40 488 0
-63 143 415 0
-202 177 301 0
-336 133 404 0
525 -421 -378 0
456 -428 73 0
-533 497 -444 0
-233 7 -543 0
533 444 224 0
-527 -250 153 0
86 315 -543 0
309 523 -70 0
-37 -491 -152 0
350 232 -230 0
-520 -83 -23 0
-277 284 62 0
418 -221 -55 0
-225 33 134 0
-69 309 157 0
196 -174 -325 0
514 304 72 0
503 -175 309 0
454 -321 -129 0
-110 -378 498 0
396 -90 411 0
-206 -455 -41 0
315 -455 145 0
159 176 -524 0
373 502 492 0
-164 11 -337 0
-107 -226 -493 0
-528 -248 177 0
-65 -431 255 0
545 -468 258 0
365 -166 -114 0
237 486 222 0
167 -105 -51 0
-247 58 -356 0
-512 380 267 0
259 -499 446 0
-367 -273 -24 0
-150 -123 -45 0
537 -288 -409 0
346 -425 219 0
-242 202 341 0
-233 210 -440 0
-439 -424 -284 0
-174 -199 -293 0
546 408 -244 0
541 -543 -106 0
-269 472 -283 0
150 380 -162 0
481 362 -237 0
-168 173 71 0
-80 341 233 0
-387 -224 -418 0
88 -107 -21 0
-9 -43 61 0
465 501 242 0
493 -63 385 0
-158 -236 508 0
-327 101 -503 0
-141 63 322 0
-463 -352 -303 0
-416 355 -508 0
213 390 -487 0
543 373 -126 0
-205 267 -450 0
-391 254 -196 0
-215 -232 529 0
189 -284 71 0
357 463 136 0
-484 -295 47 0
-218 -537 -59 0
468 -223 -283 0
319 373 -491 0
-253 496 -456 0
-183 -410 10 0
-101 333 139 0
249 -105 186 0
-103 299 -546 0
-359 516 394 0
-365 230 494 0
-111 467 -112 0
275 -92 -272 0
206 221 289 0
174 446 -381 0
540 295 -399 0
449 -262 393 0
-400 -173 486 0
209 257 -75 0
-77 73 -377 0
240 -78 -5 0
201 -425 248 0
-275 -364 19 0
-331 419 -97 0
13 182 134 0
539 -354 347 0
532 251 -450 0
-93 26 52 0
184 -272 -409 0
-537 -540 507 0
156 -487 541 0
307 -261 -348 0
-495 315 -336 0
4 188 -3 0
82 -459 -138 0
176 331 -243 0
377 264 546 0
-228 492 -440 0
-349 -228 -158 0
14 -209 302 0
-317 -80 -20 0
-398 311 473 0
152 -215 123 0
-351 -537 448 0
-248 373 -372 0
243 -31 -216 0
-85 445 -155 0
-130 497 -390 0
439 530 198 0
-549 317 -342 0
476 257 347 0
-556 526 -265 0
237 426 -179 0
232 -434 472 0
-58 -516 -262 0
504 -321 123 0
113 -537 -558 0
-197 75 -407 0
317 -311 -280 0
262 123 153 0
514 -1 -297 0
-381 -241 487 0
38 472 186 0
-366 397 -132 0
339 -454 50 0
285 142 278 0
409 -286 455 0
-327 -335 45 0
-556 462 -527 0
508 -427 207 0
447 480 -217 0
465 295 155 0
403 122 159 0
-138 -17 -547 0
73 289 336 0
-416 -426 250 0
532 -147 -344 0
-455 222 -363 0
-182 535 -540 0
-182 457 551 0
404 454 -181 0
-351 -297 -419 0
-238 267 330 0
-280 10 149 0
216 41 -240 0
345 -437 -353 0
382 -211 81 0
199 383 218 0
534 103 191 0
-532 22 520 0
-43 -344 542 0
-537 -280 482 0
-257 -118 25 0
231 -272 542 0
-26 -310 524 0
-308 -13 -486 0
-228 358 -90 0
-307 399 426 0
200 -421 430 0
-375 355 502 0
394 -325 340 0
-401 -153 -515 0
-478 -29 -126 0
-180 -550 238 0
443 -314 177 0
-556 -504 -417 0
10 291 -456 0
405 -506 -130 0
327 -396 350 0
174 -126 -468 0
-182 -312 223 0
-408 -425 -395 0
383 -134 113 0
398 13 -194 0
307 33 295 0
-174 -404 42 0
-93 -298 -28 0
278 373 -177 0
115 -363 249 0
489 363 -427 0
-462 14 -525 0
-371 -504 -14 0
241 380 -143 0
-538 -12 384 0
335 -255 -274 0
-235 -162 480 0
-302 -183 -399 0
-216 487 133 0
-32 326 -449 0
303 -462 -362 0
119 -351 285 0
406 -2 272 0
224 479 -522 0
-220 161 -36 0
135 273 335 0
-212 -111 -174 0
274 -421 -47 0
-114 -59 -422 0
-84 -12 -66 0
-293 -385 237 0
80 -54 451 0
-25 -246 -439 0
18 -3 -25 0
95 505 -352 0
154 -211 90 0
137 335 -359 0
-417 -389 -270 0
-395 -261 362 0
-262 394 -3 0
-217 -269 -134 0
-313 527 461 0
-312 149 420 0
-409 145 -91 0
-394 -404 559 0
-412 3 82 0
479 -407 482 0
210 -64 375 0
-217 177 332 0
-308 60 392 0
-557 -274 364 0
-135 -190 -167 0
-288 345 -176 0
-275 382 -194 0
-159 -318 -92 0
-277 -393 88 0
346 478 -203 0
86 461 -283 0
30 -468 448 0
4 -42 264 0
-470 -222 530 0
499 -531 290 0
500 104 246 0
476 383 -126 0
485 315 -450 0
99 558 -103 0
-69 -283 456 0
212 387 236 0
-142 -348 535 0
-233 -43 425 0
6 -292 284 0
-531 -435 391 0
265 -166 359 0
165 -552 463 0
-425 -424 123 0
399 251 132 0
-525 -326 356 0
-169 200 153 0
-175 -497 269 0
131 534 -40 0
-282 -225 -9 0
-506 -459 373 0
428 -315 -316 0
64 -224 95 0
399 -65 219 0
469 -543 472 0
-490 -525 128 0
-83 319 -62 0
-304 -4 125 0
-459 -323 336 0
-67 -481 -377 0
-40 -248 -134 0
343 -370 -53 0
175 557 -323 0
-276 -85 -185 0
19 -104 -300 0
330 226 345 0
393 15 -228 0
-74 -423 20 0
191 -407 333 0
136 -282 -291 0
-160 361 -78 0
-184 -271 112 0
265 -340 255 0
313 -95 -162 0
190 219 537 0
-492 9 521 0
436 -556 343 0
-85 293 175 0
-224 434 85 0
-186 332 185 0
-354 -444 -408 0
-449 -549 430 0
552 378 -272 0
478 360 180 0
278 390 259 0
18 -545 -546 0
-148 -318 -304 0
-531 -34 -114 0
390 451 -35 0
-174 -20 -214 0
-186 -420 97 0
-44 378 -262 0
-111 -244 21 0
450 -389 39 0
-409 -175 215 0
-147 59 -11 0
-411 399 -415 0
-351 333 -109 0
392 203 338 0
-84 -454 55 0
86 508 207 0
-299 -12 286 0
-237 -391 -110 0
362 498 162 0
-245 -462 -502 0
247 -157 171 0
-153 421 -46 0
-30 -223 292 0
-361 -274 97 0
-14 119 480 0
432 87 -360 0
-392 -166 -115 0
-399 -494 -5 0
393 -317 -104 0
540 -195 -32 0
-159 -279 -491 0
503 -30 -15 0
319 -289 475 0
477 -99 -413 0
87 -319 -491 0
395 253 -335 0
192 506 -385 0
365 -374 396 0
387 -36 -546 0
-128 -281 -354 0
-235 301 302 0
111 353 154 0
16 -321 -51 0
-118 468 363 0
-41 -527 -376 0
-533 -509 -538 0
349 -183 -144 0
-318 -294 -548 0
234 -222 258 0
-35 515 59 0
321 380 305 0
519 -446 234 0
-478 187 69 0
-554 280 443 0
-240 275 479 0
-523 365 -508 0
141 202 -49 0
54 426 176 0
416 236 385 0
-113 -36 -257 0
-161 194 -2 0
74 -48 168 0
-149 61 -462 0
-509 -406 -452 0
-303 -294 -391 0
-293 -209 -516 0
-67 -353 304 0
-211 -181 -467 0
-507 -398 39 0
-22 -292 -120 0
305 114 -339 0
164 98 520 0
476 -294 -441 0
178 -55 180 0
-304 434 -516 0
-157 -406 214 0
339 -29 334 0
278 -157 -346 0
-211 -425 -538 0
-357 -244 -315 0
224 -460 182 0
-252 -490 -398 0
268 513 127 0
462 -261 -41 0
369 -519 -69 0
252 186 361 0
264 -328 333 0
457 280 465 0
148 183 -131 0
87 -62 552 0
-319 -422 395 0
311 -276 -291 0
-243 89 -37 0
369 -359 -33 0
215 -429 165 0
407 -104 426 0
-491 35 -254 0
-254 512 459 0
-334 172 -258 0
-61 324 189 0
-350 -411 303 0
-390 452 -439 0
-189 -81 474 0
129 246 380 0
505 416 370 0
-196 -79 51 0
-323 55 -304 0
-360 -65 73 0
420 -226 -502 0
-49 -485 -154 0
-509 453 -396 0
-409 383 373 0
397 58 53 0
440 331 17 0
-150 158 530 0
-369 -101 506 0
204 -96 -258 0
152 -80 -555 0
340 -43 -539 0
-382 125 202 0
291 -13 271 0
328 -314 501 0
-331 -106 -303 0
-541 535 192 0
-84 -80 553 0
-303 292 114 0
275 478 305 0
-40 511 485 0
246 -335 490 0
172 -540 -221 0
-533 255 280 0
267 250 23 0
43 -69 207 0
247 -459 -111 0
-548 401 534 0
-499 25 -211 0
-1 -299 102 0
-244 384 -137 0
-306 -482 -404 0
-32 -315 358 0
493 -235 -489 0
-262 364 -180 0
-322 50 177 0
-175 9 126 0
-130 244 28 0
173 338 478 0
293 -196 180 0
2 239 -87 0
-237 -337 -359 0
98 -59 372 0
-382 -47 -392 0
-426 144 221 0
436 266 -273 0
530 54 -194 0
208 -340 72 0
-352 135 -53 0
-363 -90 -539 0
269 -532 529 0
327 -192 244 0
-232 -116 157 0
-162 -81 346 0
-263 51 -94 0
-102 -443 337 0
318 -350 483 0
334 485 -165 0
-77 29 -63 0
290 -523 -117 0
369 -419 -293 0
103 298 -558 0
-487 374 -221 0
493 305 454 0
336 132 523 0
-355 -467 -22 0
-409 248 -17 0
368 -18 354 0
-160 536 -247 0
-271 52 322 0
91 -346 -330 0
-196 492 326 0
-129 -451 314 0
384 -531 -377 0
228 240 490 0
295 -117 -16 0
447 -65 -95 0
-326 -523 369 0
461 188 551 0
88 -92 499 0
-328 40 312 0
-330 -267 16 0
-224 -24 558 0
-461 25 329 0
-94 -235 184 0
205 -405 394 0
300 356 -558 0
367 153 407 0
224 49 396 0
-263 234 114 0
-110 367 -2 0
-112 -364 307 0
278 22 -505 0
20 -175 -415 0
-445 500 55 0
535 -371 -119 0
-543 -113 137 0
-147 533 284 0
36 84 371 0
221 -57 -374 0
213 277 131 0
-395 -66 -459 0
366 -56 213 0
255 -82 -459 0
278 -149 -279 0
446 311 -515 0
-558 554 -295 0
265 497 -439 0
-99 -398 472 0
-73 -415 523 0
-183 65 -11 0
-375 -367 -71 0
-260 -203 95 0
345 214 374 0
477 -314 108 0
465 -126 224 0
-548 -145 -406 0
-457 550 301 0
-180 277 266 0
519 537 -515 0
549 -374 -388 0
251 74 -169 0
50 -24 164 0
-122 409 177 0
-489 298 407 0
-548 -110 511 0
-397 -312 36 0
391 546 -123 0
178 493 -83 0
140 -244 475 0
129 -487 263 0
-175 -77 -11 0
407 197 255 0
-543 -4 -458 0
24 97 475 0
358 473 -281 0
-160 -276 -382 0
350 127 62 0
-306 253 -519 0
396 -189 250 0
-503 146 -331 0
-31 -322 -168 0
-33 372 -503 0
-540 477 559 0
383 418 -325 0
114 154 -123 0
125 -415 460 0
30 539 91 0
-275 171 302 0
-67 -2 135 0
30 34 -507 0
-108 -309 -518 0
544 -141 -389 0
444 301 -295 0
222 -167 285 0
-550 498 179 0
8 -7 -137 0
512 513 508 0
-442 450 -291 0
537 335 -199 0
15 -348 124 0
-557 -454 95 0
-554 307 -385 0
-342 -502 443 0
342 129 -120 0
-441 -514 -86 0
195 208 86 0
-119 348 -25 0
119 -439 37 0
-293 -181 495 0
188 434 44 0
-219 42 -326 0
168 -206 309 0
-127 -36 -488 0
-327 450 -82 0
247 -200 -411 0
79 480 -495 0
248 129 56 0
-124 304 188 0
-232 -452 -462 0
506 -242 -268 0
-389 161 -467 0
553 197 48 0
558 435 331 0
-533 -17 -124 0
397 -67 -215 0
171 121 -351 0
-427 182 465 0
-315 402 -204 0
-252 175 -41 0
187 368 -517 0
-28 -66 -459 0
-177 200 -388 0
28 8 332 0
-42 388 -291 0
515 306 171 0
345 389 348 0
266 -52 -322 0
11 22 219 0
229 375 477 0
-484 -23 -193 0
-490 392 387 0
45 -142 558 0
-536 -253 -25 0
-350 -173 -309 0
-270 520 -461 0
-486 130 149 0
-495 -48 290 0
-541 53 262 0
145 330 215 0
406 -311 -216 0
-518 -41 -457 0
43 -383 469 0
135 -377 123 0
-264 128 -25 0
112 -266 236 0
72 62 -280 0
-303 -351 412 0
237 -149 -173 0
-131 538 469 0
41 433 442 0
-227 301 66 0
247 -343 493 0
-297 -180 -222 0
156 -229 50 0
-136 -158 396 0
-116 551 -351 0
437 -425 -75 0
-413 -526 257 0
-385 -539 547 0
191 119 131 0
-386 -17 -103 0
-433 405 -198 0
94 -292 -83 0
247 401 520 0
-255 -510 497 0
-328 -326 139 0
-152 408 309 0
476 -95 -462 0
-196 84 374 0
424 193 -441 0
-453 452 -552 0
86 42 140 0
-538 194 263 0
-249 -244 -494 0
-375 -125 170 0
-137 213 -280 0
59 -349 298 0
451 543 -347 0
-180 143 368 0
481 434 190 0
-50 105 -355 0
467 189 -513 0
183 201 -488 0
411 24 531 0
71 14 495 0
-547 530 -246 0
476 -176 408 0
31 531 195 0
219 -6 39 0
-73 -427 -53 0
-290 -345 131 0
23 184 151 0
327 -61 413 0
-196 -301 -314 0
-177 448 -473 0
405 540 461 0
-220 -157 122 0
435 489 -186 0
-190 -413 23 0
268 552 243 0
96 -105 -276 0
-185 489 340 0
-90 -499 -148 0
360 -507 -267 0
-378 -169 131 0
272 -498 -301 0
382 149 267 0
-362 142 375 0
425 67 386 0
-340 -309 -12 0
-359 104 -99 0
509 329 231 0
-26 -392 -332 0
-457 -381 -7 0
-297 -410 294 0
483 -144 -387 0
430 162 -434 0
234 -424 66 0
273 392 -486 0
-299 -185 -268 0
9 217 394 0
172 -286 -389 0
504 26 -448 0
-532 390 118 0
121 -277 219 0
-19 438 -63 0
-323 267 -280 0
7 348 -233 0
-330 -514 -102 0
288 -373 -50 0
290 259 -304 0
439 -556 -113 0
-241 -498 -152 0
263 -374 80 0
-288 137 372 0
-132 -255 -270 0
-151 64 -294 0
-422 296 -3 0
-528 -369 483 0
-256 -311 20 0
170 -271 -273 0
-27 8 -512 0
295 228 135 0
3 537 -391 0
135 65 -154 0
-326 -360 202 0
458 408 548 0
-335 -46 -20 0
197 -123 507 0
405 40 525 0
-554 516 327 0
-425 -385 130 0
71 95 465 0
-296 -136 274 0
-372 162 -28 0
44 -418 375 0
157 409 511 0
-353 -442 137 0
1 -448 292 0
-218 280 -514 0
-506 -329 -558 0
547 -382 -135 0
373 353 375 0
41 362 511 0
90 196 548 0
-116 -147 -296 0
27 298 -117 0
181 -359 183 0
463 548 -151 0
-357 -107 49 0
142 27 48 0
433 44 -484 0
-41 89 77 0
11 493 -243 0
-497 322 -33 0
137 534 -462 0
-485 97 -504 0
128 123 383 0
487 -179 392 0
-502 461 371 0
74 -107 110 0
69 -343 3 0
-185 271 347 0
507 -488 132 0
547 -87 337 0
381 405 457 0
-496 -549 131 0
5 -123 -63 0
-369 -183 -135 0
55 387 -8 0
39 -13 -316 0
-398 435 -529 0
378 320 249 0
-410 -392 -354 0
345 87 549 0
336 -483 471 0
-258 489 135 0
-137 -431 -452 0
-280 177 -333 0
77 -378 -290 0
259 395 413 0
-419 53 242 0
-245 -139 276 0
-235 -332 -106 0
-382 221 -346 0
-6 15 -225 0
145 -537 431 0
-385 37 230 0
-554 307 -315 0
429 -35 336 0
40 424 181 0
480 -172 -523 0
115 157 310 0
464 290 -68 0
63 181 -26 0
478 -297 118 0
-430 -243 -494 0
84 552 -200 0
-66 43 314 0
-399 47 473 0
-534 136 171 0
-187 -290 -81 0
-74 272 404 0
365 13 -263 0
-519 -142 120 0
76 -444 -364 0
-464 94 -420 0
417 -339 -558 0
38 -90 -211 0
-377 -454 -173 0
-12 -106 -461 0
-510 -460 558 0
218 252 543 0
177 -51 -72 0
60 430 406 0
525 292 -313 0
540 -556 -305 0
-198 -408 517 0
138 411 -401 0
450 369 412 0
362 72 448 0
-285 86 -306 0
-273 352 -393 0
-510 442 159 0
281 -182 -368 0
-304 411 -263 0
200 -165 266 0
116 -414 -98 0
215 -216 406 0
379 -424 -216 0
35 -401 335 0
182 90 -260 0
256 -333 281 0
-355 476 -32 0
-386 -448 411 0
-480 -62 -330 0
423 371 -298 0
307 444 -103 0
-509 -100 468 0
-186 -542 -176 0
-278 222 -74 0
559 -37 514 0
-290 -422 -2 0
-290 234 233 0
-490 492 47 0
373 -344 -372 0
-119 302 -107 0
-498 -93 229 0
-170 -196 -156 0
-263 -83 -557 0
301 454 403 0
-502 76 -115 0
498 -20 -412 0
126 -207 -424 0
190 447 -320 0
-402 -251 145 0
1 54 -329 0
260 -221 -297 0
527 92 -184 0
535 82 -86 0
303 -462 222 0
88 132 -299 0
-310 -166 276 0
-42 -324 -416 0
-89 320 251 0
13 332 -548 0
-520 216 -551 0
512 495 58 0
470 -110 329 0
-156 369 493 0
-400 295 257 0
-463 -346 -426 0
83 492 -45 0
554 -371 280 0
-302 -226 282 0
492 423 -509 0
481 -32 529 0
-42 -275 -70 0
-522 -273 166 0
470 -427 -17 0
-295 -270 174 0
-276 -69 -361 0
-205 89 -376 0
-238 221 -109 0
-502 294 -155 0
517 -258 -45 0
-444 527 -67 0
550 169 190 0
237 321 377 0
-283 -449 126 0
-327 492 308 0
456 -296 143 0
-189 75 -210 0
-342 -131 -343 0
-532 -265 82 0
462 473 -432 0
-369 410 -190 0
468 124 -177 0
246 220 -60 0
-324 -68 -451 0
419 557 186 0
-551 196 99 0
-393 -205 549 0
-290 -338 51 0
510 -429 403 0
-166 -112 -33 0
30 -291 -424 0
-51 397 211 0
76 -60 -449 0
251 484 -415 0
-438 26 -182 0
286 81 -437 0
-406 199 183 0
-68 -350 112 0
-236 77 482 0
-484 511 -348 0
8 343 -90 0
33 -147 -178 0
82 27 -372 0
110 -500 207 0
-117 220 80 0
-199 81 -177 0
-201 -106 -441 0
115 -530 -394 0
-279 388 -129 0
79 164 311 0
-305 332 492 0
-556 -157 479 0
-386 559 -174 0
136 334 -110 0
558 -147 486 0
-405 407 -56 0
-124 -470 154 0
317 -421 335 0
-146 -487 -433 0
381 -225 32 0
424 -381 -52 0
49 -488 455 0
-345 -61 -526 0
-239 -305 30 0
202 48 378 0
-15 516 512 0
271 -183 518 0
-281 -289 508 0
-176 -365 -352 0
99 -244 419 0
-225 303 -269 0
188 -255 178 0
447 -515 240 0
429 89 336 0
67 434 -20 0
-372 165 -425 0
-368 -413 422 0
275 -489 -484 0
132 23 25 0
-101 -233 401 0
-266 497 -326 0
-303 413 -196 0
186 23 139 0
282 -298 490 0
-103 413 4 0
-28 466 -139 0
-325 365 37 0
453 471 -336 0
-421 319 361 0
481 -278 240 0
-28 549 230 0
-165 -8 -173 0
529 266 -539 0
488 -98 559 0
494 -362 253 0
491 -308 -213 0
47 -532 -346 0
-98 208 -194 0
404 -27 -367 0
-399 -504 511 0
-242 477 362 0
526 -507 461 0
81 -46 -362 0
476 -361 -147 0
-527 -467 186 0
-108 -300 416 0
-153 508 319 0
-391 408 -129 0
-116 -415 546 0
-83 546 424 0
408 -38 554 0
247 -276 246 0
-44 434 -513 0
100 46 -545 0
-514 545 57 0
-110 -378 50 0
-41 519 -492 0
-350 -281 -426 0
225 302 -479 0
-303 -353 372 0
134 -313 69 0
323 99 -425 0
486 -5 438 0
-441 395 -373 0
-468 -186 402 0
-110 -478 487 0
-224 -95 -531 0
-352 -175 103 0
-227 -154 -165 0
375 -81 -334 0
-557 -458 -304 0
-461 73 289 0
-516 -501 -437 0
181 -26 -164 0
301 264 -538 0
304 480 449 0
-25 190 345 0
141 -559 -430 0
-124 -537 -385 0
340 118 506 0
80 -69 450 0
-222 307 11 0
-330 -392 233 0
-203 -312 -506 0
320 261 -329 0
-532 -456 -408 0
-557 260 481 0
395 423 19 0
-487 -450 -401 0
374 -121 37 0
-281 297 48 0
-522 -214 347 0
-492 -386 407 0
448 -66 -11 0
173 -67 458 0
182 -111 -354 0
-64 203 -537 0
-412 171 262 0
-82 350 -488 0
-54 183 -394 0
223 257 495 0
-492 366 -275 0
-124 250 364 0
-310 102 -32 0
-458 -130 -205 0
160 -540 -201 0
-467 -471 267 0
-54 312 -124 0
-256 -559 532 0
387 -116 -510 0
-480 188 -527 0
-373 521 145 0
-469 -58 502 0
-335 -54 555 0
-364 -455 337 0
-239 -514 155 0
-254 353 251 0
-442 -136 -380 0
120 275 -487 0
-198 -90 209 0
497 121 312 0
-371 243 -219 0
100 92 -39 0
-313 -65 -331 0
297 281 61 0
251 -377 -448 0
-88 133 -421 0
263 452 -196 0
-266 -89 -536 0
-321 388 98 0
-531 447 -160 0
-475 -32 17 0
-400 413 -74 0
221 -556 109 0
-169 243 -470 0
-446 -129 228 0
106 536 -191 0
30 272 -321 0
-489 124 -291 0
455 101 -478 0
451 -112 334 0
262 -354 -301 0
-481 -264 -358 0
-223 116 153 0
-411 -148 -263 0
86 111 272 0
-414 193 -425 0
-29 -506 26 0
485 224 201 0
52 70 358 0
-264 -485 80 0
-258 -170 -141 0
384 379 462 0
72 -93 427 0
112 344 117 0
-513 -24 -195 0
-75 38 343 0
277 -347 496 0
499 -74 303 0
-324 -418 36 0
248 -354 426 0
376 440 183 0
-31 -390 -554 0
-65 -332 -523 0
-78 -490 -393 0
468 -514 -353 0
-249 319 22 0
-352 -402 429 0
506 -328 72 0
-352 16 84 0
246 490 254 0
18 -450 71 0
-279 524 -44 0
515 326 -265 0
12 -546 337 0
-436 -62 -222 0
-87 -257 16 0
-448 190 -415 0
243 -222 91 0
404 543 -131 0
